probe,ke,target,consthA,constErrhA,slopehA,slopeErrhA,consthN,constErrhN,slopehN,slopeErrhN,constINCL,constErrINCL,slopeINCL,slopeErrINCL,constGeant4,constErrGeant4,slopeGeant4,slopeErrGeant4
2212,1.825,1000060120,0.25722,0.430375,0.231502,0.435417,0.373763,0.586684,0.366685,0.49748,0.498517,0.745918,0.488329,0.568484,0.402294,0.626423,0.399988,0.518225
2212,0.075,1000080160,0.198526,0.349287,0.152295,0.410267,0.544132,0.814806,0.536011,0.605688,4.5418,12.1095,3.1186,4.52913,2.45636,4.52156,2.06824,2.43399
2212,0.075,1000060120,0.29403,0.47596,0.266918,0.443192,0.56293,0.839373,0.552305,0.616916,4.07009,10.0647,2.91913,4.0627,2.44813,4.57563,2.06258,2.44637
2212,0.325,1000080160,0.167173,0.315766,0.133973,0.429254,0.422459,0.644877,0.416721,0.523708,1.08722,1.65056,1.04084,1.09301,0.822604,1.22109,0.800724,0.839165
2212,0.575,1000080160,0.182218,0.337258,0.157415,0.434204,0.346439,0.551665,0.339647,0.484972,0.744818,1.10231,0.730492,0.771771,0.516187,0.773662,0.506917,0.582578
2212,0.825,1000060120,0.244692,0.413998,0.21655,0.430956,0.34545,0.547253,0.332116,0.477143,0.576845,0.858889,0.565717,0.627397,0.417821,0.644354,0.410982,0.521589
2212,1.075,1000060120,0.249805,0.420198,0.222263,0.432094,0.348899,0.551118,0.33449,0.477435,0.525759,0.786889,0.515781,0.588892,0.369617,0.581844,0.36358,0.496637
2212,0.575,1000060120,0.218105,0.376918,0.179969,0.418311,0.412663,0.63608,0.403201,0.515449,0.718712,1.06403,0.702873,0.745594,0.551671,0.825161,0.543372,0.61124
2212,1.075,1000080160,0.214736,0.381677,0.202071,0.443899,0.259296,0.437656,0.247031,0.449448,0.527496,0.790066,0.517493,0.590478,0.29948,0.486137,0.279668,0.452705
2212,0.325,1000180400,0.125862,0.215508,0.11746,0.232878,0.292624,0.428771,0.290674,0.321982,0.607403,0.879167,0.598659,0.608757,0.557755,0.804865,0.550845,0.559781
2212,0.575,1000180400,0.127552,0.219216,0.12279,0.237053,0.217379,0.331847,0.21396,0.271387,0.384633,0.557568,0.385302,0.401948,0.3068,0.448382,0.304265,0.332041
2212,0.075,1000180400,0.21851,0.331749,0.212281,0.268674,0.42731,0.61563,0.424229,0.435973,2.58202,4.94037,2.14594,2.58005,2.31507,4.22738,1.97726,2.3136
2212,0.825,1000260560,0.10629,0.193969,0.105966,0.240686,0.120305,0.207964,0.110268,0.230626,0.239285,0.360625,0.237287,0.285834,0.166173,0.263654,0.154195,0.238702
2212,1.075,1000260560,0.0957738,0.181159,0.0962739,0.243037,0.108366,0.195419,0.104255,0.236686,0.197381,0.307617,0.19624,0.263682,0.122899,0.207133,0.10182,0.219808
2212,1.575,1000060120,0.263891,0.440068,0.240722,0.439612,0.354146,0.559507,0.343267,0.483748,0.49245,0.741896,0.481671,0.564429,0.374306,0.588756,0.37003,0.500993
2212,0.825,1000180400,0.131572,0.22601,0.131841,0.242917,0.157802,0.255391,0.150518,0.241002,0.290237,0.431038,0.294619,0.328792,0.206488,0.316188,0.199178,0.261179
2212,1.825,1000180400,0.0902596,0.171977,0.08394,0.237045,0.151426,0.251244,0.153842,0.249489,0.208377,0.329131,0.222662,0.287717,0.117559,0.201563,0.0982613,0.221411
2212,1.825,1000260560,0.0700337,0.148226,0.0718733,0.255232,0.114,0.205778,0.118948,0.246425,0.169271,0.276648,0.177749,0.262555,0.0754183,0.145064,0.041315,0.215163
2212,0.825,1000080160,0.203612,0.367363,0.190474,0.44339,0.280432,0.466728,0.271368,0.458625,0.589296,0.875742,0.579977,0.639136,0.357176,0.561456,0.342398,0.480704
2212,1.325,1000260560,0.0836241,0.164448,0.0811931,0.243041,0.1024,0.187565,0.0967022,0.235573,0.17773,0.283226,0.178475,0.256745,0.0957955,0.171532,0.0661813,0.212855
2212,1.325,1000180400,0.117002,0.206795,0.114512,0.238441,0.136941,0.230551,0.131872,0.238117,0.213217,0.331792,0.222114,0.283353,0.132468,0.219791,0.114126,0.223643
2212,0.325,1000260560,0.121417,0.211242,0.116122,0.235741,0.246955,0.370314,0.244568,0.290159,0.51787,0.746296,0.512052,0.520825,0.483834,0.696629,0.479115,0.488346
2212,1.075,1000180400,0.114881,0.202581,0.110638,0.23646,0.141081,0.23449,0.134364,0.236893,0.241752,0.36796,0.248465,0.297873,0.157367,0.25239,0.143883,0.234413
2212,0.075,1000260560,0.223396,0.337675,0.217926,0.27197,0.391916,0.566237,0.389759,0.404637,2.26201,4.0928,1.94237,2.26063,1.83803,3.09829,1.64583,1.83696
2212,1.575,1000080160,0.218812,0.38635,0.205707,0.44334,0.281357,0.472266,0.282962,0.470505,0.483614,0.729804,0.474205,0.55968,0.312513,0.505422,0.29763,0.4628
2212,1.325,1000060120,0.249105,0.419121,0.220926,0.431359,0.32578,0.521334,0.310572,0.466967,0.498651,0.746014,0.487649,0.567188,0.415149,0.640667,0.408126,0.51979
2212,0.325,1000060120,0.219229,0.37771,0.179648,0.416878,0.471917,0.714665,0.461996,0.551567,0.977982,1.46714,0.943493,0.986229,0.85738,1.27547,0.83252,0.871002
2212,1.825,1000080160,0.218513,0.387942,0.206475,0.445617,0.301931,0.49825,0.301267,0.474808,0.511219,0.768449,0.501857,0.579554,0.334402,0.534967,0.324771,0.47665
2212,1.575,1000260560,0.0720967,0.149253,0.0683536,0.247517,0.104196,0.191744,0.105068,0.242123,0.168724,0.273827,0.17235,0.256802,0.0839172,0.156161,0.0525551,0.213984
2212,0.575,1000260560,0.116357,0.207115,0.116581,0.241419,0.175563,0.278872,0.171522,0.250794,0.322738,0.470698,0.320626,0.345381,0.262384,0.389321,0.258556,0.298379
2212,1.325,1000080160,0.231465,0.405388,0.225137,0.451814,0.280481,0.470136,0.278678,0.466748,0.50247,0.755703,0.491944,0.571781,0.306166,0.496355,0.290812,0.459613
2212,1.575,1000180400,0.101531,0.187029,0.0976341,0.237516,0.137415,0.232323,0.13518,0.241275,0.217813,0.340326,0.229962,0.290398,0.123629,0.20876,0.103904,0.221363
2212,0.125,1000080160,0.184578,0.333332,0.143351,0.416243,0.461322,0.70119,0.452711,0.546231,2.22832,4.00898,1.91977,2.22691,1.40494,2.21829,1.30923,1.40498
2212,1.875,1000060120,0.269128,0.446018,0.244913,0.439581,0.375885,0.590288,0.371191,0.501148,0.507803,0.762595,0.497396,0.575534,0.41134,0.637864,0.408331,0.522454
2212,0.625,1000080160,0.195454,0.356071,0.178778,0.440378,0.329645,0.530665,0.323912,0.479063,0.717256,1.06219,0.701836,0.744848,0.448707,0.682511,0.436918,0.534259
2212,0.375,1000080160,0.172502,0.323704,0.143473,0.431964,0.431,0.661897,0.424403,0.529686,1.0086,1.51894,0.971305,1.01676,0.758247,1.1232,0.740235,0.780534
2212,0.125,1000060120,0.240532,0.403808,0.201976,0.419259,0.472558,0.715377,0.462382,0.551674,1.96015,3.3707,1.73444,1.95905,1.43236,2.26929,1.33253,1.43314
2212,0.875,1000060120,0.245752,0.414731,0.21622,0.429668,0.330546,0.526842,0.314227,0.467603,0.547283,0.817514,0.536565,0.604666,0.398467,0.617964,0.389647,0.508361
2212,1.125,1000060120,0.250492,0.421424,0.223967,0.433228,0.3372,0.536554,0.323418,0.473156,0.508984,0.764065,0.498591,0.576332,0.396908,0.616151,0.391096,0.510425
2212,0.625,1000060120,0.224488,0.384569,0.187381,0.419187,0.390261,0.6063,0.37964,0.501835,0.669054,0.990973,0.655432,0.702812,0.517144,0.777929,0.509696,0.586392
2212,0.375,1000180400,0.129472,0.220688,0.122417,0.234878,0.267872,0.397001,0.265237,0.303537,0.549584,0.793118,0.543184,0.552211,0.502505,0.723794,0.497227,0.506131
2212,1.125,1000080160,0.203477,0.367301,0.190596,0.443678,0.273751,0.459286,0.268965,0.461035,0.532622,0.797438,0.522414,0.594207,0.326201,0.521637,0.310501,0.466585
2212,0.875,1000180400,0.125296,0.216987,0.122026,0.238368,0.14674,0.241073,0.137895,0.236256,0.271483,0.406017,0.276048,0.315276,0.189186,0.293626,0.180219,0.251065
2212,0.125,1000180400,0.153412,0.247054,0.138894,0.232172,0.351272,0.509487,0.349435,0.369219,1.31439,2.0475,1.23578,1.31498,1.17652,1.80024,1.11856,1.17706
2212,0.625,1000180400,0.132273,0.226818,0.132021,0.242557,0.198343,0.307294,0.194264,0.260727,0.363871,0.528677,0.36503,0.384156,0.271409,0.401147,0.268015,0.305005
2212,1.625,1000060120,0.260284,0.435196,0.235735,0.437557,0.36209,0.570637,0.352795,0.489315,0.490068,0.738125,0.479493,0.562756,0.404379,0.628676,0.405305,0.522237
2212,0.875,1000260560,0.0987953,0.184211,0.0968225,0.239906,0.11401,0.199781,0.102309,0.22879,0.227307,0.345189,0.225697,0.279017,0.153072,0.246715,0.138707,0.232244
2212,0.125,1000260560,0.149957,0.242642,0.134662,0.230528,0.332003,0.483514,0.330571,0.353737,1.18934,1.8227,1.1297,1.18997,1.03396,1.5552,0.993873,1.03468
2212,1.875,1000080160,0.201438,0.364544,0.184915,0.440832,0.299667,0.494137,0.29612,0.470861,0.504224,0.758531,0.494535,0.574063,0.318433,0.511902,0.302909,0.463845
2212,1.125,1000260560,0.0861194,0.167297,0.0816699,0.240255,0.101658,0.185902,0.0937755,0.233381,0.190782,0.298957,0.189251,0.260045,0.11469,0.196381,0.0906792,0.216746
2212,0.875,1000080160,0.197515,0.358339,0.17891,0.438494,0.281727,0.468993,0.274076,0.460535,0.570197,0.849316,0.560532,0.623577,0.355607,0.559765,0.341448,0.480693
2212,0.375,1000060120,0.210662,0.364607,0.167306,0.413441,0.461994,0.700908,0.451348,0.544144,0.906844,1.35113,0.880573,0.919832,0.792874,1.1755,0.772972,0.811956
2212,1.625,1000080160,0.208431,0.372556,0.193905,0.441527,0.291422,0.483615,0.289058,0.469218,0.487092,0.734525,0.476569,0.560946,0.315165,0.508855,0.300425,0.463913
2212,0.625,1000260560,0.113974,0.204399,0.114939,0.242154,0.163128,0.262392,0.157953,0.244715,0.305685,0.44754,0.304007,0.332357,0.236137,0.354856,0.231016,0.280137
2212,1.375,1000080160,0.201666,0.362182,0.181514,0.435985,0.287154,0.480475,0.289956,0.473713,0.491605,0.740863,0.481054,0.564123,0.334174,0.532989,0.321159,0.472723
2212,1.375,1000060120,0.255225,0.427513,0.229027,0.434432,0.344233,0.546546,0.332648,0.478586,0.502956,0.756191,0.492149,0.571764,0.384535,0.600418,0.376657,0.502113
2212,1.375,1000260560,0.0865533,0.168469,0.0841354,0.242271,0.104988,0.191559,0.102034,0.238078,0.173809,0.279214,0.175128,0.256161,0.0899651,0.163708,0.0581411,0.212025
2212,0.375,1000260560,0.115817,0.204106,0.111117,0.235756,0.228621,0.345952,0.225365,0.277797,0.464573,0.66805,0.461308,0.471032,0.428352,0.616757,0.425189,0.436722
2212,1.875,1000180400,0.0958706,0.180066,0.0931236,0.239405,0.147343,0.246049,0.148502,0.247241,0.218146,0.343299,0.235332,0.296875,0.122282,0.207604,0.103902,0.222567
2212,1.625,1000180400,0.101141,0.187233,0.0996416,0.240014,0.142693,0.239831,0.142863,0.245,0.205871,0.32452,0.21776,0.283327,0.119507,0.203271,0.0986375,0.219902
2212,1.125,1000180400,0.125099,0.218268,0.12576,0.242589,0.136181,0.2288,0.128573,0.235417,0.230469,0.353455,0.238103,0.291854,0.156171,0.25079,0.142656,0.23396
2212,1.875,1000260560,0.0687733,0.147153,0.0727238,0.258567,0.123173,0.219232,0.133392,0.252783,0.163077,0.268672,0.17105,0.259733,0.0746703,0.144682,0.0425089,0.217364
2212,1.625,1000260560,0.0758328,0.156218,0.0789552,0.252993,0.109371,0.199424,0.113989,0.245783,0.165553,0.269868,0.169563,0.25599,0.0854082,0.158513,0.0553229,0.214812
2212,1.375,1000180400,0.108954,0.196402,0.105708,0.237536,0.137674,0.232006,0.132655,0.238649,0.212411,0.331763,0.221314,0.283393,0.126887,0.212396,0.106842,0.22124
2212,0.175,1000080160,0.16214,0.303547,0.114934,0.415529,0.448598,0.684988,0.441814,0.540235,1.60351,2.60619,1.4684,1.6036,1.15282,1.762,1.09704,1.15557
2212,1.925,1000060120,0.27152,0.449486,0.246545,0.439834,0.354653,0.559551,0.342541,0.482579,0.511984,0.768592,0.501722,0.5788,0.369675,0.582467,0.364723,0.497928
2212,0.425,1000080160,0.187028,0.343295,0.163192,0.434167,0.398978,0.617618,0.391884,0.509767,0.935791,1.39787,0.906667,0.947151,0.663924,0.983491,0.650518,0.698492
2212,0.675,1000080160,0.191523,0.350082,0.171727,0.43756,0.306648,0.500346,0.297105,0.466581,0.667582,0.987632,0.657061,0.704582,0.435046,0.663373,0.423817,0.525918
2212,0.175,1000060120,0.226192,0.386186,0.184424,0.415589,0.472586,0.715801,0.463063,0.55251,1.44925,2.3008,1.347,1.45071,1.15959,1.77253,1.10416,1.16339
2212,1.175,1000060120,0.256181,0.428967,0.230425,0.435119,0.330945,0.528372,0.316814,0.470182,0.495623,0.741561,0.484702,0.565327,0.375797,0.590898,0.372359,0.502616
2212,0.925,1000060120,0.239393,0.407185,0.209945,0.429111,0.346251,0.548704,0.333816,0.478501,0.545046,0.814235,0.534327,0.602885,0.390344,0.607026,0.384867,0.506928
2212,0.675,1000060120,0.222111,0.382018,0.185432,0.419639,0.376953,0.588496,0.36535,0.493825,0.643691,0.954109,0.631057,0.681568,0.494001,0.745799,0.485452,0.568529
2212,1.175,1000080160,0.212589,0.3794,0.20191,0.445733,0.275985,0.461686,0.268606,0.459191,0.514294,0.772231,0.504071,0.580707,0.315335,0.506906,0.29821,0.460774
2212,0.425,1000180400,0.128825,0.220057,0.122208,0.235251,0.261303,0.388578,0.258593,0.299062,0.49929,0.719379,0.494593,0.50375,0.430144,0.619412,0.426838,0.438283
2212,0.925,1000180400,0.125368,0.217885,0.124358,0.240758,0.139533,0.232396,0.130504,0.234601,0.264943,0.397733,0.269754,0.311096,0.184303,0.287262,0.174762,0.248316
2212,0.175,1000180400,0.130206,0.216788,0.111932,0.2232,0.324161,0.472659,0.322198,0.346704,0.954933,1.42465,0.922119,0.954743,0.897246,1.3308,0.869477,0.896818
2212,0.675,1000180400,0.131632,0.225608,0.131162,0.242002,0.179754,0.283409,0.174002,0.250631,0.336872,0.491555,0.338423,0.361621,0.24997,0.373071,0.245508,0.289541
2212,1.675,1000060120,0.277691,0.458393,0.255729,0.444459,0.354735,0.559547,0.3424,0.482364,0.479513,0.72293,0.469699,0.555915,0.385784,0.603899,0.381708,0.50718
2212,1.925,1000080160,0.21538,0.382858,0.203193,0.444562,0.298484,0.491315,0.293556,0.468529,0.49247,0.742928,0.482633,0.565823,0.33043,0.529972,0.321099,0.475328
2212,0.925,1000260560,0.0986102,0.184538,0.0986234,0.241976,0.11652,0.204195,0.108981,0.232998,0.222138,0.338824,0.220461,0.276099,0.141599,0.23161,0.124947,0.227021
2212,0.175,1000260560,0.119559,0.203206,0.0980642,0.219365,0.295324,0.433415,0.293534,0.324244,0.83262,1.22641,0.811036,0.833129,0.76207,1.11579,0.744822,0.762054
2212,0.925,1000080160,0.204431,0.367482,0.18912,0.44098,0.273394,0.457928,0.265731,0.457996,0.560489,0.836588,0.549892,0.615286,0.343159,0.542803,0.32663,0.472587
2212,1.175,1000260560,0.0903172,0.174052,0.0905454,0.243936,0.107352,0.193211,0.100307,0.233724,0.18761,0.29551,0.186608,0.259357,0.106687,0.185916,0.0805199,0.214848
2212,1.675,1000080160,0.215708,0.385572,0.208863,0.450483,0.295603,0.488208,0.291818,0.468896,0.487112,0.734935,0.477148,0.561685,0.317015,0.510525,0.302387,0.464312
2212,0.425,1000060120,0.21185,0.368128,0.169569,0.414462,0.451497,0.686594,0.442497,0.538894,0.846435,1.25812,0.822707,0.861084,0.710676,1.05181,0.695567,0.738854
2212,0.675,1000260560,0.110682,0.198744,0.108206,0.23824,0.147942,0.243463,0.140859,0.238531,0.282877,0.417427,0.28107,0.315263,0.206113,0.315741,0.198858,0.261051
2212,1.425,1000060120,0.273512,0.453218,0.251885,0.443718,0.33526,0.533587,0.320597,0.471331,0.502505,0.755667,0.491839,0.571627,0.375942,0.590769,0.371385,0.501503
2212,1.425,1000080160,0.223091,0.393712,0.212528,0.446994,0.291171,0.484071,0.290625,0.471152,0.497303,0.744346,0.486754,0.56686,0.310952,0.503903,0.297101,0.463371
2212,0.425,1000260560,0.11348,0.200549,0.105839,0.232935,0.219567,0.335102,0.217597,0.274177,0.423236,0.609085,0.420833,0.432677,0.37805,0.546291,0.375243,0.391263
2212,1.425,1000260560,0.0819491,0.162959,0.0829162,0.24704,0.103819,0.190428,0.101682,0.239088,0.169186,0.273555,0.171124,0.255009,0.088381,0.161626,0.0561758,0.212061
2212,1.675,1000180400,0.101527,0.187844,0.100465,0.240417,0.147488,0.246051,0.148231,0.246817,0.213482,0.334814,0.225751,0.288103,0.119801,0.203687,0.0994916,0.220363
2212,1.925,1000180400,0.0941998,0.17826,0.092121,0.240529,0.151983,0.251267,0.152883,0.247951,0.211633,0.333653,0.226336,0.290083,0.125548,0.212451,0.109906,0.225491
2212,1.175,1000180400,0.114944,0.204688,0.113723,0.239724,0.132924,0.225412,0.127,0.236604,0.226714,0.349258,0.23393,0.289487,0.14525,0.236573,0.129295,0.228673
2212,1.675,1000260560,0.0686819,0.145766,0.068304,0.253662,0.115367,0.208217,0.121881,0.248295,0.16717,0.272869,0.172999,0.258743,0.073846,0.142631,0.038142,0.214449
2212,1.925,1000260560,0.0609201,0.134318,0.0566533,0.255958,0.120604,0.2149,0.127634,0.249062,0.17089,0.277946,0.179473,0.262864,0.0771377,0.149033,0.0492921,0.220293
2212,1.425,1000180400,0.109981,0.198651,0.109997,0.240838,0.138375,0.232091,0.13368,0.238553,0.212812,0.331751,0.22242,0.284053,0.131962,0.219427,0.114203,0.224166
2212,0.225,1000080160,0.177512,0.32858,0.144405,0.426674,0.443118,0.678447,0.437256,0.538038,1.33911,2.09509,1.25527,1.33985,0.97263,1.45891,0.938086,0.980517
2212,1.975,1000060120,0.273735,0.452871,0.250567,0.442167,0.37086,0.581915,0.361763,0.493707,0.512867,0.769549,0.502564,0.579292,0.38199,0.59631,0.376156,0.502287
2212,0.475,1000080160,0.186612,0.343842,0.164365,0.436298,0.394629,0.614953,0.389585,0.510758,0.877958,1.30832,0.852446,0.89165,0.632943,0.938818,0.620839,0.672955
2212,0.725,1000080160,0.202639,0.366979,0.188654,0.443442,0.289857,0.477108,0.277956,0.458055,0.634265,0.940937,0.622415,0.674459,0.405593,0.624847,0.393972,0.508531
2212,0.225,1000060120,0.213473,0.368852,0.169456,0.412299,0.472122,0.715065,0.46241,0.551965,1.19536,1.83346,1.13668,1.20023,1.03966,1.56973,0.997641,1.04486
2212,1.225,1000060120,0.260117,0.433677,0.232981,0.434687,0.333842,0.534271,0.324439,0.476627,0.512538,0.768095,0.503018,0.579437,0.378996,0.593192,0.371442,0.499546
2212,0.975,1000060120,0.241816,0.409385,0.209601,0.426795,0.336098,0.535055,0.322296,0.472631,0.538742,0.807076,0.526677,0.597345,0.357101,0.562975,0.345232,0.484058
2212,0.725,1000060120,0.240653,0.408534,0.209894,0.428135,0.356102,0.560444,0.34204,0.481028,0.617116,0.916165,0.605397,0.659925,0.453783,0.692047,0.446836,0.543427
2212,1.225,1000080160,0.210329,0.375809,0.198043,0.443908,0.260925,0.44183,0.251107,0.453124,0.512867,0.76938,0.503168,0.57984,0.303953,0.492013,0.284881,0.45491
2212,0.975,1000180400,0.123953,0.215856,0.12248,0.240045,0.139544,0.232449,0.130607,0.234701,0.254199,0.383437,0.259079,0.303783,0.174621,0.274289,0.164225,0.243191
2212,0.225,1000180400,0.124636,0.211269,0.108685,0.225119,0.306269,0.448269,0.304279,0.332453,0.787632,1.15495,0.769778,0.788665,0.71057,1.03537,0.697154,0.711398
2212,0.475,1000180400,0.133367,0.226334,0.130124,0.239082,0.242643,0.3644,0.23963,0.286681,0.453283,0.652635,0.452136,0.462985,0.389249,0.561748,0.386533,0.401301
2212,0.725,1000180400,0.126443,0.218949,0.124715,0.240112,0.169322,0.269532,0.162696,0.245363,0.318456,0.467348,0.321149,0.34819,0.230915,0.347864,0.225623,0.276737
2212,1.725,1000060120,0.267469,0.443562,0.242189,0.438132,0.371144,0.582113,0.361712,0.493459,0.486122,0.733266,0.475817,0.560523,0.404415,0.628852,0.4015,0.518665
2212,1.975,1000080160,0.216451,0.383119,0.200646,0.440979,0.284797,0.475911,0.283981,0.468981,0.514661,0.772649,0.504291,0.580787,0.340023,0.543817,0.333937,0.483006
2212,0.225,1000260560,0.113649,0.197575,0.0967528,0.223633,0.269075,0.398596,0.267576,0.305534,0.666073,0.967004,0.655314,0.667413,0.635044,0.919439,0.626401,0.637253
2212,0.975,1000260560,0.0976708,0.183319,0.0974827,0.24194,0.1123,0.199026,0.104386,0.232676,0.20933,0.321942,0.207101,0.268324,0.133466,0.220992,0.114859,0.223591
2212,0.975,1000080160,0.201715,0.364688,0.185355,0.44078,0.266233,0.448858,0.256161,0.454286,0.550815,0.823126,0.540261,0.607842,0.314031,0.504721,0.29556,0.458882
2212,1.725,1000080160,0.218392,0.388412,0.208009,0.447368,0.293467,0.48475,0.287775,0.466165,0.502919,0.756493,0.492949,0.572742,0.329199,0.527199,0.317282,0.471949
2212,0.475,1000060120,0.210753,0.365096,0.168188,0.414262,0.447591,0.682245,0.43793,0.536169,0.812454,1.20444,0.792429,0.83086,0.677658,1.00299,0.665927,0.712481
2212,1.225,1000260560,0.0863329,0.167836,0.0830354,0.241326,0.105974,0.192213,0.101226,0.236145,0.181411,0.28772,0.180948,0.257136,0.105586,0.184164,0.0794176,0.214593
2212,1.475,1000060120,0.265972,0.442301,0.242069,0.439257,0.338121,0.538336,0.325624,0.474975,0.47587,0.719253,0.464703,0.552644,0.376871,0.590858,0.370197,0.499481
2212,0.725,1000260560,0.1106,0.199498,0.110657,0.240915,0.137735,0.230466,0.129454,0.235016,0.270064,0.400369,0.26814,0.30598,0.194167,0.300188,0.185676,0.253902
2212,0.475,1000260560,0.115425,0.204326,0.112266,0.237482,0.21067,0.32317,0.207596,0.268026,0.382508,0.551517,0.381205,0.396597,0.328557,0.478222,0.325809,0.34924
2212,1.475,1000080160,0.211519,0.377015,0.198449,0.443081,0.279293,0.468318,0.276698,0.465563,0.486264,0.733756,0.476363,0.561154,0.314238,0.508013,0.300254,0.464401
2212,1.475,1000260560,0.0813313,0.163231,0.0834982,0.249338,0.105728,0.193335,0.105613,0.240946,0.170584,0.275791,0.173612,0.256769,0.0899775,0.163565,0.0597762,0.212941
2212,1.725,1000180400,0.102849,0.189197,0.10084,0.23927,0.143164,0.239807,0.141814,0.243461,0.220115,0.343659,0.234493,0.294134,0.124399,0.210126,0.106442,0.223026
2212,1.225,1000180400,0.117695,0.207495,0.114764,0.238002,0.139918,0.234777,0.136089,0.240068,0.229428,0.352555,0.238308,0.292673,0.148358,0.240751,0.133245,0.230304
2212,1.975,1000180400,0.0907773,0.17457,0.09093,0.24369,0.156103,0.258238,0.15996,0.25281,0.222854,0.349319,0.239881,0.299437,0.114416,0.197339,0.0939879,0.220224
2212,1.475,1000180400,0.106125,0.191926,0.0997777,0.234523,0.135832,0.229433,0.131462,0.238638,0.215389,0.337086,0.22729,0.288719,0.128626,0.215087,0.109942,0.222835
2212,1.725,1000260560,0.0685379,0.145196,0.0670299,0.252428,0.110542,0.200887,0.11504,0.245648,0.167463,0.27305,0.172974,0.258462,0.0789839,0.150133,0.0469983,0.215535
2212,1.975,1000260560,0.0644666,0.140468,0.065568,0.258656,0.121818,0.216987,0.130025,0.250556,0.168885,0.275908,0.176642,0.261613,0.079011,0.151957,0.053335,0.221483
2212,0.275,1000080160,0.173934,0.324049,0.141487,0.427872,0.425005,0.651655,0.416632,0.523342,1.20146,1.84778,1.13982,1.20487,0.902085,1.34483,0.87478,0.914008
2212,0.525,1000080160,0.18973,0.348416,0.170665,0.438803,0.369546,0.581393,0.362781,0.495761,0.814604,1.20886,0.795044,0.833997,0.554255,0.827574,0.543667,0.610323
2212,2.025,1000060120,0.274917,0.454912,0.25314,0.443904,0.364808,0.573442,0.354136,0.489023,0.522238,0.782845,0.512058,0.586426,0.404498,0.628786,0.401177,0.518244
2212,0.775,1000080160,0.195627,0.356059,0.17813,0.439556,0.289474,0.478355,0.280675,0.461545,0.627059,0.930776,0.615834,0.669057,0.368524,0.576395,0.354242,0.486665
2212,0.275,1000060120,0.211151,0.366332,0.166498,0.412095,0.470707,0.713081,0.460865,0.550862,1.06989,1.62017,1.02466,1.07452,0.95051,1.42113,0.920277,0.96136
2212,1.275,1000060120,0.257934,0.431222,0.231956,0.435325,0.33334,0.532705,0.321964,0.474214,0.499812,0.747374,0.48883,0.568233,0.404595,0.620515,0.399442,0.514057
2212,0.775,1000060120,0.230832,0.394244,0.199274,0.425027,0.348503,0.550858,0.334599,0.477828,0.579881,0.862186,0.569907,0.630703,0.435299,0.667184,0.429217,0.532606
2212,1.025,1000060120,0.251792,0.422134,0.223051,0.431159,0.3222,0.516514,0.306355,0.464899,0.520939,0.781005,0.510181,0.584846,0.37093,0.58205,0.361932,0.493851
2212,1.275,1000080160,0.201145,0.363782,0.183516,0.439697,0.261746,0.443086,0.252527,0.453925,0.498837,0.746279,0.488154,0.567868,0.307264,0.497537,0.291496,0.459528
2212,0.275,1000180400,0.125287,0.214329,0.114647,0.230759,0.293495,0.431349,0.291273,0.322567,0.687146,0.999921,0.674355,0.68743,0.647518,0.938854,0.637594,0.648923
2212,1.025,1000180400,0.122786,0.215011,0.122791,0.241559,0.134668,0.226322,0.126003,0.233913,0.247219,0.37465,0.253176,0.300433,0.162238,0.258446,0.149519,0.236587
2212,0.525,1000180400,0.132192,0.225625,0.128981,0.239406,0.233084,0.35203,0.230054,0.280806,0.424009,0.612188,0.422819,0.435587,0.34822,0.504871,0.345768,0.365781
2212,0.775,1000180400,0.125149,0.217137,0.123093,0.239558,0.165899,0.265466,0.1599,0.24477,0.29899,0.441449,0.301654,0.333041,0.214162,0.325989,0.207675,0.265971
2212,1.775,1000060120,0.264411,0.44029,0.240224,0.438657,0.370611,0.58305,0.364411,0.496938,0.497156,0.743952,0.486133,0.566073,0.377211,0.592311,0.372399,0.501862
2212,2.025,1000080160,0.215774,0.384106,0.205134,0.446339,0.29432,0.486538,0.290343,0.468301,0.495198,0.741259,0.484903,0.565935,0.341593,0.544691,0.333148,0.480999
2212,1.025,1000260560,0.0953638,0.180727,0.0961464,0.243419,0.106568,0.190874,0.0953981,0.229572,0.201989,0.31331,0.200389,0.265467,0.125591,0.210719,0.104772,0.220464
2212,0.275,1000260560,0.117919,0.205681,0.109705,0.23236,0.260595,0.388163,0.258732,0.299654,0.581728,0.840587,0.573794,0.583133,0.553002,0.7978,0.546292,0.55517
2212,1.025,1000080160,0.202548,0.363974,0.184181,0.437832,0.276507,0.462893,0.270368,0.460694,0.526871,0.789229,0.517083,0.590248,0.304517,0.492376,0.284669,0.454261
2212,1.775,1000080160,0.200522,0.363417,0.184515,0.441298,0.303396,0.499421,0.302388,0.474607,0.501956,0.755194,0.491741,0.571816,0.343294,0.545062,0.331106,0.477504
2212,0.525,1000060120,0.220399,0.379441,0.182313,0.418208,0.42457,0.65141,0.414315,0.521442,0.771311,1.14235,0.753172,0.792804,0.610879,0.908444,0.601183,0.65739
2212,1.525,1000060120,0.261933,0.436222,0.234752,0.435195,0.359256,0.566902,0.349754,0.487754,0.477423,0.719532,0.467542,0.554188,0.379494,0.594345,0.3761,0.503878
2212,1.275,1000260560,0.0887932,0.171726,0.0873564,0.242707,0.100278,0.18465,0.0936956,0.234931,0.178583,0.284866,0.179001,0.257104,0.0997412,0.176674,0.0711196,0.213195
2212,0.775,1000260560,0.10614,0.193958,0.106332,0.241247,0.125979,0.214763,0.115907,0.230986,0.253451,0.378323,0.252027,0.295127,0.182866,0.285369,0.173315,0.24765
2212,0.525,1000260560,0.111315,0.199068,0.109638,0.239146,0.199964,0.31015,0.197099,0.263015,0.353018,0.511483,0.351116,0.370478,0.296384,0.434703,0.293346,0.323667
2212,1.525,1000260560,0.0746516,0.153275,0.0729536,0.248318,0.105425,0.19334,0.106964,0.242598,0.168669,0.273251,0.171285,0.255605,0.0851743,0.15773,0.0532238,0.213209
2212,1.275,1000180400,0.115191,0.205777,0.115756,0.241748,0.136806,0.230485,0.13189,0.238281,0.222025,0.344014,0.230749,0.288601,0.141777,0.231988,0.125591,0.227517
2212,2.025,1000180400,0.0886666,0.170366,0.0832252,0.238533,0.15085,0.250771,0.153834,0.249961,0.219684,0.343264,0.234427,0.294328,0.121119,0.206539,0.10387,0.223556
2212,1.525,1000180400,0.106886,0.19483,0.106865,0.240982,0.137531,0.231988,0.134112,0.240022,0.21397,0.335135,0.225629,0.287625,0.129552,0.216148,0.110751,0.222824
2212,1.775,1000180400,0.096622,0.181714,0.0951909,0.240903,0.146329,0.244138,0.145999,0.245329,0.217721,0.341302,0.233229,0.294237,0.125907,0.212488,0.109074,0.224367
2212,1.775,1000260560,0.0661819,0.141811,0.0634077,0.252954,0.111014,0.200987,0.114286,0.244255,0.166121,0.271838,0.17251,0.259023,0.0781961,0.149181,0.0463092,0.215968
2212,2.025,1000260560,0.0619016,0.135873,0.0584976,0.255979,0.128171,0.224745,0.136203,0.25095,0.174208,0.284033,0.185191,0.267434,0.0825398,0.156624,0.0577223,0.220895
2212,1.525,1000080160,0.220298,0.387705,0.207548,0.443306,0.296406,0.490609,0.295874,0.472745,0.483634,0.729689,0.474041,0.559447,0.332183,0.531673,0.321735,0.474783
2112,0.075,1000060120,0.284673,0.463296,0.255553,0.438348,0.578873,0.861878,0.569925,0.63145,3.89714,9.3641,2.84154,3.89064,2.68326,5.2241,2.20794,2.68126
2112,0.325,1000060120,0.210584,0.364228,0.166642,0.41283,0.455916,0.696317,0.445745,0.541193,0.969932,1.45514,0.934991,0.977338,0.812647,1.20391,0.793519,0.831831
2112,0.575,1000060120,0.217947,0.376519,0.179303,0.417792,0.426454,0.654206,0.4166,0.523079,0.696904,1.03164,0.682255,0.726758,0.558334,0.835181,0.551212,0.617969
2112,0.825,1000060120,0.233771,0.398917,0.200981,0.425106,0.352537,0.556104,0.338873,0.479877,0.575288,0.856824,0.564227,0.626275,0.410413,0.633747,0.401979,0.515427
2112,1.075,1000060120,0.253142,0.424722,0.226658,0.433712,0.341269,0.541905,0.327867,0.475282,0.522765,0.782963,0.512575,0.586549,0.365582,0.576622,0.359758,0.494859
2112,1.325,1000060120,0.260494,0.43448,0.233912,0.435401,0.368352,0.578583,0.358838,0.492056,0.500107,0.747682,0.489131,0.568545,0.365042,0.57598,0.358848,0.49429
2112,1.575,1000060120,0.264873,0.441054,0.241173,0.439256,0.366544,0.576071,0.356668,0.490766,0.476928,0.720618,0.465653,0.553221,0.379977,0.59677,0.37667,0.505087
2112,1.825,1000060120,0.271121,0.44941,0.247197,0.440827,0.399007,0.618823,0.390463,0.508988,0.51335,0.769871,0.503013,0.579463,0.363732,0.575042,0.35951,0.49583
2112,0.075,1000180400,0.2231,0.337335,0.21757,0.271763,0.448209,0.645027,0.445005,0.455501,2.49962,4.70434,2.09882,2.49915,2.35489,4.3299,2.00315,2.35334
2112,0.325,1000180400,0.127296,0.217261,0.119637,0.233618,0.28396,0.418489,0.281497,0.315216,0.60082,0.869316,0.592215,0.602105,0.556376,0.802833,0.549502,0.558423
2112,0.575,1000180400,0.12609,0.218158,0.123608,0.239219,0.220309,0.33504,0.216567,0.272457,0.378257,0.548399,0.377976,0.395049,0.314583,0.459198,0.311807,0.337988
2112,1.075,1000180400,0.126888,0.220175,0.126677,0.24186,0.142966,0.237408,0.136486,0.237871,0.236935,0.361318,0.24202,0.29304,0.157173,0.252195,0.143783,0.234457
2112,0.825,1000180400,0.132714,0.227472,0.133002,0.243145,0.172472,0.274583,0.166982,0.248115,0.275487,0.410409,0.278427,0.316045,0.203313,0.312065,0.195704,0.259258
2112,1.575,1000180400,0.10569,0.192628,0.10319,0.238535,0.153442,0.252457,0.152879,0.246759,0.20797,0.32691,0.220512,0.284946,0.118726,0.202243,0.0972766,0.219388
2112,1.325,1000180400,0.117857,0.208966,0.119122,0.242308,0.142511,0.237761,0.137992,0.23993,0.212744,0.331273,0.220518,0.282039,0.133717,0.220391,0.115565,0.22409
2112,1.825,1000180400,0.0952393,0.180022,0.0940543,0.241409,0.166537,0.271035,0.169964,0.255795,0.210457,0.331632,0.224149,0.288182,0.115581,0.198236,0.0936977,0.21883
2112,0.375,1000060120,0.220012,0.378536,0.180854,0.417112,0.449846,0.68469,0.440925,0.538058,0.925396,1.38116,0.89701,0.936985,0.808432,1.19943,0.787366,0.82602
2112,0.125,1000060120,0.240666,0.404133,0.202487,0.419658,0.49485,0.740783,0.484721,0.565994,2.00893,3.48263,1.76909,2.00778,1.50976,2.41633,1.39688,1.51199
2112,0.625,1000060120,0.226122,0.38764,0.191763,0.422044,0.409738,0.624862,0.399736,0.511203,0.672004,0.994155,0.659465,0.706255,0.506235,0.761474,0.497704,0.576764
2112,0.875,1000060120,0.242301,0.410608,0.212147,0.428823,0.370847,0.580724,0.359212,0.490827,0.563736,0.840367,0.553049,0.617426,0.404843,0.625924,0.397629,0.513196
2112,1.125,1000060120,0.237379,0.403714,0.20556,0.426434,0.3508,0.554393,0.338164,0.480266,0.506885,0.76136,0.496301,0.574704,0.374046,0.587997,0.36899,0.499939
2112,1.625,1000060120,0.284723,0.466908,0.263652,0.446872,0.350236,0.553614,0.337472,0.479873,0.489469,0.73796,0.479034,0.562761,0.389935,0.609255,0.387348,0.510741
2112,1.375,1000060120,0.264422,0.44084,0.241551,0.440029,0.365438,0.574168,0.354606,0.489138,0.510398,0.766368,0.499493,0.576976,0.387421,0.605954,0.383175,0.507846
2112,1.875,1000060120,0.28042,0.460646,0.258562,0.444553,0.391245,0.607807,0.381006,0.502815,0.510841,0.766986,0.499935,0.5773,0.41159,0.640771,0.413394,0.528425
2112,0.125,1000180400,0.155112,0.249157,0.141085,0.233053,0.368335,0.532786,0.366353,0.383665,1.31814,2.05454,1.23875,1.31858,1.16938,1.78777,1.11234,1.16986
2112,0.375,1000180400,0.126039,0.215121,0.118453,0.233822,0.274236,0.405448,0.271193,0.307585,0.547504,0.789881,0.541406,0.550411,0.503793,0.724617,0.499837,0.508658
2112,1.125,1000180400,0.11596,0.203728,0.111497,0.236357,0.150732,0.248276,0.147253,0.243054,0.229464,0.351765,0.234668,0.288655,0.148674,0.240996,0.13323,0.23004
2112,0.875,1000180400,0.129456,0.223438,0.129602,0.242538,0.161504,0.260186,0.155859,0.243669,0.271744,0.405837,0.275431,0.314321,0.18933,0.293856,0.180275,0.251078
2112,1.375,1000180400,0.111643,0.200614,0.11114,0.240309,0.143792,0.239291,0.139059,0.240015,0.209449,0.327487,0.217491,0.280714,0.138014,0.227245,0.120953,0.225998
2112,1.625,1000180400,0.09907,0.183971,0.0951007,0.237813,0.145803,0.24304,0.144406,0.244031,0.206514,0.324706,0.216534,0.281536,0.122812,0.208043,0.103855,0.222044
2112,1.875,1000180400,0.0906383,0.173426,0.0869431,0.239837,0.161833,0.264299,0.164861,0.253313,0.218228,0.341773,0.233303,0.294005,0.117564,0.201706,0.0988123,0.221906
2112,0.425,1000060120,0.207572,0.36082,0.163564,0.412749,0.461682,0.700771,0.451519,0.54454,0.873343,1.30036,0.847368,0.886031,0.726602,1.075,0.712342,0.75455
2112,0.925,1000060120,0.238829,0.40655,0.209533,0.429201,0.364657,0.571923,0.351332,0.485919,0.543265,0.81196,0.532356,0.601411,0.39238,0.610119,0.385787,0.507191
2112,1.175,1000060120,0.258767,0.431495,0.230963,0.433589,0.356455,0.562662,0.345623,0.484944,0.503857,0.757343,0.493485,0.572814,0.351372,0.557991,0.344652,0.487237
2112,0.175,1000060120,0.215764,0.371232,0.170677,0.411258,0.490597,0.740148,0.480628,0.564292,1.49157,2.38259,1.38079,1.49248,1.16297,1.77834,1.10719,1.16683
2112,1.425,1000060120,0.26313,0.438714,0.238926,0.438387,0.371861,0.583545,0.363447,0.494985,0.488608,0.736422,0.477683,0.561516,0.387903,0.606674,0.383964,0.508431
2112,0.675,1000060120,0.224037,0.384467,0.187888,0.420179,0.381444,0.59389,0.369192,0.495304,0.628881,0.932775,0.616718,0.669324,0.474696,0.71746,0.467382,0.555612
2112,1.675,1000060120,0.263364,0.438624,0.236339,0.435999,0.364666,0.572865,0.353209,0.488055,0.494851,0.74038,0.484159,0.565302,0.397484,0.621324,0.397858,0.518676
2112,1.925,1000060120,0.245335,0.414012,0.215089,0.428934,0.38813,0.60438,0.379156,0.502637,0.505956,0.760317,0.495636,0.574408,0.407742,0.634806,0.407839,0.524158
2112,0.175,1000180400,0.124828,0.209977,0.10448,0.220858,0.340677,0.494425,0.339233,0.360541,0.956589,1.42737,0.923608,0.956392,0.863629,1.2765,0.838885,0.863408
2112,1.175,1000180400,0.125672,0.218713,0.125631,0.241891,0.149463,0.246378,0.145202,0.241867,0.224858,0.346523,0.231365,0.287534,0.143016,0.233453,0.126848,0.227767
2112,0.925,1000180400,0.12033,0.209903,0.115288,0.235864,0.155957,0.253417,0.149388,0.241209,0.25743,0.387354,0.262087,0.305584,0.176824,0.277651,0.166205,0.244188
2112,0.425,1000180400,0.128622,0.220276,0.123167,0.23646,0.259437,0.385909,0.256087,0.297069,0.499993,0.720565,0.495646,0.504936,0.429845,0.618594,0.427008,0.438412
2112,1.675,1000180400,0.101467,0.187037,0.0978739,0.237834,0.154778,0.254835,0.155835,0.248959,0.21007,0.33111,0.223718,0.287914,0.118077,0.201588,0.0969965,0.219716
2112,1.425,1000180400,0.111792,0.199911,0.109375,0.238107,0.147466,0.244708,0.145126,0.243424,0.211386,0.330029,0.221453,0.283767,0.128372,0.214778,0.109636,0.222763
2112,1.925,1000180400,0.092997,0.176839,0.0906723,0.240696,0.162868,0.265077,0.165,0.252591,0.212241,0.33438,0.226831,0.29028,0.111492,0.193454,0.0901387,0.219323
2112,0.625,1000180400,0.126968,0.218711,0.122767,0.237577,0.205322,0.316155,0.200912,0.263913,0.352867,0.513556,0.354226,0.374915,0.279342,0.411815,0.276051,0.310797
2112,0.475,1000060120,0.215823,0.37342,0.175972,0.416523,0.438408,0.669801,0.428387,0.53002,0.829691,1.23207,0.807282,0.84568,0.642365,0.952632,0.630356,0.681292
2112,0.975,1000060120,0.231266,0.395125,0.200599,0.425969,0.356053,0.560983,0.343223,0.482399,0.542835,0.811109,0.532175,0.601243,0.407359,0.631524,0.402377,0.517799
2112,0.225,1000060120,0.215619,0.371732,0.172194,0.412923,0.473684,0.717435,0.464418,0.553565,1.20893,1.86025,1.14527,1.21075,0.981335,1.47198,0.947209,0.990093
2112,1.475,1000060120,0.272839,0.452553,0.251627,0.443994,0.35474,0.559989,0.343299,0.483379,0.492926,0.742448,0.481977,0.564547,0.373384,0.587085,0.368254,0.499511
2112,1.225,1000060120,0.240774,0.40928,0.211841,0.429927,0.345567,0.547946,0.333365,0.478466,0.502608,0.755707,0.491773,0.571485,0.376637,0.592113,0.373327,0.503221
2112,0.725,1000060120,0.246097,0.415169,0.216687,0.429818,0.391861,0.608361,0.381146,0.502585,0.611819,0.908454,0.600019,0.655326,0.436628,0.667832,0.427294,0.52977
2112,1.725,1000060120,0.264898,0.440488,0.239739,0.437746,0.365397,0.57347,0.353272,0.487637,0.508529,0.763704,0.498577,0.576569,0.372332,0.58375,0.363126,0.494299
2112,1.975,1000060120,0.283681,0.465988,0.263512,0.44754,0.381012,0.594984,0.371837,0.498691,0.484129,0.729931,0.473883,0.558947,0.385474,0.604812,0.38557,0.511552
2112,0.225,1000180400,0.124213,0.210853,0.108529,0.225347,0.325885,0.474988,0.323797,0.347954,0.765539,1.12121,0.748073,0.765525,0.724762,1.05763,0.710069,0.725087
2112,1.225,1000180400,0.119224,0.210832,0.120207,0.242271,0.147123,0.24372,0.143391,0.241839,0.225683,0.347732,0.232478,0.28837,0.140985,0.230811,0.124104,0.226688
2112,0.475,1000180400,0.13231,0.225568,0.129929,0.239964,0.247206,0.370103,0.243834,0.289116,0.45057,0.648971,0.448836,0.459746,0.382262,0.551963,0.379653,0.395161
2112,0.975,1000180400,0.124897,0.217731,0.124854,0.241792,0.153425,0.250788,0.148027,0.24173,0.253928,0.383242,0.259113,0.303984,0.169342,0.267333,0.158158,0.240346
2112,1.725,1000180400,0.0968753,0.181322,0.0932719,0.238548,0.155441,0.255176,0.155401,0.247937,0.210316,0.330176,0.222463,0.285958,0.121444,0.206338,0.102252,0.22174
2112,1.475,1000180400,0.115003,0.205576,0.116978,0.24291,0.150834,0.24949,0.150784,0.246612,0.207577,0.326304,0.218678,0.283272,0.129372,0.216002,0.11077,0.222995
2112,1.975,1000180400,0.0891646,0.170736,0.0827638,0.237415,0.170813,0.276393,0.174209,0.257356,0.216266,0.34009,0.231975,0.293925,0.125846,0.212791,0.110152,0.225467
2112,0.675,1000180400,0.128115,0.219996,0.123947,0.237656,0.190811,0.297338,0.185426,0.255783,0.329175,0.481794,0.330868,0.355716,0.257363,0.382624,0.253404,0.294834
2112,0.525,1000060120,0.216375,0.374232,0.176851,0.416866,0.444811,0.67811,0.434404,0.533513,0.759619,1.12466,0.742179,0.782306,0.589888,0.876243,0.580094,0.638967
2112,1.025,1000060120,0.240669,0.408396,0.20944,0.427677,0.35807,0.563438,0.344617,0.482707,0.517483,0.775374,0.507877,0.583146,0.392727,0.609548,0.386511,0.507236
2112,1.525,1000060120,0.269843,0.447167,0.246315,0.440444,0.371048,0.582009,0.361655,0.493457,0.507632,0.762354,0.497158,0.575341,0.391979,0.610091,0.385965,0.507752
2112,0.275,1000060120,0.211168,0.365178,0.167913,0.413406,0.462534,0.702092,0.452681,0.545477,1.08618,1.64773,1.03896,1.09036,0.904869,1.3502,0.876257,0.915665
2112,0.775,1000060120,0.223092,0.383407,0.187011,0.420252,0.369636,0.578706,0.357097,0.489198,0.595036,0.883117,0.585108,0.642875,0.43214,0.662311,0.425529,0.529862
2112,1.275,1000060120,0.255294,0.427681,0.229275,0.434636,0.361285,0.569059,0.350887,0.487675,0.509942,0.765823,0.499162,0.576809,0.389924,0.608524,0.385915,0.50906
2112,1.775,1000060120,0.270241,0.447566,0.24651,0.440316,0.390931,0.608365,0.382549,0.504826,0.492417,0.742075,0.481491,0.564353,0.374354,0.589701,0.371725,0.502969
2112,2.025,1000060120,0.273761,0.453267,0.251495,0.443111,0.386927,0.603429,0.379128,0.503385,0.509384,0.76453,0.498896,0.57649,0.424567,0.656671,0.42386,0.533031
2112,0.275,1000180400,0.131547,0.222456,0.122484,0.233076,0.306748,0.449041,0.304744,0.332861,0.685121,0.996786,0.672483,0.685461,0.629529,0.910449,0.622002,0.632647
2112,1.025,1000180400,0.122472,0.213343,0.118927,0.237775,0.152577,0.249891,0.147535,0.241872,0.239978,0.363955,0.245271,0.294565,0.160556,0.256338,0.147693,0.23591
2112,0.525,1000180400,0.134044,0.228621,0.133112,0.242034,0.237236,0.357586,0.234459,0.283649,0.411088,0.593946,0.409836,0.4235,0.338511,0.491795,0.335804,0.357456
2112,1.275,1000180400,0.118828,0.210753,0.120788,0.243346,0.146967,0.244036,0.14449,0.243149,0.214882,0.33394,0.223329,0.283844,0.143745,0.234764,0.127996,0.228508
2112,1.525,1000180400,0.106641,0.193797,0.104133,0.23845,0.155025,0.254477,0.154645,0.247415,0.208725,0.327388,0.21904,0.282933,0.127865,0.214281,0.109441,0.223013
2112,1.775,1000180400,0.10178,0.188745,0.102412,0.242213,0.1555,0.256299,0.157764,0.250548,0.208768,0.329617,0.222945,0.287816,0.121015,0.205994,0.102332,0.222205
2112,2.025,1000180400,0.0875481,0.16957,0.0846438,0.241412,0.174711,0.28278,0.181283,0.262556,0.224292,0.35075,0.240469,0.299221,0.122124,0.207697,0.104849,0.223566
2112,0.725,1000180400,0.130232,0.224165,0.129802,0.242019,0.187653,0.293978,0.183386,0.255658,0.309659,0.455344,0.311557,0.340292,0.236059,0.354742,0.230945,0.28009
2112,0.075,1000080160,0.209883,0.36389,0.166818,0.413849,0.582402,0.868795,0.573076,0.634663,4.666,12.6876,3.16791,4.65294,2.36788,4.3644,2.01123,2.36621
2112,0.325,1000080160,0.173465,0.322292,0.14542,0.432604,0.415004,0.640858,0.408632,0.520504,1.11778,1.70158,1.06662,1.12123,0.808653,1.19946,0.787904,0.82651
2112,0.575,1000080160,0.18595,0.34414,0.167516,0.440198,0.359928,0.568435,0.351782,0.489621,0.773935,1.14549,0.756567,0.795971,0.515054,0.773078,0.504508,0.580844
2112,0.825,1000080160,0.205144,0.367562,0.188082,0.438986,0.295168,0.485483,0.28622,0.463122,0.599863,0.891544,0.588658,0.646077,0.364498,0.570885,0.349503,0.48394
2112,1.075,1000080160,0.210385,0.374728,0.195264,0.440843,0.296664,0.489037,0.291724,0.46795,0.530684,0.79445,0.52012,0.592259,0.319049,0.512384,0.302883,0.46337
2112,1.825,1000080160,0.218101,0.387888,0.207517,0.447084,0.341804,0.551903,0.347849,0.497743,0.48965,0.738084,0.479014,0.562631,0.323548,0.520209,0.311999,0.470157
2112,0.075,1000260560,0.220086,0.333863,0.213919,0.26965,0.428923,0.617703,0.426738,0.438477,2.26479,4.0998,1.94421,2.26341,1.91548,3.26979,1.70232,1.91434
2112,1.325,1000080160,0.209706,0.373457,0.193558,0.439736,0.28443,0.472901,0.277571,0.462249,0.507542,0.762317,0.497242,0.57549,0.318172,0.512067,0.303718,0.464927
2112,1.575,1000080160,0.219818,0.38878,0.211006,0.447603,0.306942,0.503304,0.305186,0.474825,0.511399,0.767786,0.501517,0.578767,0.313082,0.506268,0.298487,0.463315
2112,0.325,1000260560,0.11409,0.201278,0.106445,0.23292,0.248879,0.372679,0.246336,0.291178,0.526099,0.757614,0.521002,0.529719,0.475407,0.684479,0.470851,0.480301
2112,0.825,1000260560,0.10159,0.18759,0.0994112,0.239253,0.138023,0.231742,0.132383,0.237774,0.239706,0.360965,0.237333,0.285639,0.16606,0.263469,0.15399,0.238562
2112,0.575,1000260560,0.110912,0.198764,0.107728,0.237474,0.182878,0.287796,0.178103,0.253036,0.32702,0.476486,0.324834,0.348746,0.264798,0.392608,0.260963,0.300061
2112,1.075,1000260560,0.0880703,0.167172,0.0839676,0.239349,0.119688,0.208252,0.113097,0.233995,0.195377,0.304661,0.193343,0.261695,0.116108,0.197999,0.092881,0.217258
2112,1.325,1000260560,0.0838615,0.164328,0.0801168,0.241519,0.115022,0.204596,0.113441,0.239296,0.173971,0.278764,0.173963,0.254699,0.0983318,0.175099,0.0701433,0.213795
2112,1.825,1000260560,0.072528,0.159901,0.0756451,0.257648,0.126717,0.222618,0.134276,0.250147,0.166705,0.27338,0.174843,0.261265,0.0813195,0.153725,0.0519463,0.216974
2112,1.575,1000260560,0.0764992,0.155904,0.0752526,0.247884,0.115708,0.206574,0.116675,0.242198,0.164963,0.269606,0.169614,0.256619,0.080698,0.151564,0.0463738,0.21265
2112,0.775,1000180400,0.130002,0.22303,0.12715,0.239443,0.175423,0.277542,0.169666,0.248643,0.29827,0.440371,0.300597,0.332082,0.220186,0.333989,0.214033,0.26972
2112,0.125,1000080160,0.184857,0.333894,0.144145,0.416745,0.492603,0.743383,0.483876,0.567157,2.3431,4.29778,1.99626,2.34196,1.44848,2.30204,1.34379,1.44753
2112,0.625,1000080160,0.185418,0.342527,0.164411,0.437555,0.345825,0.549886,0.336968,0.482358,0.715166,1.05874,0.699533,0.74252,0.456841,0.694177,0.44649,0.54118
2112,0.375,1000080160,0.174187,0.325746,0.144532,0.431046,0.416039,0.641693,0.408705,0.519942,1.00621,1.51421,0.967945,1.0126,0.728244,1.07675,0.71352,0.755285
2112,0.875,1000080160,0.209999,0.375778,0.198662,0.444939,0.294323,0.48539,0.287638,0.465333,0.579293,0.861342,0.569133,0.63001,0.336752,0.533927,0.318824,0.468319
2112,1.875,1000080160,0.208131,0.373389,0.196563,0.444747,0.323174,0.523248,0.319192,0.478485,0.516306,0.774151,0.507418,0.583196,0.352326,0.557574,0.342242,0.483833
2112,1.125,1000080160,0.211564,0.377424,0.199364,0.444023,0.286346,0.475214,0.280286,0.463404,0.522486,0.782741,0.511954,0.586057,0.312014,0.502262,0.293606,0.458265
2112,1.625,1000080160,0.210435,0.375124,0.196128,0.441722,0.296492,0.490162,0.294668,0.471339,0.501824,0.754896,0.491399,0.571459,0.326699,0.525057,0.316983,0.473419
2112,1.375,1000080160,0.209214,0.375313,0.199142,0.446329,0.297362,0.491115,0.295227,0.471264,0.508586,0.763725,0.498524,0.576473,0.325819,0.521712,0.311317,0.46776
2112,0.125,1000260560,0.145904,0.237142,0.129884,0.228636,0.343734,0.499376,0.341994,0.363059,1.24791,1.92792,1.17868,1.2475,1.03484,1.55626,0.995138,1.03603
2112,0.625,1000260560,0.107474,0.19424,0.103093,0.236467,0.16946,0.270818,0.163946,0.246963,0.304101,0.445662,0.302292,0.331093,0.235643,0.354105,0.230589,0.279852
2112,1.375,1000260560,0.0805075,0.160773,0.0796682,0.245905,0.114493,0.204224,0.11355,0.24001,0.169773,0.273376,0.169595,0.252868,0.0937287,0.169217,0.0647222,0.213824
2112,0.875,1000260560,0.105453,0.193587,0.10697,0.242752,0.130632,0.222066,0.123409,0.234876,0.226133,0.343367,0.223855,0.277553,0.155073,0.249176,0.141177,0.233184
2112,1.875,1000260560,0.069256,0.150295,0.0739467,0.259987,0.136364,0.236017,0.147431,0.255605,0.168983,0.276006,0.176733,0.26163,0.0812421,0.153904,0.0546284,0.219101
2112,1.125,1000260560,0.0932386,0.177248,0.0920886,0.241651,0.113934,0.201626,0.10791,0.234574,0.185705,0.292898,0.18434,0.258076,0.112534,0.193037,0.0885965,0.216247
2112,1.625,1000260560,0.0699448,0.146714,0.0673,0.250129,0.120332,0.213332,0.123774,0.245164,0.16595,0.270572,0.170259,0.256516,0.0818424,0.153593,0.0499584,0.214378
2112,0.175,1000080160,0.169823,0.316527,0.12951,0.421197,0.451572,0.687946,0.444354,0.541246,1.67291,2.74751,1.52172,1.67221,1.11346,1.69348,1.06361,1.11772
2112,0.425,1000080160,0.178881,0.332031,0.150422,0.431256,0.397833,0.616678,0.391724,0.510325,0.936692,1.39924,0.907316,0.947767,0.691567,1.024,0.67694,0.72199
2112,0.375,1000260560,0.115905,0.20454,0.111892,0.236539,0.23697,0.357478,0.234633,0.284018,0.471954,0.679389,0.467614,0.477157,0.417425,0.601337,0.414371,0.426665
2112,0.675,1000080160,0.190052,0.349009,0.171505,0.43931,0.320676,0.517531,0.3112,0.47137,0.670006,0.992366,0.656344,0.703619,0.421885,0.647096,0.410316,0.518265
2112,0.925,1000080160,0.195271,0.355813,0.178597,0.440374,0.290624,0.479883,0.281961,0.462046,0.565683,0.843213,0.55483,0.618829,0.340461,0.539282,0.323728,0.471224
2112,0.175,1000260560,0.114475,0.196331,0.0910025,0.217277,0.301933,0.442801,0.300005,0.329326,0.872723,1.29108,0.847246,0.872509,0.728791,1.06408,0.713579,0.72882
2112,1.675,1000080160,0.209102,0.372273,0.191899,0.438609,0.298171,0.493018,0.296422,0.472367,0.504408,0.758412,0.494078,0.573383,0.332656,0.531065,0.319642,0.472109
2112,1.925,1000080160,0.216782,0.383399,0.200315,0.440377,0.311695,0.507569,0.307949,0.473789,0.517313,0.775513,0.507398,0.582856,0.359945,0.567708,0.350286,0.487894
2112,1.425,1000080160,0.211401,0.376293,0.196926,0.441561,0.292233,0.484538,0.289667,0.469232,0.495575,0.741397,0.484536,0.565155,0.328867,0.52734,0.318149,0.473155
2112,1.175,1000080160,0.196911,0.356984,0.17664,0.436806,0.291173,0.476871,0.284883,0.463675,0.510106,0.766142,0.499486,0.577131,0.315786,0.508539,0.298582,0.461455
2112,0.675,1000260560,0.114491,0.205392,0.116399,0.243186,0.154193,0.250887,0.146809,0.239816,0.282749,0.417161,0.280798,0.314981,0.211288,0.322483,0.204485,0.264225
2112,1.425,1000260560,0.0810851,0.161944,0.0806411,0.246393,0.115793,0.206514,0.116314,0.241716,0.174176,0.283073,0.17796,0.259732,0.0896179,0.164048,0.0587848,0.213445
2112,1.675,1000260560,0.0687103,0.145634,0.0677958,0.253016,0.115823,0.207841,0.120056,0.245705,0.164439,0.268864,0.16931,0.256579,0.0840677,0.156896,0.0543487,0.215526
2112,0.925,1000260560,0.100014,0.186855,0.101672,0.243541,0.122666,0.211628,0.11499,0.233165,0.217343,0.332181,0.215931,0.273428,0.144364,0.23541,0.128345,0.228372
2112,1.925,1000260560,0.0600964,0.132872,0.0545691,0.255364,0.1353,0.234048,0.144636,0.253473,0.167248,0.274559,0.176592,0.262839,0.0782225,0.149717,0.0480594,0.217586
2112,1.175,1000260560,0.0924642,0.177368,0.094182,0.245096,0.110167,0.197083,0.104331,0.234838,0.181484,0.287338,0.180502,0.256458,0.110002,0.190398,0.0851212,0.215945
2112,0.225,1000080160,0.170389,0.317162,0.134359,0.423984,0.44631,0.681688,0.440204,0.539347,1.40021,2.20912,1.3056,1.4005,1.00426,1.51002,0.96726,1.0117
2112,0.475,1000080160,0.173442,0.323926,0.142805,0.429723,0.389985,0.608067,0.383373,0.506412,0.89653,1.33674,0.868897,0.908045,0.601361,0.892328,0.591435,0.648189
2112,0.425,1000260560,0.116619,0.205991,0.113596,0.23776,0.218733,0.333566,0.215167,0.271992,0.428461,0.61688,0.425448,0.436991,0.364009,0.526502,0.361662,0.379369
2112,0.725,1000080160,0.19124,0.350749,0.174642,0.440842,0.318179,0.514152,0.311508,0.472733,0.648253,0.960643,0.635529,0.685419,0.391129,0.60595,0.37781,0.49911
2112,0.975,1000080160,0.205103,0.368821,0.191106,0.442351,0.291837,0.477223,0.284539,0.462759,0.551705,0.82405,0.540593,0.607808,0.32776,0.522899,0.310551,0.465525
2112,1.975,1000080160,0.219371,0.388046,0.209551,0.446662,0.324954,0.527263,0.32473,0.48344,0.523405,0.783761,0.514273,0.588083,0.322337,0.517404,0.308041,0.466656
2112,0.225,1000260560,0.114973,0.199112,0.0979954,0.22353,0.280612,0.414176,0.278484,0.313194,0.697446,1.0155,0.684363,0.697937,0.624073,0.904155,0.614265,0.624759
2112,1.475,1000080160,0.213137,0.379016,0.199627,0.44273,0.296481,0.491855,0.297015,0.474361,0.497547,0.74468,0.487,0.567042,0.328867,0.525961,0.315205,0.469879
2112,1.725,1000080160,0.218386,0.384941,0.202584,0.440589,0.307624,0.504865,0.30762,0.47698,0.49942,0.746908,0.489031,0.569005,0.340205,0.541753,0.329314,0.47765
2112,0.725,1000260560,0.106976,0.194445,0.105251,0.239229,0.150167,0.246238,0.143066,0.239115,0.264451,0.393179,0.26292,0.302588,0.195503,0.301884,0.187312,0.254799
2112,1.225,1000080160,0.204544,0.367959,0.19008,0.441887,0.285743,0.476134,0.28269,0.46677,0.512174,0.768915,0.501819,0.578868,0.325235,0.521203,0.311229,0.468083
2112,0.975,1000260560,0.105051,0.192969,0.106862,0.242926,0.116844,0.204478,0.108698,0.232456,0.211062,0.324588,0.20924,0.269829,0.135877,0.224262,0.117699,0.224528
2112,1.975,1000260560,0.0596297,0.132705,0.0558755,0.257854,0.132682,0.231082,0.142221,0.253394,0.170796,0.277918,0.179204,0.262717,0.0751898,0.146213,0.0460998,0.220028
2112,1.475,1000260560,0.0809018,0.162042,0.0818448,0.24791,0.117974,0.20957,0.119769,0.24308,0.173064,0.27856,0.175206,0.25675,0.0878354,0.161315,0.0567722,0.213279
2112,1.225,1000260560,0.0881333,0.170597,0.0856092,0.241789,0.113961,0.203523,0.113063,0.24001,0.179578,0.285311,0.17829,0.255578,0.105033,0.183532,0.0789364,0.214711
2112,1.725,1000260560,0.0701486,0.146914,0.0672919,0.249743,0.125636,0.220895,0.131904,0.24867,0.168048,0.274364,0.175171,0.26045,0.0800932,0.151528,0.0482322,0.215173
2112,0.525,1000080160,0.189762,0.348693,0.171365,0.439499,0.376208,0.589888,0.369349,0.498925,0.815706,1.21021,0.794581,0.833066,0.555466,0.829041,0.545097,0.611403
2112,0.275,1000080160,0.169101,0.317547,0.134337,0.427027,0.434853,0.666618,0.427557,0.531172,1.22099,1.88159,1.15558,1.22266,0.861804,1.28201,0.837011,0.875481
2112,0.475,1000260560,0.111287,0.199286,0.108229,0.237612,0.209474,0.321854,0.20623,0.267335,0.387218,0.558763,0.385073,0.400086,0.33184,0.482561,0.329251,0.352041
2112,0.775,1000080160,0.197778,0.359676,0.182409,0.441734,0.305891,0.500087,0.297963,0.468093,0.632233,0.937693,0.620023,0.672184,0.378981,0.590016,0.365239,0.492371
2112,1.025,1000080160,0.212886,0.380316,0.203472,0.447135,0.278381,0.464107,0.269554,0.458252,0.538209,0.804407,0.527966,0.598056,0.325716,0.520186,0.308219,0.464422
2112,2.025,1000080160,0.215688,0.3817,0.199386,0.440233,0.315815,0.514399,0.316465,0.480026,0.523543,0.783987,0.51471,0.58851,0.350931,0.554819,0.33883,0.480927
2112,1.775,1000080160,0.22003,0.387542,0.207414,0.443525,0.314384,0.511164,0.311456,0.47558,0.504222,0.758548,0.494569,0.574107,0.340234,0.542084,0.329958,0.478355
2112,0.275,1000260560,0.116375,0.203659,0.107512,0.231712,0.266485,0.395415,0.26424,0.303076,0.596857,0.861539,0.590474,0.600122,0.538154,0.775228,0.532812,0.54155
2112,1.525,1000080160,0.217887,0.387371,0.206854,0.446543,0.295644,0.487886,0.290963,0.467928,0.501192,0.75393,0.490571,0.570768,0.320932,0.515056,0.305401,0.464767
2112,1.275,1000080160,0.21141,0.3768,0.198158,0.44288,0.272244,0.455843,0.262407,0.455527,0.496411,0.743018,0.485792,0.566158,0.326178,0.522604,0.312615,0.468938
2112,0.775,1000260560,0.108433,0.196567,0.107748,0.240218,0.135067,0.227282,0.127343,0.235031,0.247583,0.371319,0.245662,0.2911,0.178637,0.279993,0.168208,0.245112
2112,1.025,1000260560,0.0996385,0.186748,0.10269,0.245026,0.119014,0.207691,0.113082,0.234663,0.202859,0.314251,0.200938,0.265529,0.126463,0.211769,0.105928,0.220759
2112,1.525,1000260560,0.0807066,0.162754,0.0843735,0.251158,0.11162,0.200073,0.110071,0.239084,0.166227,0.269748,0.167958,0.253687,0.0860666,0.159259,0.0554042,0.214169
2112,2.025,1000260560,0.0655279,0.141836,0.0704277,0.261745,0.131062,0.228794,0.139982,0.252424,0.171753,0.28076,0.182232,0.265891,0.0767553,0.148751,0.0495973,0.221135
2112,1.775,1000260560,0.0689751,0.145531,0.0667486,0.251258,0.127541,0.22315,0.133249,0.248339,0.166731,0.2728,0.173918,0.260073,0.0781968,0.149255,0.0465591,0.216202
2112,1.275,1000260560,0.0819393,0.162895,0.0802776,0.244923,0.114236,0.202936,0.111457,0.237821,0.176261,0.281297,0.175464,0.254734,0.0974677,0.173597,0.0679201,0.212646
2112,0.525,1000260560,0.113802,0.203581,0.113393,0.240594,0.197401,0.305905,0.193847,0.260649,0.354164,0.513238,0.352512,0.371805,0.296011,0.433607,0.29359,0.323799
