probe,ke,target,meanhA,meanErrhA,stdhA,stdErrhA,meannhN,meanErrhN,stdhN,stdErrhN,meanINCL,meanErrINCL,stdINCL,stdErrINCL,meanGeant4,meanErrGeant4,stdGeant4,stdErrGeant4
2212,0.075,1000080160,1.40429,2.2286,2.09383,1.72473,1.40208,1.66093,1.64056,1.20941,1.29631,0.798375,0.798355,0.559001,1.8107,1.04199,1.04183,0.730822
2212,1.825,1000060120,1.68622,2.30731,2.11335,1.80164,1.44053,1.55168,1.54003,1.11557,1.5306,0.905359,0.905355,0.633509,1.54044,1.05127,1.05121,0.736814
2212,0.575,1000080160,1.65952,2.44358,2.20458,1.92385,1.42921,1.68188,1.65765,1.22874,1.43822,1.08583,1.08575,0.760622,1.71033,1.19778,1.19651,0.843712
2212,0.325,1000080160,1.56496,2.38879,2.18204,1.87442,1.41812,1.71818,1.69055,1.25957,1.32683,1.08097,1.08093,0.756437,1.83106,1.19814,1.19642,0.845711
2212,0.075,1000060120,1.48586,2.12209,2.01031,1.62813,1.42235,1.57364,1.56022,1.13574,1.16136,0.894416,0.894418,0.626542,1.55995,0.966929,0.966917,0.677193
2212,0.825,1000060120,1.61573,2.31024,2.12345,1.80259,1.49316,1.55181,1.53869,1.11732,1.49678,0.92353,0.923526,0.646441,1.58789,1.07828,1.07815,0.756052
2212,1.075,1000060120,1.64304,2.25778,2.08703,1.75553,1.47558,1.50843,1.49867,1.08329,1.48665,0.901343,0.901338,0.630855,1.53504,1.03553,1.03512,0.725692
2212,0.575,1000060120,1.66514,2.28074,2.09776,1.77688,1.42624,1.57345,1.5599,1.13283,1.46265,0.959486,0.95948,0.671756,1.62855,1.16726,1.1667,0.820338
2212,1.075,1000080160,1.6512,2.45615,2.21084,1.93424,1.47416,1.68872,1.66208,1.23399,1.50094,1.04225,1.04221,0.729719,1.56222,1.18012,1.17958,0.829303
2212,0.325,1000180400,0.44216,2.40847,2.40847,1.685,0.966466,2.05701,2.05701,1.44097,0.382791,1.40097,1.40097,0.981381,0.833936,1.59445,1.59445,1.11688
2212,0.825,1000180400,0.390452,2.34653,2.34653,1.64719,0.823727,2.24927,2.24927,1.57291,0.255308,1.62892,1.62892,1.14117,0.294234,1.64569,1.64569,1.15292
2212,0.575,1000180400,0.364695,2.38783,2.38783,1.67272,0.927381,2.15583,2.15583,1.50725,0.333684,1.54406,1.54406,1.08148,0.518674,1.67854,1.67854,1.17594
2212,0.075,1000180400,0.460032,2.32633,2.32633,1.63022,1.00459,1.88329,1.88329,1.3172,0.201423,1.09624,1.09624,0.767846,0.357544,1.21681,1.21681,0.852373
2212,1.575,1000060120,1.61726,2.32199,2.13222,1.81369,1.50862,1.52156,1.51057,1.09365,1.51802,0.877453,0.877446,0.61418,1.55131,1.0527,1.05263,0.737768
2212,0.825,1000260560,0.705565,2.48369,2.48369,1.73854,0.888117,2.54819,2.54819,1.78148,1.03268,1.65114,1.65114,1.15652,1.32418,1.75629,1.75629,1.23037
2212,1.075,1000260560,0.785367,2.47645,2.47645,1.73238,0.791328,2.5454,2.5454,1.78336,0.944663,1.73671,1.73671,1.21615,1.24202,1.78138,1.78138,1.24568
2212,0.075,1000260560,0.631775,2.32765,2.32765,1.63046,1.07162,1.97315,1.97315,1.38026,1.01573,1.16664,1.16664,0.816949,1.56897,1.38007,1.38007,0.966507
2212,1.825,1000080160,1.63886,2.45786,2.21205,1.93566,1.4625,1.71343,1.68524,1.25816,1.48412,1.02788,1.02784,0.719557,1.61158,1.16733,1.1668,0.820368
2212,0.825,1000080160,1.61562,2.35668,2.14899,1.84391,1.48654,1.70531,1.67559,1.25197,1.5064,1.08961,1.0895,0.763555,1.62898,1.17319,1.17258,0.824922
2212,1.575,1000080160,1.64301,2.34364,2.14051,1.83276,1.49706,1.65787,1.63416,1.21121,1.52481,1.01823,1.0182,0.71295,1.63026,1.17257,1.17196,0.824471
2212,0.325,1000060120,1.59895,2.20758,2.05696,1.70937,1.48479,1.58783,1.57223,1.15046,1.33823,0.999498,0.999489,0.699931,1.7298,1.13687,1.13636,0.798762
2212,1.325,1000080160,1.58183,2.36025,2.15689,1.8472,1.50782,1.65606,1.6333,1.21035,1.49652,1.03497,1.03494,0.724408,1.61238,1.1842,1.18354,0.832731
2212,0.575,1000260560,0.672369,2.52531,2.52531,1.77267,0.959936,2.32128,2.32128,1.62281,1.07242,1.55727,1.55727,1.09049,1.56696,1.67978,1.67978,1.1764
2212,1.325,1000060120,1.60716,2.21798,2.06617,1.71959,1.46867,1.57422,1.56004,1.13819,1.48012,0.89579,0.895785,0.62712,1.5297,1.06243,1.0619,0.744558
2212,0.325,1000260560,0.704092,2.51455,2.51455,1.76325,1.06169,2.22522,2.22522,1.5588,1.10009,1.42354,1.42354,0.996965,1.74055,1.54498,1.54498,1.08208
2212,1.075,1000180400,0.39661,2.39393,2.39393,1.67694,0.658496,2.32399,2.32399,1.62683,0.242268,1.67837,1.67837,1.17727,0.145635,1.70211,1.70211,1.19283
2212,1.325,1000260560,0.672691,2.54929,2.54929,1.78223,0.777996,2.66346,2.66346,1.86157,0.903142,1.80587,1.80587,1.26454,1.08575,1.79592,1.79592,1.25887
2212,1.575,1000180400,0.398431,2.35785,2.35785,1.65164,0.729231,2.3213,2.3213,1.62611,0.209937,1.71574,1.71574,1.20189,0.0064257,1.72494,1.72494,1.2118
2212,1.825,1000180400,0.393216,2.38475,2.38475,1.67061,0.735671,2.34672,2.34672,1.64416,0.228194,1.77945,1.77945,1.24664,0.00139405,1.71742,1.71742,1.20311
2212,1.825,1000260560,0.716107,2.52995,2.52995,1.77241,0.645926,2.68397,2.68397,1.87998,0.919682,1.8609,1.8609,1.30181,0.960815,1.893,1.893,1.32453
2212,1.325,1000180400,0.447017,2.37076,2.37076,1.66552,0.627938,2.34897,2.34897,1.64359,0.20793,1.71149,1.71149,1.19887,0.0973608,1.70331,1.70331,1.19284
2212,1.575,1000260560,0.649023,2.51128,2.51128,1.75932,0.690493,2.66719,2.66719,1.86835,0.870438,1.82479,1.82479,1.27738,0.98912,1.79083,1.79083,1.25457
2212,0.125,1000080160,1.47975,2.25637,2.10458,1.75158,1.46587,1.67859,1.65392,1.22775,1.23114,0.965507,0.965505,0.676328,1.83401,1.09119,1.09081,0.766274
2212,1.875,1000060120,1.65194,2.31203,2.12294,1.80528,1.47073,1.54614,1.53424,1.11462,1.47094,0.869929,0.869921,0.60893,1.5573,1.03784,1.03779,0.727138
2212,0.625,1000080160,1.62993,2.40883,2.18816,1.89264,1.50456,1.70473,1.67457,1.25242,1.4796,1.08446,1.08436,0.759551,1.67705,1.1862,1.18516,0.834784
2212,0.375,1000080160,1.65674,2.4263,2.19113,1.90717,1.44729,1.69154,1.66574,1.23778,1.36236,1.09585,1.09578,0.767008,1.82768,1.2215,1.21915,0.863292
2212,0.125,1000060120,1.47718,2.24625,2.09749,1.74206,1.42282,1.58975,1.57524,1.1494,1.18618,0.965275,0.965274,0.675596,1.65062,1.05286,1.05276,0.737913
2212,1.125,1000060120,1.71606,2.37861,2.15522,1.8645,1.4243,1.54451,1.5328,1.10886,1.49881,0.897635,0.897631,0.628297,1.58623,1.08953,1.08938,0.764021
2212,0.875,1000060120,1.67852,2.26175,2.08596,1.76033,1.52142,1.5483,1.53452,1.11839,1.4828,0.932292,0.932288,0.65276,1.5712,1.06784,1.06774,0.748563
2212,0.625,1000060120,1.64408,2.31916,2.1278,1.81057,1.49801,1.57501,1.55923,1.13997,1.4629,0.920953,0.92095,0.644772,1.59786,1.12413,1.12386,0.788923
2212,1.125,1000080160,1.61586,2.35472,2.15402,1.84342,1.50926,1.67504,1.6483,1.22358,1.5131,1.06342,1.06335,0.744526,1.65602,1.1831,1.18235,0.832237
2212,0.375,1000180400,0.42618,2.40915,2.40915,1.68895,0.939382,2.07998,2.07998,1.45478,0.376023,1.42296,1.42296,0.996765,0.817941,1.59386,1.59386,1.11642
2212,0.875,1000180400,0.376574,2.36808,2.36808,1.65854,0.727861,2.34645,2.34645,1.64397,0.243952,1.64393,1.64392,1.15169,0.216331,1.70226,1.70226,1.19237
2212,0.125,1000180400,0.404128,2.44999,2.44999,1.71588,1.01679,1.96522,1.96522,1.37688,0.30607,1.21693,1.21693,0.85236,0.685106,1.44841,1.44841,1.01438
2212,0.625,1000180400,0.47192,2.36941,2.36941,1.66262,0.835083,2.18948,2.18948,1.53109,0.333798,1.55433,1.55433,1.08864,0.444762,1.67928,1.67928,1.17639
2212,1.625,1000060120,1.67153,2.30086,2.11098,1.79505,1.42199,1.51261,1.50374,1.08218,1.50685,0.86931,0.869301,0.608277,1.5501,1.07587,1.07576,0.754267
2212,1.875,1000080160,1.5702,2.34305,2.14847,1.83177,1.43795,1.70251,1.67571,1.24719,1.53207,1.02794,1.0279,0.719274,1.59071,1.13616,1.13476,0.797564
2212,0.875,1000260560,0.658097,2.52842,2.52842,1.77128,0.757117,2.59662,2.59662,1.816,0.988282,1.68177,1.68177,1.17805,1.29054,1.7402,1.7402,1.21896
2212,0.125,1000260560,0.669629,2.53123,2.53123,1.77325,1.1032,2.02895,2.02895,1.41874,1.02872,1.25599,1.25599,0.878161,1.75854,1.3769,1.3769,0.964154
2212,1.125,1000260560,0.656014,2.5096,2.5096,1.75445,0.824309,2.67402,2.67402,1.8731,0.921475,1.74017,1.74017,1.21895,1.17712,1.7591,1.7591,1.22965
2212,0.875,1000080160,1.60196,2.34373,2.14691,1.83281,1.53579,1.6913,1.66135,1.23909,1.51981,1.06037,1.06031,0.742823,1.63536,1.21787,1.21599,0.856023
2212,0.375,1000060120,1.60645,2.25873,2.09137,1.75606,1.4468,1.54645,1.53482,1.11364,1.36976,0.991998,0.99199,0.694734,1.74283,1.13627,1.13573,0.798542
2212,1.625,1000080160,1.67376,2.42469,2.18725,1.90467,1.42407,1.68278,1.6588,1.229,1.48743,1.02563,1.0256,0.717928,1.57085,1.16454,1.16409,0.818038
2212,1.375,1000080160,1.72288,2.46422,2.20617,1.9403,1.47319,1.69756,1.67073,1.24475,1.50974,1.04137,1.04132,0.728965,1.62903,1.21951,1.21844,0.859044
2212,0.625,1000260560,0.62805,2.46553,2.46553,1.7272,0.960847,2.39112,2.39112,1.67177,1.05723,1.58449,1.58449,1.10981,1.51419,1.65703,1.65703,1.16087
2212,1.375,1000060120,1.63734,2.34984,2.15045,1.84038,1.51228,1.54722,1.53406,1.11715,1.50409,0.90324,0.903235,0.632129,1.53335,1.03473,1.03469,0.725032
2212,1.375,1000260560,0.749794,2.53779,2.53779,1.77781,0.848927,2.66396,2.66396,1.86603,0.867411,1.80771,1.80771,1.2658,1.07375,1.82478,1.82478,1.27829
2212,0.375,1000260560,0.686745,2.54688,2.54688,1.78412,1.02303,2.26104,2.26104,1.58413,1.07885,1.43442,1.43442,1.00456,1.72666,1.5628,1.5628,1.09448
2212,1.875,1000180400,0.415531,2.39929,2.39929,1.6806,0.58643,2.37034,2.37034,1.65699,0.246863,1.74997,1.74997,1.2291,0.0038835,1.76656,1.76656,1.2376
2212,1.125,1000180400,0.441152,2.36943,2.36943,1.65994,0.712312,2.35124,2.35124,1.64513,0.225407,1.69516,1.69516,1.18748,0.151003,1.72036,1.72036,1.20505
2212,1.625,1000180400,0.39272,2.39637,2.39637,1.675,0.691165,2.35772,2.35772,1.64997,0.204184,1.75856,1.75856,1.232,0.0461633,1.73994,1.73994,1.21894
2212,1.625,1000260560,0.683649,2.56552,2.56552,1.79686,0.712615,2.65997,2.65997,1.86313,0.897603,1.83915,1.83915,1.28671,1.03954,1.84137,1.84137,1.28989
2212,1.875,1000260560,0.698758,2.53295,2.53295,1.77402,0.712286,2.67328,2.67328,1.86979,0.877893,1.84723,1.84723,1.29196,0.911239,1.88569,1.88569,1.32126
2212,1.375,1000180400,0.427273,2.36518,2.36518,1.65875,0.633498,2.36935,2.36935,1.65778,0.168893,1.69813,1.69813,1.19011,0.060199,1.72757,1.72757,1.20902
2212,0.175,1000080160,1.59987,2.38192,2.17537,1.86801,1.50974,1.69232,1.66412,1.24191,1.2196,1.05113,1.05111,0.734901,1.84351,1.17865,1.17741,0.831001
2212,1.925,1000060120,1.62958,2.33529,2.14102,1.82547,1.48254,1.54414,1.53095,1.11038,1.50034,0.892157,0.892152,0.624152,1.57087,1.04015,1.0401,0.728952
2212,0.425,1000080160,1.63465,2.32444,2.12926,1.81538,1.45028,1.73,1.69717,1.27155,1.38785,1.1076,1.1075,0.775524,1.76656,1.24468,1.24262,0.880054
2212,0.675,1000080160,1.62061,2.39066,2.1724,1.8751,1.45229,1.71344,1.68299,1.25396,1.49326,1.07632,1.07624,0.754004,1.70529,1.19922,1.19751,0.844612
2212,0.175,1000060120,1.59324,2.24635,2.08731,1.74531,1.43026,1.56434,1.55165,1.12826,1.22414,0.989109,0.989105,0.692599,1.67285,1.10381,1.10355,0.774502
2212,1.175,1000060120,1.62203,2.25964,2.09103,1.7573,1.48282,1.5866,1.57078,1.14927,1.50062,0.886269,0.886263,0.620397,1.5064,1.09115,1.09104,0.765061
2212,0.925,1000060120,1.55271,2.228,2.07671,1.72704,1.49673,1.53357,1.52188,1.10507,1.4911,0.907398,0.907394,0.635243,1.51501,1.09569,1.09556,0.768195
2212,0.675,1000060120,1.64683,2.21771,2.05904,1.72025,1.49351,1.56774,1.55348,1.13374,1.47179,0.945668,0.945663,0.661994,1.59331,1.12571,1.12544,0.790047
2212,1.175,1000080160,1.68802,2.4942,2.22792,1.96785,1.42095,1.72383,1.69473,1.26293,1.5128,1.03681,1.03677,0.725487,1.60211,1.16582,1.16531,0.819329
2212,0.425,1000180400,0.454645,2.42485,2.42485,1.70227,0.91274,2.11719,2.11719,1.48012,0.372432,1.4573,1.4573,1.02089,0.73408,1.6067,1.6067,1.12588
2212,0.925,1000180400,0.5244,2.38068,2.38068,1.66673,0.801608,2.31346,2.31346,1.61901,0.225007,1.64807,1.64807,1.15439,0.217391,1.68798,1.68798,1.1825
2212,0.175,1000180400,0.451716,2.38403,2.38403,1.67306,0.982549,2.02307,2.02307,1.4172,0.333362,1.29186,1.29186,0.905006,0.824976,1.48098,1.48098,1.03722
2212,0.675,1000180400,0.36477,2.43556,2.43556,1.7061,0.8798,2.23849,2.23849,1.56576,0.2694,1.57418,1.57418,1.10276,0.421651,1.66652,1.66652,1.16743
2212,1.675,1000060120,1.72304,2.29583,2.10046,1.7909,1.48059,1.5228,1.51189,1.09518,1.49762,0.899038,0.899033,0.629158,1.4905,1.10786,1.10772,0.77684
2212,1.925,1000080160,1.61244,2.32924,2.13883,1.82031,1.48797,1.71259,1.68314,1.25866,1.51982,1.0013,1.00128,0.700802,1.58418,1.15383,1.15342,0.810335
2212,0.175,1000260560,0.726601,2.5621,2.5621,1.79666,1.07606,2.11828,2.11828,1.48113,1.07742,1.30308,1.30308,0.912153,1.75673,1.43124,1.43124,1.00256
2212,0.925,1000260560,0.767772,2.48556,2.48556,1.74126,0.929159,2.57653,2.57653,1.80491,0.971946,1.66997,1.66997,1.16979,1.34386,1.79964,1.79964,1.26066
2212,0.925,1000080160,1.68025,2.41269,2.18346,1.89564,1.46664,1.7273,1.69672,1.26729,1.51874,1.0691,1.06902,0.748892,1.63873,1.18657,1.18555,0.8347
2212,1.675,1000080160,1.55074,2.35274,2.16,1.84116,1.50066,1.68298,1.65591,1.23321,1.51867,1.01818,1.01815,0.712306,1.6437,1.18573,1.18499,0.834134
2212,1.175,1000260560,0.791478,2.56309,2.56309,1.79564,0.76922,2.68218,2.68218,1.8789,0.933718,1.75005,1.75005,1.22545,1.16675,1.77942,1.77942,1.24657
2212,0.425,1000060120,1.60559,2.20095,2.05124,1.7035,1.44278,1.55559,1.5436,1.12144,1.4031,0.971899,0.971893,0.6805,1.68405,1.14531,1.14481,0.804586
2212,0.675,1000260560,0.708873,2.52499,2.52499,1.76859,0.960186,2.43258,2.43258,1.70188,1.04801,1.60516,1.60516,1.12412,1.44974,1.70238,1.70238,1.19249
2212,1.425,1000060120,1.66224,2.27854,2.0986,1.77502,1.49527,1.4805,1.47188,1.05887,1.48438,0.885936,0.88593,0.620228,1.5836,1.05569,1.05561,0.739967
2212,1.425,1000080160,1.59875,2.31028,2.12493,1.80241,1.46228,1.68514,1.65836,1.22946,1.51468,1.03148,1.03145,0.72196,1.59143,1.17535,1.1744,0.826033
2212,0.425,1000260560,0.66438,2.4759,2.4759,1.73443,1.00608,2.2906,2.2906,1.60149,1.10629,1.48199,1.48199,1.03796,1.68265,1.58333,1.58333,1.109
2212,1.425,1000260560,0.747347,2.46073,2.46073,1.72387,0.661,2.73077,2.73077,1.91324,0.86407,1.79642,1.79642,1.25754,1.01852,1.82381,1.82381,1.27766
2212,1.675,1000180400,0.401324,2.36595,2.36595,1.66133,0.627021,2.35572,2.35572,1.64904,0.214674,1.71232,1.71232,1.20222,0.0155497,1.74234,1.74234,1.22276
2212,1.175,1000180400,0.408824,2.38369,2.38369,1.67352,0.737441,2.37317,2.37317,1.65997,0.217389,1.69349,1.69349,1.18623,0.0951598,1.70602,1.70602,1.19517
2212,1.925,1000180400,0.431713,2.3675,2.3675,1.65858,0.704204,2.36698,2.36698,1.65644,0.193749,1.71656,1.71656,1.20597,0.066437,1.76758,1.76758,1.23828
2212,1.675,1000260560,0.575955,2.47138,2.47138,1.73138,0.683493,2.70907,2.70907,1.89453,0.856863,1.80323,1.80323,1.26213,0.936691,1.84569,1.84569,1.29303
2212,1.425,1000180400,0.409128,2.39607,2.39607,1.67859,0.727577,2.38256,2.38256,1.66816,0.183226,1.72182,1.72182,1.20627,0.0183811,1.70932,1.70932,1.19529
2212,1.925,1000260560,0.693626,2.532,2.532,1.77367,0.712981,2.6025,2.6025,1.82024,0.899751,1.81974,1.81974,1.27244,0.851972,1.85651,1.85651,1.3006
2212,0.225,1000080160,1.58013,2.37587,2.17264,1.86274,1.48708,1.71323,1.6824,1.25858,1.24242,1.05254,1.05252,0.736117,1.85762,1.14743,1.14655,0.807818
2212,0.475,1000080160,1.55208,2.33565,2.14651,1.82525,1.43714,1.73924,1.70743,1.27933,1.41255,1.10484,1.10474,0.77361,1.768,1.19146,1.19031,0.839637
2212,1.975,1000060120,1.59066,2.29595,2.11972,1.78955,1.49243,1.59857,1.58207,1.1568,1.5,0.892658,0.892653,0.624646,1.57641,1.04755,1.04748,0.734246
2212,0.725,1000080160,1.63743,2.41466,2.18721,1.89701,1.5425,1.70962,1.67787,1.25882,1.51092,1.066,1.06593,0.746726,1.65912,1.16868,1.16805,0.821705
2212,0.225,1000060120,1.57688,2.15425,2.02387,1.66076,1.48409,1.59029,1.57434,1.15218,1.27273,1.01323,1.01322,0.709665,1.74638,1.13052,1.13002,0.794348
2212,1.225,1000060120,1.66085,2.33324,2.13434,1.824,1.45165,1.54398,1.53268,1.11206,1.48751,0.916137,0.916133,0.641009,1.51755,1.08776,1.08765,0.762545
2212,0.975,1000060120,1.65403,2.2481,2.07869,1.74728,1.52042,1.57489,1.559,1.13788,1.47741,0.919162,0.919158,0.643361,1.51511,1.06907,1.06899,0.749361
2212,0.725,1000060120,1.62128,2.42125,2.19607,1.90402,1.47767,1.57544,1.5614,1.13968,1.47633,0.927665,0.927661,0.649559,1.57644,1.10675,1.10656,0.776264
2212,1.225,1000080160,1.66516,2.31604,2.11967,1.80808,1.49812,1.70431,1.67604,1.25201,1.49418,1.02124,1.02121,0.714863,1.59819,1.14579,1.14542,0.804606
2212,0.225,1000180400,0.402985,2.50436,2.50436,1.75751,0.966962,2.00632,2.00632,1.40244,0.375151,1.33891,1.33891,0.939264,0.859398,1.54564,1.54564,1.08258
2212,0.975,1000180400,0.370483,2.32718,2.32718,1.6336,0.760493,2.3699,2.3699,1.65839,0.227788,1.63469,1.63469,1.14515,0.172883,1.673,1.673,1.1697
2212,0.475,1000180400,0.384872,2.38981,2.38981,1.67422,0.9,2.12716,2.12716,1.49033,0.36409,1.47998,1.47998,1.03661,0.696125,1.66446,1.66446,1.16294
2212,0.725,1000180400,0.450261,2.37983,2.37983,1.66715,0.887913,2.30447,2.30447,1.61457,0.296992,1.59853,1.59853,1.11981,0.365527,1.6655,1.6655,1.16662
2212,1.725,1000060120,1.52984,2.27367,2.11262,1.76893,1.44436,1.57495,1.56154,1.13754,1.47423,0.86788,0.867871,0.607275,1.49763,1.08142,1.08133,0.758041
2212,1.975,1000080160,1.57235,2.34914,2.1533,1.83769,1.39887,1.72159,1.69429,1.25856,1.50181,1.01483,1.0148,0.710027,1.59498,1.17606,1.1755,0.826579
2212,0.225,1000260560,0.659592,2.52264,2.52264,1.77257,1.06458,2.13772,2.13772,1.49774,1.08426,1.36061,1.36061,0.952685,1.80005,1.48729,1.48729,1.04154
2212,0.975,1000260560,0.689641,2.49853,2.49853,1.75039,0.889564,2.56234,2.56234,1.79363,0.971119,1.70091,1.70091,1.19129,1.2535,1.78722,1.78722,1.25178
2212,0.975,1000080160,1.58964,2.42704,2.20088,1.90862,1.47164,1.78074,1.74189,1.31456,1.51234,1.04642,1.04637,0.732818,1.62409,1.18972,1.18898,0.837038
2212,1.725,1000080160,1.67018,2.38817,2.16349,1.87256,1.51419,1.66097,1.63518,1.21454,1.49203,1.01276,1.01274,0.708907,1.61549,1.11176,1.11152,0.780097
2212,0.475,1000060120,1.60198,2.21696,2.06607,1.71861,1.45811,1.57525,1.56091,1.13857,1.42784,0.996704,0.996692,0.697886,1.68079,1.13407,1.13365,0.796527
2212,1.225,1000260560,0.655032,2.53801,2.53801,1.77435,0.701011,2.68263,2.68263,1.87898,0.902845,1.77674,1.77674,1.24412,1.14993,1.79495,1.79495,1.2572
2212,1.475,1000060120,1.67803,2.32308,2.12406,1.81479,1.46431,1.53902,1.52813,1.10845,1.48473,0.885831,0.885825,0.619906,1.50603,1.08501,1.08491,0.760549
2212,0.725,1000260560,0.747742,2.53134,2.53134,1.77281,0.945004,2.4869,2.4869,1.73884,1.05022,1.62064,1.62064,1.1351,1.42413,1.687,1.687,1.18169
2212,0.475,1000260560,0.665713,2.53151,2.53151,1.7735,1.00522,2.29949,2.29949,1.61107,1.08011,1.5123,1.5123,1.05926,1.65662,1.63094,1.63094,1.14233
2212,1.475,1000260560,0.753045,2.55546,2.55546,1.79472,0.778098,2.52939,2.52939,1.76897,0.891903,1.80843,1.80843,1.26637,1.05505,1.83388,1.83388,1.28453
2212,1.225,1000180400,0.437474,2.30327,2.30327,1.61048,0.771736,2.31261,2.31261,1.6186,0.192031,1.6905,1.6905,1.18422,0.132252,1.72978,1.72978,1.21179
2212,1.475,1000180400,0.452063,2.37416,2.37416,1.66316,0.723352,2.34929,2.34929,1.64204,0.225853,1.73214,1.73214,1.21242,-0.0201023,1.72855,1.72855,1.21164
2212,1.975,1000180400,0.432486,2.32696,2.32696,1.63018,0.752471,2.35476,2.35476,1.64955,0.258718,1.77701,1.77701,1.24308,-0.0276139,1.78342,1.78342,1.24757
2212,1.725,1000180400,0.430314,2.3807,2.3807,1.67064,0.663439,2.36892,2.36892,1.65643,0.231385,1.71951,1.71951,1.2046,-0.0456541,1.77442,1.77442,1.2431
2212,1.725,1000260560,0.703503,2.48618,2.48618,1.74175,0.670651,2.64103,2.64103,1.85003,0.852855,1.84842,1.84842,1.29364,0.95177,1.85184,1.85184,1.30124
2212,1.975,1000260560,0.727806,2.5361,2.5361,1.77844,0.823752,2.55361,2.55361,1.78546,0.925759,1.80438,1.80438,1.26201,0.868442,1.86121,1.86121,1.30366
2212,1.475,1000080160,1.63003,2.35324,2.14985,1.84251,1.5061,1.67755,1.65175,1.22888,1.4962,1.02359,1.02356,0.716674,1.60795,1.16344,1.16295,0.817642
2212,0.275,1000080160,1.58272,2.37312,2.16852,1.85962,1.49059,1.73318,1.70099,1.27653,1.31341,1.0704,1.07036,0.748946,1.86931,1.17531,1.17402,0.828835
2212,2.025,1000060120,1.58903,2.44198,2.21456,1.92334,1.48744,1.53446,1.52341,1.10354,1.47937,0.905276,0.905272,0.63335,1.57796,1.11567,1.11544,0.782714
2212,0.775,1000080160,1.62939,2.38878,2.17115,1.87344,1.48194,1.69017,1.66185,1.23529,1.5121,1.07146,1.07138,0.750711,1.67906,1.17013,1.16921,0.821387
2212,0.525,1000080160,1.62966,2.35439,2.15046,1.84171,1.50307,1.69424,1.66475,1.24302,1.45312,1.09563,1.09553,0.767441,1.69701,1.22081,1.21928,0.860812
2212,1.275,1000060120,1.70918,2.30734,2.10918,1.80089,1.51944,1.53557,1.5238,1.10773,1.48741,0.890167,0.890162,0.622852,1.54745,1.04798,1.04792,0.734512
2212,0.275,1000060120,1.56593,2.31212,2.13394,1.80494,1.43556,1.60066,1.58503,1.15923,1.29822,0.991092,0.991087,0.694134,1.70552,1.12652,1.12611,0.791176
2212,0.775,1000060120,1.67517,2.30078,2.11166,1.79535,1.52198,1.56834,1.55357,1.13249,1.48137,0.926243,0.926239,0.648442,1.55373,1.11702,1.11681,0.78359
2212,1.275,1000080160,1.62452,2.38656,2.17065,1.87151,1.49609,1.68728,1.66103,1.23406,1.50359,1.01853,1.0185,0.713157,1.61687,1.16946,1.16891,0.822098
2212,1.025,1000060120,1.71734,2.36131,2.14383,1.84911,1.47045,1.53742,1.52589,1.10595,1.47854,0.914976,0.914972,0.640488,1.565,1.10544,1.10488,0.775338
2212,0.275,1000180400,0.448081,2.38678,2.38678,1.67336,0.969615,2.07042,2.07042,1.44787,0.384972,1.36586,1.36586,0.95686,0.893931,1.5742,1.5742,1.10256
2212,1.775,1000060120,1.67196,2.36385,2.15286,1.85086,1.42379,1.55259,1.54122,1.1158,1.51117,0.863666,0.863655,0.604424,1.58202,1.09391,1.09375,0.767201
2212,1.025,1000180400,0.361842,2.34354,2.34354,1.64179,0.677765,2.36185,2.36185,1.65447,0.20638,1.67517,1.67517,1.17413,0.192493,1.73889,1.73889,1.21636
2212,0.775,1000180400,0.389933,2.38956,2.38956,1.67702,0.807287,2.32229,2.32229,1.62319,0.284029,1.59279,1.59279,1.1157,0.262265,1.68784,1.68784,1.1819
2212,0.525,1000180400,0.436552,2.33808,2.33808,1.64119,0.927106,2.13768,2.13768,1.49445,0.345613,1.51278,1.51278,1.05978,0.578888,1.61657,1.61657,1.1309
2212,2.025,1000080160,1.57519,2.46597,2.22516,1.94402,1.51849,1.73015,1.69716,1.27576,1.51401,0.997342,0.997323,0.698046,1.61305,1.20008,1.19927,0.844423
2212,1.025,1000260560,0.767163,2.51402,2.51402,1.7612,0.907254,2.60415,2.60415,1.81992,0.927278,1.69911,1.69911,1.19004,1.23379,1.77646,1.77646,1.24451
2212,0.275,1000260560,0.767702,2.56993,2.56993,1.79958,1.06617,2.17594,2.17594,1.52451,1.09279,1.39022,1.39022,0.973571,1.79059,1.52025,1.52025,1.06486
2212,1.025,1000080160,1.66501,2.47196,2.22284,1.94957,1.50133,1.67406,1.64846,1.22234,1.5066,1.04022,1.04018,0.728371,1.6076,1.17636,1.17577,0.826943
2212,0.525,1000060120,1.57522,2.23395,2.08062,1.73346,1.49402,1.57596,1.5611,1.14075,1.44221,0.962746,0.96274,0.674151,1.62508,1.12575,1.12545,0.790147
2212,1.775,1000080160,1.62644,2.45305,2.21472,1.93225,1.43715,1.69681,1.6715,1.24231,1.53693,1.00838,1.00836,0.705888,1.59387,1.15403,1.15361,0.810532
2212,1.525,1000060120,1.62992,2.21957,2.06146,1.72107,1.51252,1.46092,1.45276,1.04298,1.47339,0.885099,0.885093,0.619254,1.49374,1.11293,1.11277,0.780511
2212,1.275,1000260560,0.77673,2.47233,2.47233,1.72967,0.747698,2.63124,2.63124,1.84351,0.911979,1.81437,1.81437,1.27006,1.15531,1.80798,1.80798,1.26364
2212,0.775,1000260560,0.738733,2.54408,2.54408,1.78223,0.860267,2.47402,2.47402,1.7292,1.03722,1.62707,1.62707,1.13966,1.42886,1.70126,1.70126,1.19178
2212,0.525,1000260560,0.807774,2.47809,2.47809,1.73591,1.04513,2.31154,2.31154,1.61925,1.10102,1.53366,1.53366,1.07418,1.60052,1.63538,1.63538,1.14566
2212,1.275,1000180400,0.403004,2.3522,2.3522,1.64759,0.656,2.37045,2.37045,1.65682,0.226329,1.71586,1.71586,1.20197,0.0835484,1.73509,1.73509,1.21551
2212,1.525,1000260560,0.671185,2.51421,2.51421,1.75959,0.814036,2.68298,2.68298,1.87937,0.876167,1.81149,1.81149,1.26821,1.01098,1.85272,1.85272,1.3003
2212,1.525,1000180400,0.440641,2.36539,2.36539,1.65698,0.680479,2.36677,2.36677,1.65509,0.198782,1.73932,1.73932,1.22018,0.0467814,1.73331,1.73331,1.21428
2212,2.025,1000180400,0.435717,2.43737,2.43737,1.70966,0.62765,2.34492,2.34492,1.6426,0.22515,1.71428,1.71428,1.20095,0.0353075,1.76803,1.76803,1.23825
2212,1.775,1000180400,0.31961,2.44456,2.44456,1.71412,0.666802,2.3167,2.3167,1.62313,0.220254,1.7232,1.7232,1.20758,0.0586937,1.73779,1.73779,1.21511
2212,1.775,1000260560,0.758132,2.50934,2.50934,1.75758,0.754211,2.61558,2.61558,1.83044,0.891338,1.8397,1.8397,1.28694,0.984424,1.88207,1.88207,1.31875
2212,2.025,1000260560,0.651997,2.5569,2.5569,1.79128,0.730737,2.50547,2.50547,1.75144,0.91482,1.80945,1.80945,1.26494,0.931324,1.9046,1.9046,1.33389
2212,1.525,1000080160,1.60718,2.34243,2.14742,1.83206,1.52781,1.6926,1.66317,1.24299,1.52845,1.01012,1.01009,0.706949,1.57117,1.15394,1.15355,0.810491
2112,0.325,1000060120,-0.446958,2.11248,2.06966,1.58778,-0.491274,1.5963,1.59341,1.12672,-0.209338,1.01346,1.01346,0.709684,-0.460644,1.11835,1.11835,0.783293
2112,0.075,1000060120,-0.271952,2.06718,2.03484,1.54116,-0.429805,1.55275,1.55106,1.0955,0.055742,0.923694,0.923695,0.646171,-0.120199,0.969428,0.969429,0.67873
2112,0.575,1000060120,-0.431338,2.13124,2.08464,1.60586,-0.466442,1.5639,1.56172,1.10201,-0.318903,0.966178,0.966178,0.676523,-0.463729,1.12266,1.12266,0.786415
2112,0.825,1000060120,-0.442023,2.1305,2.0846,1.60866,-0.52165,1.52753,1.52596,1.07516,-0.355133,0.935759,0.935758,0.655129,-0.409827,1.0931,1.0931,0.765694
2112,1.075,1000060120,-0.547929,2.09845,2.05431,1.57764,-0.496033,1.54927,1.54744,1.09176,-0.375544,0.900583,0.900581,0.630432,-0.375378,1.06643,1.06643,0.746981
2112,1.575,1000060120,-0.463065,2.1645,2.11279,1.6437,-0.481091,1.58023,1.57755,1.11515,-0.373776,0.901771,0.901769,0.631044,-0.360831,1.02299,1.02299,0.716596
2112,1.325,1000060120,-0.456223,2.13771,2.08984,1.61321,-0.479914,1.54,1.53803,1.08385,-0.378259,0.902407,0.902405,0.631683,-0.366364,1.06362,1.06362,0.744898
2112,1.825,1000060120,-0.41835,2.16571,2.1151,1.64441,-0.490905,1.50221,1.50104,1.05568,-0.359958,0.901051,0.901049,0.630516,-0.365513,1.05574,1.05574,0.739493
2112,0.075,1000180400,-0.956359,2.28156,2.28156,1.59839,-0.807863,1.8733,1.8733,1.3095,-0.634283,1.18027,1.18027,0.826628,-1.21119,1.34504,1.34504,0.942191
2112,0.325,1000180400,-1.36729,2.27784,2.27784,1.59573,-0.961675,2.0706,2.0706,1.44863,-0.873107,1.44765,1.44765,1.01349,-1.28922,1.51217,1.51217,1.05806
2112,0.575,1000180400,-1.52094,2.32927,2.32927,1.63139,-1.10743,2.17256,2.17256,1.5196,-1.15328,1.55623,1.55623,1.08959,-1.37254,1.5934,1.5934,1.11622
2112,1.075,1000180400,-1.50391,2.37814,2.37814,1.66504,-1.26535,2.28563,2.28563,1.60021,-1.41281,1.66921,1.66921,1.17189,-1.57986,1.70615,1.70615,1.19795
2112,0.825,1000180400,-1.45504,2.31966,2.31966,1.62496,-1.1643,2.26857,2.26857,1.5855,-1.30124,1.63246,1.63246,1.14295,-1.49495,1.65939,1.65939,1.16232
2112,1.575,1000180400,-1.54071,2.31902,2.31902,1.62557,-1.20076,2.27615,2.27615,1.59262,-1.43858,1.72436,1.72436,1.20781,-1.72859,1.75515,1.75515,1.23075
2112,1.325,1000180400,-1.56391,2.34199,2.34199,1.64032,-1.23504,2.35671,2.35671,1.65076,-1.42735,1.69354,1.69354,1.18695,-1.6593,1.73415,1.73415,1.21413
2112,1.825,1000180400,-1.48952,2.31501,2.31501,1.62175,-1.19428,2.30068,2.30068,1.61191,-1.42634,1.75551,1.75551,1.22983,-1.78929,1.7377,1.7377,1.21432
2112,0.375,1000060120,-0.478866,2.09489,2.05278,1.57223,-0.475952,1.57733,1.57508,1.11245,-0.224769,0.99304,0.99304,0.695519,-0.465255,1.12205,1.12205,0.785885
2112,0.625,1000060120,-0.396364,2.128,2.08415,1.60305,-0.445753,1.55527,1.55308,1.09754,-0.324425,0.95414,0.954139,0.66817,-0.436993,1.10032,1.10032,0.770714
2112,0.875,1000060120,-0.475309,2.11834,2.07399,1.59662,-0.523798,1.56165,1.55952,1.10097,-0.355898,0.932758,0.932757,0.652985,-0.36,1.09228,1.09228,0.765052
2112,1.125,1000060120,-0.446287,2.12932,2.08319,1.60644,-0.496301,1.54753,1.54573,1.09015,-0.36563,0.902138,0.902136,0.631412,-0.390695,1.09487,1.09487,0.766908
2112,0.125,1000060120,-0.355285,2.0659,2.03199,1.54157,-0.428488,1.57143,1.56944,1.10974,-0.00287409,0.996273,0.996273,0.697796,-0.382517,1.01681,1.01681,0.711959
2112,1.625,1000060120,-0.464971,2.09666,2.05533,1.57167,-0.462098,1.54368,1.54205,1.08618,-0.388232,0.887526,0.887522,0.62118,-0.349345,1.0388,1.0388,0.727515
2112,1.375,1000060120,-0.539667,2.09742,2.05368,1.57645,-0.526308,1.50093,1.49969,1.05733,-0.374299,0.893505,0.893502,0.62546,-0.387477,1.05277,1.05277,0.737378
2112,1.875,1000060120,-0.476626,2.1319,2.085,1.60902,-0.514945,1.5811,1.57862,1.11817,-0.362583,0.901938,0.901936,0.63104,-0.276712,1.0856,1.0856,0.760456
2112,0.375,1000180400,-1.47791,2.36646,2.36646,1.6564,-1.00273,2.07613,2.07613,1.45108,-0.916945,1.47476,1.47476,1.03279,-1.2679,1.5463,1.5463,1.0813
2112,0.125,1000180400,-1.20139,2.33977,2.33977,1.63512,-0.90285,1.93447,1.93447,1.35281,-0.582913,1.30354,1.30354,0.913055,-1.1884,1.37616,1.37616,0.963987
2112,1.125,1000180400,-1.44417,2.30117,2.30117,1.61277,-1.21125,2.34876,2.34876,1.64306,-1.40243,1.71051,1.71051,1.1982,-1.62478,1.69291,1.69291,1.18756
2112,0.875,1000180400,-1.53415,2.27986,2.27986,1.59702,-1.23221,2.32389,2.32389,1.62556,-1.359,1.63884,1.63884,1.14808,-1.55424,1.70308,1.70308,1.19311
2112,1.625,1000180400,-1.48239,2.29758,2.29758,1.60819,-1.25485,2.35175,2.35175,1.64403,-1.40802,1.70991,1.70991,1.19777,-1.75938,1.71631,1.71631,1.20222
2112,1.375,1000180400,-1.56222,2.31356,2.31356,1.62403,-1.2474,2.39495,2.39495,1.67613,-1.43966,1.70351,1.70351,1.19209,-1.62035,1.74797,1.74797,1.22444
2112,1.875,1000180400,-1.5848,2.32487,2.32487,1.62809,-1.20145,2.31224,2.31224,1.61827,-1.39301,1.72124,1.72124,1.20583,-1.72481,1.80718,1.80718,1.2661
2112,0.425,1000060120,-0.414451,2.11845,2.07535,1.59305,-0.493104,1.52508,1.52362,1.07516,-0.250343,0.980268,0.980268,0.686382,-0.424948,1.13022,1.13022,0.791689
2112,0.925,1000060120,-0.460246,2.1141,2.07038,1.5919,-0.519356,1.51704,1.51562,1.06936,-0.382231,0.919724,0.919723,0.643953,-0.411369,1.11762,1.11762,0.78283
2112,1.175,1000060120,-0.449868,2.07092,2.03231,1.54559,-0.453427,1.54349,1.54188,1.08628,-0.361222,0.903314,0.903312,0.632434,-0.330963,1.0891,1.0891,0.762919
2112,1.425,1000060120,-0.449135,2.13225,2.08617,1.60723,-0.493312,1.48657,1.48556,1.04635,-0.377482,0.90181,0.901807,0.631203,-0.341791,1.06848,1.06848,0.748429
2112,0.175,1000060120,-0.41016,2.10394,2.06336,1.57998,-0.471331,1.55778,1.55589,1.09952,-0.0867704,1.01415,1.01415,0.710305,-0.456385,1.08957,1.08957,0.762998
2112,0.675,1000060120,-0.411804,2.09543,2.05591,1.57019,-0.50284,1.5699,1.56747,1.10657,-0.350319,0.947532,0.947532,0.663452,-0.390134,1.11621,1.11621,0.781831
2112,1.675,1000060120,-0.537653,2.17278,2.11711,1.65317,-0.434818,1.51492,1.51338,1.06701,-0.371316,0.918038,0.918037,0.642698,-0.381797,1.12525,1.12525,0.788017
2112,1.925,1000060120,-0.475287,2.13484,2.08789,1.61343,-0.551887,1.5172,1.51568,1.0698,-0.371113,0.895152,0.89515,0.626281,-0.32744,0.985514,0.985514,0.690312
2112,1.175,1000180400,-1.53888,2.32578,2.32578,1.62799,-1.202,2.2947,2.2947,1.60517,-1.42866,1.68769,1.68769,1.18446,-1.67536,1.74392,1.74392,1.22137
2112,0.175,1000180400,-1.26093,2.32245,2.32245,1.62663,-0.938743,1.99937,1.99937,1.39858,-0.623302,1.34618,1.34618,0.940961,-1.27485,1.40953,1.40953,0.987462
2112,0.425,1000180400,-1.45533,2.31928,2.31928,1.6244,-0.989158,2.13497,2.13497,1.49427,-0.983779,1.49137,1.49137,1.0443,-1.25347,1.55921,1.55921,1.0934
2112,0.925,1000180400,-1.49555,2.30188,2.30188,1.60941,-1.19642,2.29696,2.29696,1.60902,-1.33286,1.6731,1.6731,1.17192,-1.58552,1.64941,1.64941,1.15539
2112,1.425,1000180400,-1.50217,2.24792,2.24792,1.57392,-1.18624,2.30874,2.30874,1.61389,-1.40751,1.71134,1.71134,1.19826,-1.66019,1.74099,1.74099,1.21951
2112,1.675,1000180400,-1.58746,2.31195,2.31195,1.61885,-1.21572,2.33858,2.33858,1.63846,-1.40957,1.72525,1.72525,1.20856,-1.76973,1.78115,1.78115,1.24475
2112,1.925,1000180400,-1.47623,2.2814,2.2814,1.59639,-1.19513,2.33497,2.33497,1.6323,-1.39966,1.73709,1.73709,1.21653,-1.78122,1.77798,1.77798,1.24784
2112,0.625,1000180400,-1.4602,2.2761,2.2761,1.59445,-1.09715,2.1592,2.1592,1.51167,-1.1861,1.57922,1.57922,1.10723,-1.35164,1.62395,1.62395,1.13752
2112,0.475,1000060120,-0.378051,2.10312,2.06375,1.58104,-0.511865,1.56286,1.56074,1.10408,-0.300947,0.98948,0.98948,0.692807,-0.451797,1.11163,1.11163,0.778614
2112,0.975,1000060120,-0.465379,2.10908,2.06671,1.58717,-0.497647,1.53337,1.53178,1.07888,-0.363526,0.925367,0.925366,0.647802,-0.372402,1.08906,1.08906,0.762837
2112,1.475,1000060120,-0.4683,2.18631,2.13129,1.66303,-0.487528,1.55296,1.5511,1.09466,-0.352665,0.882381,0.882378,0.617689,-0.341946,1.1075,1.1075,0.775693
2112,0.225,1000060120,-0.422057,2.01242,1.9835,1.48856,-0.464536,1.53795,1.53639,1.08461,-0.11498,0.99253,0.99253,0.695298,-0.451567,1.07411,1.07411,0.752323
2112,1.225,1000060120,-0.412638,2.07654,2.03897,1.55131,-0.464423,1.55077,1.54902,1.09169,-0.362382,0.914988,0.914987,0.640398,-0.348679,1.06016,1.06016,0.7426
2112,0.725,1000060120,-0.387079,2.1877,2.13503,1.66732,-0.542231,1.54855,1.54613,1.09118,-0.344904,0.956754,0.956754,0.669865,-0.357667,1.10944,1.10944,0.777102
2112,1.725,1000060120,-0.474717,2.11314,2.06991,1.59151,-0.471441,1.53481,1.53327,1.0823,-0.37267,0.905841,0.905839,0.633918,-0.307126,1.11949,1.11948,0.784107
2112,1.975,1000060120,-0.469549,2.11453,2.07158,1.59419,-0.416985,1.53966,1.53784,1.08546,-0.381769,0.876359,0.876354,0.613405,-0.37069,1.0945,1.0945,0.766548
2112,0.225,1000180400,-1.3564,2.37828,2.37828,1.66528,-0.969417,1.98841,1.98841,1.39026,-0.713384,1.40463,1.40463,0.982556,-1.23798,1.45505,1.45504,1.01928
2112,0.475,1000180400,-1.47091,2.3027,2.3027,1.61263,-1.04434,2.13426,2.13426,1.49531,-1.04468,1.51382,1.51382,1.06054,-1.27844,1.58181,1.58181,1.1106
2112,0.975,1000180400,-1.57168,2.23463,2.23463,1.56528,-1.17055,2.29994,2.29994,1.60944,-1.37929,1.63832,1.63832,1.14923,-1.56659,1.69029,1.69029,1.18518
2112,1.225,1000180400,-1.51932,2.32551,2.32551,1.62853,-1.20715,2.35759,2.35759,1.64918,-1.39958,1.68034,1.68034,1.17611,-1.67694,1.72403,1.72403,1.2078
2112,1.475,1000180400,-1.46221,2.31137,2.31137,1.61944,-1.16471,2.27546,2.27546,1.59396,-1.42634,1.727,1.727,1.20986,-1.68666,1.78742,1.78742,1.25218
2112,1.725,1000180400,-1.60959,2.32358,2.32358,1.62734,-1.20022,2.22554,2.22554,1.55622,-1.43262,1.72533,1.72533,1.2086,-1.72782,1.7709,1.7709,1.24064
2112,1.975,1000180400,-1.54118,2.25478,2.25478,1.57905,-1.23049,2.21325,2.21325,1.54833,-1.38478,1.7179,1.7179,1.20322,-1.80206,1.77297,1.77297,1.24194
2112,0.675,1000180400,-1.49792,2.30481,2.30481,1.61419,-1.15477,2.26011,2.26011,1.58182,-1.24666,1.56906,1.56906,1.10073,-1.40688,1.63733,1.63733,1.14694
2112,0.525,1000060120,-0.389601,2.11609,2.07453,1.59297,-0.455451,1.535,1.53351,1.0823,-0.288924,0.966676,0.966675,0.676936,-0.443247,1.12051,1.12051,0.784857
2112,1.525,1000060120,-0.523405,2.17339,2.11807,1.65263,-0.472809,1.55463,1.55279,1.09736,-0.375231,0.899415,0.899413,0.629437,-0.356085,1.07882,1.07882,0.75563
2112,1.025,1000060120,-0.453699,2.0877,2.04803,1.56257,-0.490193,1.57134,1.56915,1.10754,-0.37318,0.90918,0.909178,0.636215,-0.346154,1.06907,1.06907,0.748813
2112,0.275,1000060120,-0.45292,2.09992,2.05876,1.57495,-0.450977,1.5384,1.53688,1.08211,-0.146585,1.00243,1.00243,0.702102,-0.445339,1.0866,1.0866,0.761076
2112,0.775,1000060120,-0.447885,2.1553,2.10598,1.63167,-0.48763,1.542,1.54032,1.08538,-0.360436,0.935836,0.935835,0.655143,-0.372291,1.0752,1.0752,0.753152
2112,1.275,1000060120,-0.497197,2.14504,2.09535,1.62409,-0.482751,1.52793,1.52647,1.0751,-0.371725,0.905827,0.905825,0.634098,-0.447598,1.05499,1.05499,0.738992
2112,1.775,1000060120,-0.534909,2.14648,2.09489,1.62602,-0.455317,1.54786,1.54619,1.0905,-0.373523,0.880697,0.880693,0.616346,-0.328221,1.00161,1.00161,0.70159
2112,2.025,1000060120,-0.49614,2.05935,2.0223,1.53536,-0.461549,1.56214,1.56022,1.10064,-0.402838,0.898399,0.898396,0.628442,-0.292648,1.14097,1.14097,0.799144
2112,1.025,1000180400,-1.55825,2.31831,2.31831,1.62311,-1.2106,2.30442,2.30442,1.61217,-1.40534,1.65895,1.65895,1.16302,-1.5518,1.69584,1.69584,1.18793
2112,0.275,1000180400,-1.40562,2.37762,2.37762,1.66466,-0.954365,2.0263,2.0263,1.41645,-0.786179,1.43829,1.43829,1.00632,-1.21957,1.49473,1.49473,1.04908
2112,0.525,1000180400,-1.5695,2.28299,2.28299,1.5988,-1.01373,2.17988,2.17988,1.52508,-1.10228,1.55269,1.55269,1.0877,-1.34345,1.61205,1.61205,1.12918
2112,1.275,1000180400,-1.55762,2.2026,2.2026,1.54296,-1.24611,2.33507,2.33507,1.6332,-1.44496,1.70387,1.70386,1.19265,-1.6332,1.74558,1.74558,1.2229
2112,1.525,1000180400,-1.54277,2.32902,2.32902,1.63164,-1.23128,2.29636,2.29636,1.60859,-1.41306,1.69472,1.69472,1.18721,-1.71551,1.74347,1.74347,1.22137
2112,1.775,1000180400,-1.56975,2.28423,2.28423,1.59921,-1.23185,2.34833,2.34833,1.64118,-1.44152,1.72953,1.72953,1.21148,-1.79328,1.76157,1.76157,1.23722
2112,2.025,1000180400,-1.62304,2.29267,2.29267,1.60507,-1.11299,2.23973,2.23973,1.56678,-1.39865,1.68327,1.68327,1.17908,-1.71812,1.75328,1.75328,1.22818
2112,0.725,1000180400,-1.47583,2.2845,2.2845,1.5992,-1.13708,2.26227,2.26227,1.58232,-1.29586,1.61415,1.61415,1.13338,-1.41417,1.64702,1.64702,1.15372
2112,0.075,1000080160,-0.309741,2.14093,2.0965,1.61767,-0.424685,1.64758,1.64361,1.16617,0.134636,0.913993,0.913994,0.640379,-0.024069,1.05836,1.05836,0.741095
2112,0.325,1000080160,-0.411074,2.20909,2.14976,1.68928,-0.55226,1.69891,1.69241,1.2125,-0.0753279,1.08037,1.08037,0.75642,-0.374664,1.19502,1.19501,0.837052
2112,0.575,1000080160,-0.479363,2.22831,2.16581,1.71126,-0.52184,1.68796,1.68235,1.20135,-0.223047,1.11154,1.11154,0.778234,-0.321777,1.22584,1.22582,0.858761
2112,0.825,1000080160,-0.369377,2.22115,2.16166,1.69888,-0.488313,1.72641,1.71876,1.23155,-0.260824,1.0847,1.0847,0.759548,-0.251855,1.18959,1.18958,0.833353
2112,1.575,1000080160,-0.511324,2.2807,2.2046,1.76682,-0.522876,1.70188,1.69536,1.21234,-0.264461,1.04118,1.04118,0.728763,-0.228415,1.1154,1.1154,0.779796
2112,1.075,1000080160,-0.498932,2.23668,2.1708,1.71993,-0.507745,1.67391,1.66833,1.19145,-0.276923,1.05294,1.05294,0.73696,-0.252785,1.16655,1.16654,0.817341
2112,1.825,1000080160,-0.456279,2.26565,2.19549,1.75071,-0.49682,1.70837,1.70177,1.2192,-0.258405,1.00897,1.00897,0.706288,-0.23885,1.19837,1.19836,0.839525
2112,1.325,1000080160,-0.473436,2.2369,2.17065,1.71945,-0.462866,1.7293,1.72144,1.23405,-0.284353,1.03593,1.03593,0.724972,-0.246298,1.15001,1.15,0.805743
2112,0.075,1000260560,-0.726233,2.3155,2.3155,1.62645,-0.702054,1.93567,1.93567,1.35329,0.127607,1.17165,1.17165,0.820687,0.0774032,1.32632,1.32632,0.929097
2112,0.325,1000260560,-1.14036,2.46522,2.46522,1.72702,-0.824617,2.18221,2.18221,1.52545,-0.148449,1.43948,1.43948,1.00793,-0.30202,1.57252,1.57252,1.10093
2112,0.575,1000260560,-1.19577,2.45446,2.45446,1.71939,-1.00532,2.37872,2.37872,1.66659,-0.390314,1.57655,1.57655,1.10381,-0.299129,1.66527,1.66527,1.16625
2112,1.825,1000260560,-1.18097,2.50405,2.50405,1.75405,-1.10943,2.59007,2.59007,1.81435,-0.705435,1.84872,1.84872,1.29254,-0.773009,1.90392,1.90392,1.33336
2112,1.075,1000260560,-1.17716,2.5015,2.5015,1.75231,-1.09153,2.58715,2.58715,1.81219,-0.61076,1.72579,1.72579,1.20804,-0.468652,1.81376,1.81376,1.27057
2112,1.575,1000260560,-1.22701,2.49918,2.49918,1.7508,-1.10243,2.5238,2.5238,1.76823,-0.728232,1.8413,1.8413,1.28789,-0.721886,1.87809,1.87809,1.31538
2112,0.825,1000260560,-1.22686,2.44637,2.44637,1.71386,-1.04159,2.48383,2.48383,1.73613,-0.517889,1.641,1.641,1.1491,-0.37017,1.72251,1.72251,1.20674
2112,1.325,1000260560,-1.20756,2.41184,2.41184,1.68969,-1.16627,2.63324,2.63324,1.84453,-0.68275,1.78742,1.78742,1.25119,-0.54474,1.77902,1.77902,1.24611
2112,0.775,1000180400,-1.51072,2.28582,2.28582,1.60094,-1.16282,2.23429,2.23429,1.56164,-1.2921,1.60077,1.60077,1.12182,-1.45414,1.63145,1.63145,1.14285
2112,0.125,1000080160,-0.264609,2.22526,2.16689,1.70389,-0.473542,1.67581,1.67062,1.19214,0.107388,0.996794,0.996794,0.697571,-0.172297,1.0778,1.0778,0.754875
2112,0.375,1000080160,-0.44703,2.22745,2.16354,1.7091,-0.477274,1.6897,1.68378,1.20376,-0.101252,1.10898,1.10898,0.77659,-0.357538,1.22238,1.22236,0.856278
2112,0.625,1000080160,-0.446433,2.12621,2.08086,1.60396,-0.492858,1.6951,1.68904,1.20603,-0.197111,1.08955,1.08955,0.763009,-0.301147,1.22238,1.22213,0.856336
2112,1.875,1000080160,-0.472816,2.17884,2.12409,1.65863,-0.42521,1.65155,1.64776,1.17228,-0.287677,1.04218,1.04218,0.72907,-0.275314,1.13007,1.13007,0.791644
2112,1.625,1000080160,-0.444863,2.24622,2.17976,1.72939,-0.526889,1.64166,1.63723,1.16566,-0.284033,1.02829,1.02829,0.719517,-0.19805,1.17729,1.17729,0.82474
2112,1.125,1000080160,-0.495421,2.19058,2.13065,1.66851,-0.535759,1.69259,1.68639,1.20491,-0.25083,1.03543,1.03543,0.724926,-0.256788,1.16869,1.16869,0.817073
2112,1.375,1000080160,-0.478456,2.18247,2.12529,1.65988,-0.427848,1.66836,1.66373,1.18404,-0.261651,1.02288,1.02288,0.716034,-0.275795,1.17917,1.17917,0.826041
2112,0.875,1000080160,-0.383262,2.19184,2.13605,1.6707,-0.449921,1.72273,1.71551,1.23042,-0.271572,1.07992,1.07992,0.756149,-0.252026,1.20834,1.20833,0.846665
2112,0.125,1000260560,-0.919932,2.48608,2.48608,1.73663,-0.740083,2.04798,2.04798,1.43464,0.139797,1.27612,1.27612,0.892855,-0.0929152,1.40319,1.40319,0.982074
2112,0.625,1000260560,-1.29322,2.53971,2.53971,1.77863,-1.0615,2.38749,2.38749,1.66903,-0.414309,1.60391,1.60391,1.12301,-0.32779,1.68754,1.68754,1.18223
2112,0.875,1000260560,-1.12983,2.44077,2.44077,1.70991,-1.02732,2.53759,2.53759,1.77758,-0.553936,1.6753,1.6753,1.17319,-0.398563,1.76639,1.76639,1.23709
2112,1.125,1000260560,-1.13861,2.47535,2.47535,1.73413,-1.13318,2.58635,2.58635,1.81205,-0.674114,1.7415,1.7415,1.21915,-0.503402,1.81748,1.81748,1.273
2112,1.625,1000260560,-1.21522,2.50547,2.50547,1.76015,-1.18832,2.54519,2.54519,1.78294,-0.715926,1.82965,1.82965,1.27973,-0.746396,1.88128,1.88128,1.31788
2112,1.375,1000260560,-1.31077,2.4181,2.4181,1.69487,-1.08089,2.64739,2.64739,1.85091,-0.724271,1.81353,1.81353,1.26928,-0.64205,1.80861,1.80861,1.265
2112,1.875,1000260560,-1.24855,2.47053,2.47053,1.73078,-1.10192,2.57201,2.57201,1.80169,-0.7056,1.84566,1.84566,1.2929,-0.815201,1.89783,1.89783,1.32934
2112,0.175,1000080160,-0.357121,2.15346,2.10481,1.62752,-0.45123,1.62152,1.61785,1.14854,0.0603982,1.06094,1.06094,0.742919,-0.293466,1.11276,1.11276,0.779386
2112,0.375,1000260560,-1.16496,2.44184,2.44184,1.71048,-0.884757,2.25802,2.25802,1.57888,-0.163736,1.48033,1.48033,1.03641,-0.326699,1.58629,1.58629,1.1105
2112,0.425,1000080160,-0.426138,2.23072,2.16762,1.71266,-0.505456,1.69925,1.69314,1.21212,-0.142328,1.09749,1.09749,0.768523,-0.325657,1.2019,1.20189,0.841947
2112,0.675,1000080160,-0.510083,2.19262,2.13247,1.67285,-0.503373,1.71028,1.70329,1.22111,-0.251126,1.09938,1.09938,0.769958,-0.282846,1.18998,1.18997,0.833613
2112,0.925,1000080160,-0.433259,2.20564,2.14701,1.68613,-0.510697,1.70829,1.70144,1.2164,-0.262335,1.07219,1.07219,0.750742,-0.265328,1.18374,1.18374,0.829235
2112,0.175,1000260560,-1.04893,2.51783,2.51783,1.7637,-0.82902,2.08187,2.08187,1.45654,0.0691547,1.34939,1.34939,0.944564,-0.2162,1.48337,1.48337,1.03902
2112,1.925,1000080160,-0.491166,2.211,2.14972,1.68871,-0.481858,1.65188,1.64741,1.17332,-0.304329,1.02767,1.02767,0.718811,-0.25151,1.17174,1.17173,0.819014
2112,1.175,1000080160,-0.414361,2.26006,2.1908,1.74361,-0.525285,1.71561,1.70822,1.22288,-0.273804,1.04535,1.04535,0.731693,-0.259663,1.17385,1.17384,0.822338
2112,1.425,1000080160,-0.484909,2.18301,2.12719,1.66315,-0.431738,1.67609,1.67018,1.19092,-0.256447,1.04471,1.04471,0.731387,-0.187142,1.2281,1.22809,0.860534
2112,1.675,1000080160,-0.394354,2.12194,2.07562,1.5992,-0.487425,1.6431,1.63922,1.16645,-0.242322,1.01947,1.01947,0.713618,-0.282454,1.15719,1.15718,0.810648
2112,0.675,1000260560,-1.24007,2.42127,2.42127,1.69588,-1.01706,2.4385,2.4385,1.70847,-0.453116,1.62192,1.62192,1.13574,-0.31829,1.69145,1.69145,1.18455
2112,0.925,1000260560,-1.20078,2.52254,2.52254,1.77093,-1.15277,2.50574,2.50574,1.75147,-0.585433,1.70206,1.70206,1.19179,-0.463205,1.78278,1.78278,1.24894
2112,1.425,1000260560,-1.17401,2.44131,2.44131,1.70863,-1.15826,2.54822,2.54822,1.7848,-0.69105,1.80993,1.80993,1.26591,-0.679174,1.81174,1.81174,1.26922
2112,1.925,1000260560,-1.16653,2.46352,2.46352,1.73012,-1.03878,2.58403,2.58402,1.81004,-0.704406,1.86079,1.86079,1.30371,-0.82915,1.82456,1.82456,1.27675
2112,1.175,1000260560,-1.30711,2.5048,2.5048,1.75273,-1.07066,2.58457,2.58457,1.81042,-0.664873,1.7806,1.7806,1.24587,-0.570761,1.85409,1.85409,1.29883
2112,1.675,1000260560,-1.19827,2.54638,2.54638,1.78393,-1.13922,2.58504,2.58504,1.81082,-0.723248,1.83103,1.83103,1.28107,-0.702967,1.87843,1.87843,1.31459
2112,0.425,1000260560,-1.16883,2.49167,2.49167,1.74123,-0.859543,2.25586,2.25586,1.57687,-0.228609,1.51244,1.51244,1.05897,-0.234852,1.60554,1.60554,1.12415
2112,0.225,1000080160,-0.407959,2.20273,2.14467,1.68062,-0.472559,1.69045,1.68438,1.20428,-0.00747929,1.07319,1.07319,0.751198,-0.354086,1.12516,1.12516,0.788004
2112,0.475,1000080160,-0.46701,2.22686,2.16404,1.70922,-0.486081,1.67656,1.67145,1.19044,-0.158407,1.1003,1.1003,0.770296,-0.343308,1.23035,1.23033,0.861914
2112,0.725,1000080160,-0.470104,2.14642,2.09686,1.62492,-0.524387,1.68451,1.67856,1.20037,-0.252092,1.08691,1.08691,0.760966,-0.300005,1.22125,1.22123,0.855596
2112,0.975,1000080160,-0.269271,2.15887,2.11061,1.63351,-0.535314,1.67327,1.66757,1.18922,-0.283704,1.06324,1.06324,0.744354,-0.292112,1.17275,1.17274,0.821537
2112,1.975,1000080160,-0.455647,2.18604,2.12981,1.66565,-0.45746,1.66126,1.65701,1.18028,-0.273601,1.03218,1.03218,0.721688,-0.325718,1.13636,1.13636,0.796058
2112,1.475,1000080160,-0.498595,2.12934,2.08216,1.60808,-0.472058,1.71833,1.71191,1.22418,-0.285142,1.03761,1.03761,0.726079,-0.232212,1.17489,1.17488,0.823189
2112,0.225,1000260560,-0.976973,2.50925,2.50925,1.75967,-0.863502,2.16317,2.16317,1.51296,-0.0207845,1.39236,1.39236,0.974718,-0.293198,1.51543,1.51543,1.06082
2112,1.725,1000080160,-0.430655,2.18388,2.12674,1.66237,-0.445133,1.67955,1.67478,1.19484,-0.28894,1.02716,1.02716,0.718972,-0.205831,1.1727,1.1727,0.821656
2112,0.725,1000260560,-1.2331,2.45674,2.45674,1.72268,-1.05239,2.44014,2.44014,1.70601,-0.480302,1.63519,1.63519,1.14462,-0.339165,1.71823,1.71823,1.20353
2112,1.225,1000080160,-0.37992,2.14881,2.10109,1.62614,-0.43202,1.66792,1.66266,1.18537,-0.270555,1.05384,1.05384,0.737536,-0.244975,1.14802,1.14801,0.802487
2112,0.975,1000260560,-1.18534,2.45502,2.45502,1.72435,-1.21169,2.58888,2.58888,1.8135,-0.607746,1.68446,1.68446,1.1793,-0.450574,1.76273,1.76273,1.23271
2112,1.475,1000260560,-1.16231,2.5251,2.5251,1.76955,-1.09054,2.64579,2.64579,1.84993,-0.682792,1.81784,1.81784,1.27176,-0.665594,1.84092,1.84092,1.28967
2112,1.975,1000260560,-1.293,2.48133,2.48133,1.73831,-1.05403,2.56437,2.56437,1.79665,-0.694829,1.81922,1.81922,1.27148,-0.81732,1.94096,1.94096,1.36306
2112,1.225,1000260560,-1.12526,2.46967,2.46967,1.72945,-1.11131,2.60023,2.60023,1.82142,-0.665174,1.76844,1.76844,1.23768,-0.544479,1.80085,1.80085,1.26152
2112,1.725,1000260560,-1.26045,2.48871,2.48871,1.74331,-1.1328,2.58053,2.58053,1.80374,-0.699342,1.83296,1.83296,1.28209,-0.750616,1.85447,1.85447,1.30182
2112,0.275,1000080160,-0.435103,2.1946,2.13678,1.67417,-0.478802,1.66242,1.65765,1.1815,-0.0425326,1.09388,1.09388,0.765755,-0.352806,1.17495,1.17494,0.823006
2112,0.525,1000080160,-0.464392,2.22791,2.16471,1.7102,-0.462489,1.67714,1.67234,1.19338,-0.192182,1.10025,1.10025,0.770279,-0.347729,1.21187,1.21186,0.848992
2112,0.775,1000080160,-0.525523,2.21432,2.14997,1.69588,-0.559306,1.66611,1.66079,1.18437,-0.274791,1.07318,1.07318,0.751065,-0.279257,1.20054,1.20053,0.841062
2112,0.475,1000260560,-1.12242,2.52896,2.52896,1.77108,-0.944312,2.33174,2.33174,1.63342,-0.285674,1.51559,1.51559,1.06135,-0.298258,1.6532,1.6532,1.15785
2112,1.025,1000080160,-0.476587,2.18428,2.12808,1.66409,-0.512569,1.68795,1.68214,1.19995,-0.281731,1.06264,1.06264,0.744141,-0.284839,1.15344,1.15344,0.806548
2112,2.025,1000080160,-0.418689,2.16635,2.11258,1.64103,-0.553893,1.62276,1.61798,1.14878,-0.293165,1.03034,1.03034,0.720997,-0.231531,1.18975,1.18975,0.833453
2112,1.775,1000080160,-0.498387,2.18876,2.13067,1.66902,-0.486667,1.62571,1.62161,1.15258,-0.284489,1.02649,1.02649,0.718418,-0.298535,1.14341,1.14341,0.799824
2112,1.525,1000080160,-0.41717,2.23933,2.17613,1.72148,-0.463985,1.68034,1.67472,1.19362,-0.27097,1.04123,1.04123,0.728794,-0.239297,1.13667,1.13667,0.796393
2112,0.275,1000260560,-1.11107,2.49648,2.49648,1.7488,-0.86481,2.15309,2.15309,1.50851,-0.0487169,1.44106,1.44106,1.00889,-0.306732,1.57128,1.57128,1.10049
2112,1.275,1000080160,-0.472769,2.20081,2.14055,1.6777,-0.447314,1.71339,1.70704,1.21962,-0.293067,1.04905,1.04905,0.734321,-0.324083,1.19645,1.19644,0.838163
2112,0.775,1000260560,-1.19751,2.49004,2.49004,1.74433,-1.15482,2.44747,2.44747,1.71476,-0.499862,1.65379,1.65379,1.15811,-0.384716,1.7231,1.7231,1.20653
2112,1.025,1000260560,-1.22967,2.50094,2.50094,1.75259,-1.14286,2.54019,2.54019,1.7756,-0.618204,1.75041,1.75041,1.22495,-0.453151,1.81746,1.81746,1.27316
2112,1.525,1000260560,-1.20813,2.45775,2.45775,1.72663,-1.13457,2.59739,2.59739,1.81642,-0.711023,1.7979,1.7979,1.25692,-0.726901,1.88137,1.88137,1.31419
2112,1.775,1000260560,-1.33262,2.47229,2.47229,1.73188,-1.15033,2.58505,2.58505,1.81114,-0.724233,1.85674,1.85674,1.29804,-0.740539,1.88411,1.88411,1.32237
2112,2.025,1000260560,-1.18774,2.50411,2.50411,1.75502,-1.08478,2.53962,2.53962,1.77653,-0.727806,1.84604,1.84604,1.29316,-0.812048,1.92508,1.92508,1.34538
2112,1.275,1000260560,-1.24177,2.49182,2.49182,1.74915,-1.14697,2.60446,2.60446,1.82437,-0.711083,1.76797,1.76797,1.23766,-0.592578,1.82066,1.82066,1.27442
2112,0.525,1000260560,-1.19111,2.45919,2.45919,1.72264,-0.924644,2.39439,2.39439,1.67355,-0.351036,1.55363,1.55363,1.08776,-0.266111,1.67439,1.67439,1.1729
