probe,ke,target,consthA,constErrhA,slopehA,slopeErrhA,consthN,constErrhN,slopehN,slopeErrhN,constINCL,constErrINCL,slopeINCL,slopeErrINCL,constGeant4,constErrGeant4,slopeGeant4,slopeErrGeant4
2212,0.075,1000080160,0.198526,0.349287,0.152295,0.410267,0.544132,0.814806,0.536011,0.605688,1.15241,1.77535,1.09754,1.16184,1.60973,2.61817,1.47302,1.60928
2212,1.825,1000060120,0.25722,0.430375,0.231502,0.435417,0.373763,0.586684,0.366685,0.49748,0.222257,0.398243,0.226741,0.463127,0.306171,0.505515,0.313513,0.484343
2212,0.075,1000060120,0.29403,0.47596,0.266918,0.443192,0.56293,0.839373,0.552305,0.616916,1.08454,1.64358,1.03903,1.09018,1.0429,1.5751,1.00052,1.04799
2212,0.575,1000080160,0.182218,0.337258,0.157415,0.434204,0.346439,0.551665,0.339647,0.484972,0.276924,0.4675,0.279465,0.470623,0.432247,0.666805,0.431444,0.537549
2212,0.325,1000080160,0.167173,0.315766,0.133973,0.429254,0.422459,0.644877,0.416721,0.523708,0.417504,0.64762,0.419859,0.531951,0.676442,1.00187,0.665425,0.712461
2212,0.825,1000060120,0.244692,0.413998,0.21655,0.430956,0.34545,0.547253,0.332116,0.477143,0.200255,0.364011,0.187133,0.44426,0.314941,0.512488,0.313573,0.477486
2212,1.075,1000060120,0.249805,0.420198,0.222263,0.432094,0.348899,0.551118,0.33449,0.477435,0.195004,0.358365,0.186822,0.449271,0.275959,0.461636,0.268554,0.459151
2212,0.575,1000060120,0.218105,0.376918,0.179969,0.418311,0.412663,0.63608,0.403201,0.515449,0.24584,0.422671,0.236641,0.450765,0.416919,0.644877,0.413166,0.524805
2212,1.075,1000080160,0.214736,0.381677,0.202071,0.443899,0.259296,0.437656,0.247031,0.449448,0.212506,0.386544,0.219428,0.465351,0.261972,0.447199,0.26103,0.463245
2212,0.325,1000180400,0.125862,0.215508,0.11746,0.232878,0.292624,0.428771,0.290674,0.321982,0.344643,0.499783,0.34317,0.363802,0.492181,0.708865,0.487065,0.496128
2212,0.825,1000180400,0.131572,0.22601,0.131841,0.242917,0.157802,0.255391,0.150518,0.241002,0.154852,0.253823,0.153415,0.246208,0.167818,0.265765,0.15727,0.240502
2212,0.575,1000180400,0.127552,0.219216,0.12279,0.237053,0.217379,0.331847,0.21396,0.271387,0.206967,0.319766,0.206092,0.268746,0.260216,0.386582,0.256286,0.296861
2212,0.825,1000260560,0.10629,0.193969,0.105966,0.240686,0.120305,0.207964,0.110268,0.230626,0.125019,0.213315,0.1132,0.229358,0.13449,0.223131,0.11809,0.225989
2212,0.075,1000180400,0.21851,0.331749,0.212281,0.268674,0.42731,0.61563,0.424229,0.435973,1.34882,2.11109,1.26438,1.34935,1.86598,3.15968,1.66633,1.86488
2212,1.575,1000060120,0.263891,0.440068,0.240722,0.439612,0.354146,0.559507,0.343267,0.483748,0.208011,0.377652,0.207731,0.45707,0.28256,0.473507,0.282814,0.469515
2212,1.075,1000260560,0.0957738,0.181159,0.0962739,0.243037,0.108366,0.195419,0.104255,0.236686,0.106161,0.190594,0.0955355,0.230181,0.100288,0.17877,0.0768765,0.217834
2212,1.825,1000080160,0.218513,0.387942,0.206475,0.445617,0.301931,0.49825,0.301267,0.474808,0.254001,0.445227,0.274301,0.485149,0.299761,0.49837,0.306448,0.48216
2212,0.075,1000260560,0.223396,0.337675,0.217926,0.27197,0.391916,0.566237,0.389759,0.404637,1.39309,2.19493,1.29984,1.3926,1.71418,2.83283,1.55351,1.71347
2212,0.825,1000080160,0.203612,0.367363,0.190474,0.44339,0.280432,0.466728,0.271368,0.458625,0.224762,0.399676,0.224982,0.45852,0.300764,0.496045,0.298477,0.472601
2212,1.575,1000080160,0.218812,0.38635,0.205707,0.44334,0.281357,0.472266,0.282962,0.470505,0.220316,0.398912,0.232522,0.471768,0.277444,0.469615,0.284124,0.475209
2212,0.575,1000260560,0.116357,0.207115,0.116581,0.241419,0.175563,0.278872,0.171522,0.250794,0.17624,0.27829,0.168585,0.247194,0.221743,0.336183,0.215975,0.271044
2212,0.325,1000060120,0.219229,0.37771,0.179648,0.416878,0.471917,0.714665,0.461996,0.551567,0.34432,0.549576,0.338809,0.485508,0.615411,0.914994,0.605537,0.661031
2212,1.325,1000080160,0.231465,0.405388,0.225137,0.451814,0.280481,0.470136,0.278678,0.466748,0.215916,0.391713,0.222863,0.466051,0.266484,0.451697,0.263661,0.461908
2212,1.325,1000060120,0.249105,0.419121,0.220926,0.431359,0.32578,0.521334,0.310572,0.466967,0.193579,0.355995,0.184303,0.448091,0.312442,0.508855,0.30963,0.475054
2212,0.325,1000260560,0.121417,0.211242,0.116122,0.235741,0.246955,0.370314,0.244568,0.290159,0.317859,0.463844,0.315164,0.340755,0.434846,0.626139,0.431391,0.442551
2212,1.075,1000180400,0.114881,0.202581,0.110638,0.23646,0.141081,0.23449,0.134364,0.236893,0.13492,0.230077,0.134748,0.243056,0.126942,0.213636,0.109888,0.224241
2212,1.825,1000260560,0.0700337,0.148226,0.0718733,0.255232,0.114,0.205778,0.118948,0.246425,0.10676,0.196855,0.113345,0.248096,0.0708823,0.143569,0.0524889,0.232832
2212,1.575,1000180400,0.101531,0.187029,0.0976341,0.237516,0.137415,0.232323,0.13518,0.241275,0.135461,0.234743,0.146136,0.254995,0.107339,0.190207,0.0927353,0.225722
2212,1.825,1000180400,0.0902596,0.171977,0.08394,0.237045,0.151426,0.251244,0.153842,0.249489,0.138037,0.240379,0.153781,0.261579,0.106178,0.190043,0.0937975,0.228419
2212,1.325,1000180400,0.117002,0.206795,0.114512,0.238441,0.136941,0.230551,0.131872,0.238117,0.128155,0.223731,0.133885,0.248311,0.110521,0.191907,0.0920851,0.221814
2212,1.325,1000260560,0.0836241,0.164448,0.0811931,0.243041,0.1024,0.187565,0.0967022,0.235573,0.0981738,0.181423,0.0897523,0.233341,0.0813786,0.154935,0.0552028,0.220188
2212,1.575,1000260560,0.0720967,0.149253,0.0683536,0.247517,0.104196,0.191744,0.105068,0.242123,0.0993194,0.185124,0.0983093,0.240798,0.0739531,0.146049,0.0517786,0.226815
2212,0.125,1000080160,0.184578,0.333332,0.143351,0.416243,0.461322,0.70119,0.452711,0.546231,0.785207,1.16491,0.767682,0.807681,1.11419,1.69497,1.064,1.11821
2212,1.875,1000060120,0.269128,0.446018,0.244913,0.439581,0.375885,0.590288,0.371191,0.501148,0.219109,0.393319,0.220329,0.459626,0.313254,0.510327,0.311597,0.476603
2212,0.625,1000080160,0.195454,0.356071,0.178778,0.440378,0.329645,0.530665,0.323912,0.479063,0.26475,0.451404,0.266644,0.466672,0.372782,0.587994,0.370838,0.502978
2212,0.375,1000080160,0.172502,0.323704,0.143473,0.431964,0.431,0.661897,0.424403,0.529686,0.391272,0.61371,0.395585,0.519276,0.63766,0.947585,0.628187,0.680746
2212,0.125,1000060120,0.240532,0.403808,0.201976,0.419259,0.472558,0.715377,0.462382,0.551674,0.617009,0.915073,0.607538,0.661964,0.910466,1.35981,0.881806,0.921761
2212,1.125,1000060120,0.250492,0.421424,0.223967,0.433228,0.3372,0.536554,0.323418,0.473156,0.194433,0.357069,0.18481,0.447737,0.303121,0.49797,0.298406,0.470691
2212,0.875,1000060120,0.245752,0.414731,0.21622,0.429668,0.330546,0.526842,0.314227,0.467603,0.198338,0.361975,0.187101,0.446144,0.305671,0.500078,0.298378,0.468709
2212,0.625,1000060120,0.224488,0.384569,0.187381,0.419187,0.390261,0.6063,0.37964,0.501835,0.225379,0.396892,0.216281,0.448511,0.375921,0.589552,0.369153,0.498879
2212,1.125,1000080160,0.203477,0.367301,0.190596,0.443678,0.273751,0.459286,0.268965,0.461035,0.220223,0.396615,0.226635,0.465322,0.276906,0.465028,0.274438,0.464868
2212,0.375,1000180400,0.129472,0.220688,0.122417,0.234878,0.267872,0.397001,0.265237,0.303537,0.308645,0.451782,0.306751,0.334526,0.436954,0.628771,0.433915,0.444909
2212,0.875,1000180400,0.125296,0.216987,0.122026,0.238368,0.14674,0.241073,0.137895,0.236256,0.147509,0.245517,0.146956,0.245389,0.152276,0.24621,0.13899,0.233156
2212,0.125,1000180400,0.153412,0.247054,0.138894,0.232172,0.351272,0.509487,0.349435,0.369219,0.80539,1.18267,0.786598,0.80671,1.0273,1.54506,0.986746,1.02685
2212,0.625,1000180400,0.132273,0.226818,0.132021,0.242557,0.198343,0.307294,0.194264,0.260727,0.191118,0.298931,0.189828,0.260194,0.228315,0.344575,0.222995,0.275211
2212,1.625,1000060120,0.260284,0.435196,0.235735,0.437557,0.36209,0.570637,0.352795,0.489315,0.205257,0.373922,0.203918,0.456102,0.309412,0.507216,0.311414,0.479407
2212,0.875,1000260560,0.0987953,0.184211,0.0968225,0.239906,0.11401,0.199781,0.102309,0.22879,0.117648,0.204069,0.105449,0.228384,0.124862,0.21098,0.107386,0.223622
2212,1.875,1000080160,0.201438,0.364544,0.184915,0.440832,0.299667,0.494137,0.29612,0.470861,0.255292,0.448585,0.281216,0.49152,0.281765,0.474453,0.286485,0.474305
2212,0.125,1000260560,0.149957,0.242642,0.134662,0.230528,0.332003,0.483514,0.330571,0.353737,0.796124,1.16934,0.776389,0.79587,0.931654,1.3867,0.900809,0.931224
2212,1.125,1000260560,0.0861194,0.167297,0.0816699,0.240255,0.101658,0.185902,0.0937755,0.233381,0.102077,0.185003,0.0900287,0.229048,0.094941,0.171836,0.0708476,0.217873
2212,0.875,1000080160,0.197515,0.358339,0.17891,0.438494,0.281727,0.468993,0.274076,0.460535,0.22495,0.400096,0.225697,0.459093,0.301891,0.496955,0.298409,0.47165
2212,1.625,1000080160,0.208431,0.372556,0.193905,0.441527,0.291422,0.483615,0.289058,0.469218,0.220781,0.399298,0.23246,0.471194,0.2768,0.466621,0.277651,0.468708
2212,0.375,1000060120,0.210662,0.364607,0.167306,0.413441,0.461994,0.700908,0.451348,0.544144,0.317775,0.514086,0.312098,0.473687,0.567258,0.848137,0.560402,0.625464
2212,1.375,1000080160,0.201666,0.362182,0.181514,0.435985,0.287154,0.480475,0.289956,0.473713,0.211413,0.385862,0.220541,0.467712,0.287822,0.480926,0.289715,0.47289
2212,0.625,1000260560,0.113974,0.204399,0.114939,0.242154,0.163128,0.262392,0.157953,0.244715,0.163275,0.261525,0.155696,0.242162,0.198787,0.306729,0.190935,0.257009
2212,1.375,1000060120,0.255225,0.427513,0.229027,0.434432,0.344233,0.546546,0.332648,0.478586,0.20354,0.37228,0.201387,0.455936,0.297122,0.490805,0.294983,0.471176
2212,1.375,1000260560,0.0865533,0.168469,0.0841354,0.242271,0.104988,0.191559,0.102034,0.238078,0.0985137,0.182837,0.0937291,0.236897,0.077679,0.15008,0.0510914,0.221257
2212,0.375,1000260560,0.115817,0.204106,0.111117,0.235756,0.228621,0.345952,0.225365,0.277797,0.283713,0.417957,0.280943,0.314633,0.383797,0.554386,0.380837,0.396227
2212,1.875,1000180400,0.0958706,0.180066,0.0931236,0.239405,0.147343,0.246049,0.148502,0.247241,0.142527,0.245657,0.158411,0.262464,0.106691,0.190587,0.0940546,0.228126
2212,1.625,1000180400,0.101141,0.187233,0.0996416,0.240014,0.142693,0.239831,0.142863,0.245,0.128502,0.226235,0.139136,0.253975,0.104357,0.186235,0.0874627,0.22401
2212,1.125,1000180400,0.125099,0.218268,0.12576,0.242589,0.136181,0.2288,0.128573,0.235417,0.130268,0.224922,0.131841,0.244153,0.126526,0.213057,0.109191,0.223936
2212,1.625,1000260560,0.0758328,0.156218,0.0789552,0.252993,0.109371,0.199424,0.113989,0.245783,0.100888,0.187465,0.10096,0.241746,0.0768669,0.150785,0.0562438,0.227492
2212,1.875,1000260560,0.0687733,0.147153,0.0727238,0.258567,0.123173,0.219232,0.133392,0.252783,0.103121,0.192453,0.110509,0.249223,0.0711036,0.14498,0.0562606,0.236494
2212,1.375,1000180400,0.108954,0.196402,0.105708,0.237536,0.137674,0.232006,0.132655,0.238649,0.130591,0.227595,0.137933,0.250585,0.106614,0.187549,0.0871255,0.220852
2212,0.175,1000080160,0.16214,0.303547,0.114934,0.415529,0.448598,0.684988,0.441814,0.540235,0.584909,0.87132,0.578963,0.639957,0.916204,1.36743,0.887533,0.92724
2212,1.925,1000060120,0.27152,0.449486,0.246545,0.439834,0.354653,0.559551,0.342541,0.482579,0.235938,0.416102,0.245391,0.468813,0.280739,0.468779,0.274983,0.462469
2212,0.425,1000080160,0.187028,0.343295,0.163192,0.434167,0.398978,0.617618,0.391884,0.509767,0.362095,0.577329,0.366439,0.505138,0.561404,0.839071,0.556684,0.622793
2212,0.675,1000080160,0.191523,0.350082,0.171727,0.43756,0.306648,0.500346,0.297105,0.466581,0.253227,0.435563,0.254361,0.462851,0.363411,0.57495,0.359833,0.496425
2212,0.175,1000060120,0.226192,0.386186,0.184424,0.415589,0.472586,0.715801,0.463063,0.55251,0.461494,0.701959,0.45381,0.547495,0.779825,1.15602,0.761135,0.800735
2212,1.175,1000060120,0.256181,0.428967,0.230425,0.435119,0.330945,0.528372,0.316814,0.470182,0.190561,0.35265,0.179246,0.44724,0.285073,0.474497,0.281081,0.465308
2212,0.925,1000060120,0.239393,0.407185,0.209945,0.429111,0.346251,0.548704,0.333816,0.478501,0.193852,0.355351,0.181597,0.444956,0.290864,0.476719,0.285078,0.46415
2212,0.675,1000060120,0.222111,0.382018,0.185432,0.419639,0.376953,0.588496,0.36535,0.493825,0.224422,0.396413,0.216509,0.449911,0.357155,0.565789,0.350871,0.490464
2212,1.175,1000080160,0.212589,0.3794,0.20191,0.445733,0.275985,0.461686,0.268606,0.459191,0.216487,0.391935,0.222113,0.464597,0.281678,0.473847,0.285265,0.473004
2212,0.425,1000180400,0.128825,0.220057,0.122208,0.235251,0.261303,0.388578,0.258593,0.299062,0.276357,0.409002,0.275214,0.311354,0.373034,0.53916,0.370463,0.387052
2212,0.925,1000180400,0.125368,0.217885,0.124358,0.240758,0.139533,0.232396,0.130504,0.234601,0.141631,0.237627,0.139379,0.242191,0.149131,0.241768,0.135573,0.231763
2212,0.175,1000180400,0.130206,0.216788,0.111932,0.2232,0.324161,0.472659,0.322198,0.346704,0.562099,0.811381,0.554936,0.563936,0.770932,1.12912,0.753773,0.771568
2212,0.675,1000180400,0.131632,0.225608,0.131162,0.242002,0.179754,0.283409,0.174002,0.250631,0.178224,0.28291,0.175907,0.253746,0.206455,0.316373,0.199589,0.261673
2212,1.675,1000060120,0.277691,0.458393,0.255729,0.444459,0.354735,0.559547,0.3424,0.482364,0.20427,0.373842,0.20595,0.45948,0.299656,0.494126,0.296121,0.470868
2212,1.925,1000080160,0.21538,0.382858,0.203193,0.444562,0.298484,0.491315,0.293556,0.468529,0.243399,0.431126,0.262098,0.481563,0.299782,0.498826,0.307461,0.483292
2212,0.925,1000260560,0.0986102,0.184538,0.0986234,0.241976,0.11652,0.204195,0.108981,0.232998,0.114888,0.200601,0.102415,0.228034,0.113879,0.199735,0.0928652,0.220501
2212,0.175,1000260560,0.119559,0.203206,0.0980642,0.219365,0.295324,0.433415,0.293534,0.324244,0.552104,0.796596,0.545276,0.554155,0.681476,0.992426,0.667502,0.680344
2212,1.675,1000080160,0.215708,0.385572,0.208863,0.450483,0.295603,0.488208,0.291818,0.468896,0.234695,0.418212,0.253551,0.479283,0.280163,0.470892,0.281426,0.469969
2212,0.925,1000080160,0.204431,0.367482,0.18912,0.44098,0.273394,0.457928,0.265731,0.457996,0.229645,0.408301,0.239095,0.46828,0.29206,0.483267,0.286976,0.466421
2212,1.175,1000260560,0.0903172,0.174052,0.0905454,0.243936,0.107352,0.193211,0.100307,0.233724,0.0988854,0.181355,0.0873287,0.230082,0.088555,0.163302,0.0637038,0.218215
2212,0.425,1000060120,0.21185,0.368128,0.169569,0.414462,0.451497,0.686594,0.442497,0.538894,0.299277,0.491597,0.292709,0.466975,0.51975,0.781442,0.512208,0.588172
2212,0.675,1000260560,0.110682,0.198744,0.108206,0.23824,0.147942,0.243463,0.140859,0.238531,0.151841,0.247362,0.142568,0.237245,0.171011,0.269806,0.160745,0.241938
2212,1.425,1000060120,0.273512,0.453218,0.251885,0.443718,0.33526,0.533587,0.320597,0.471331,0.201565,0.369661,0.199419,0.45595,0.297195,0.493684,0.299934,0.477035
2212,1.425,1000080160,0.223091,0.393712,0.212528,0.446994,0.291171,0.484071,0.290625,0.471152,0.220953,0.398366,0.229551,0.467776,0.27416,0.463798,0.276942,0.469986
2212,0.425,1000260560,0.11348,0.200549,0.105839,0.232935,0.219567,0.335102,0.217597,0.274177,0.248056,0.371031,0.244372,0.289275,0.334126,0.485562,0.331684,0.354037
2212,1.425,1000260560,0.0819491,0.162959,0.0829162,0.24704,0.103819,0.190428,0.101682,0.239088,0.0957769,0.179598,0.0912069,0.237707,0.0750949,0.146573,0.0476536,0.221673
2212,1.175,1000180400,0.114944,0.204688,0.113723,0.239724,0.132924,0.225412,0.127,0.236604,0.131146,0.226563,0.134244,0.245921,0.117052,0.201063,0.0986879,0.222153
2212,1.675,1000180400,0.101527,0.187844,0.100465,0.240417,0.147488,0.246051,0.148231,0.246817,0.13519,0.234827,0.146968,0.256191,0.102706,0.183778,0.0859978,0.223956
2212,1.925,1000180400,0.0941998,0.17826,0.092121,0.240529,0.151983,0.251267,0.152883,0.247951,0.140654,0.243201,0.157062,0.26244,0.111356,0.19753,0.102553,0.231755
2212,1.675,1000260560,0.0686819,0.145766,0.068304,0.253662,0.115367,0.208217,0.121881,0.248295,0.102023,0.19004,0.106263,0.24591,0.0685789,0.139911,0.0471925,0.231458
2212,1.425,1000180400,0.109981,0.198651,0.109997,0.240838,0.138375,0.232091,0.13368,0.238553,0.127729,0.223364,0.133368,0.248291,0.110901,0.193652,0.0940807,0.22328
2212,1.925,1000260560,0.0609201,0.134318,0.0566533,0.255958,0.120604,0.2149,0.127634,0.249062,0.111991,0.20453,0.121868,0.251522,0.0727148,0.147731,0.0602295,0.237962
2212,0.225,1000080160,0.177512,0.32858,0.144405,0.426674,0.443118,0.678447,0.437256,0.538038,0.504395,0.762975,0.501197,0.582638,0.79857,1.18489,0.778726,0.817913
2212,0.475,1000080160,0.186612,0.343842,0.164365,0.436298,0.394629,0.614953,0.389585,0.510758,0.329286,0.535361,0.334325,0.491272,0.532741,0.801182,0.529499,0.603099
2212,1.975,1000060120,0.273735,0.452871,0.250567,0.442167,0.37086,0.581915,0.361763,0.493707,0.229122,0.406718,0.236248,0.465634,0.301547,0.497583,0.300514,0.474254
2212,0.725,1000080160,0.202639,0.366979,0.188654,0.443442,0.289857,0.477108,0.277956,0.458055,0.241054,0.420998,0.242655,0.461828,0.336446,0.539858,0.331629,0.482939
2212,0.225,1000060120,0.213473,0.368852,0.169456,0.412299,0.472122,0.715065,0.46241,0.551965,0.404391,0.625318,0.397409,0.513157,0.726114,1.07446,0.711902,0.754215
2212,1.225,1000060120,0.260117,0.433677,0.232981,0.434687,0.333842,0.534271,0.324439,0.476627,0.194347,0.356061,0.182181,0.445046,0.287154,0.477809,0.283823,0.466876
2212,0.975,1000060120,0.241816,0.409385,0.209601,0.426795,0.336098,0.535055,0.322296,0.472631,0.196212,0.359185,0.185645,0.44674,0.272228,0.4551,0.25895,0.452264
2212,0.725,1000060120,0.240653,0.408534,0.209894,0.428135,0.356102,0.560444,0.34204,0.481028,0.212831,0.379663,0.201985,0.445573,0.337795,0.541565,0.332963,0.483482
2212,1.225,1000080160,0.210329,0.375809,0.198043,0.443908,0.260925,0.44183,0.251107,0.453124,0.217397,0.393543,0.225201,0.466755,0.269959,0.457204,0.271384,0.466992
2212,0.225,1000180400,0.124636,0.211269,0.108685,0.225119,0.306269,0.448269,0.304279,0.332453,0.454805,0.653665,0.452216,0.462283,0.617727,0.894046,0.608927,0.619211
2212,0.975,1000180400,0.123953,0.215856,0.12248,0.240045,0.139544,0.232449,0.130607,0.234701,0.140167,0.236411,0.139746,0.243767,0.142418,0.233476,0.128371,0.229738
2212,0.475,1000180400,0.133367,0.226334,0.130124,0.239082,0.242643,0.3644,0.23963,0.286681,0.252613,0.378099,0.251804,0.295568,0.332376,0.483167,0.329935,0.352598
2212,0.725,1000180400,0.126443,0.218949,0.124715,0.240112,0.169322,0.269532,0.162696,0.245363,0.167695,0.26983,0.164888,0.249302,0.190742,0.296035,0.182434,0.252569
2212,1.725,1000060120,0.267469,0.443562,0.242189,0.438132,0.371144,0.582113,0.361712,0.493459,0.210374,0.382067,0.21379,0.461125,0.331532,0.53856,0.337259,0.492987
2212,1.975,1000080160,0.216451,0.383119,0.200646,0.440979,0.284797,0.475911,0.283981,0.468981,0.258475,0.451928,0.28089,0.488561,0.304809,0.505513,0.316116,0.488393
2212,0.225,1000260560,0.113649,0.197575,0.0967528,0.223633,0.269075,0.398596,0.267576,0.305534,0.426793,0.614722,0.423442,0.435102,0.567786,0.819937,0.560261,0.56935
2212,0.975,1000260560,0.0976708,0.183319,0.0974827,0.24194,0.1123,0.199026,0.104386,0.232676,0.109242,0.193199,0.0960171,0.227162,0.108228,0.1892,0.0860371,0.218613
2212,0.975,1000080160,0.201715,0.364688,0.185355,0.44078,0.266233,0.448858,0.256161,0.454286,0.215422,0.389757,0.219185,0.462425,0.268411,0.453628,0.264639,0.461249
2212,1.725,1000080160,0.218392,0.388412,0.208009,0.447368,0.293467,0.48475,0.287775,0.466165,0.235115,0.417968,0.251992,0.477076,0.296236,0.493034,0.300801,0.478652
2212,0.475,1000060120,0.210753,0.365096,0.168188,0.414262,0.447591,0.682245,0.43793,0.536169,0.280054,0.466949,0.272602,0.460284,0.492267,0.745179,0.487333,0.571741
2212,1.225,1000260560,0.0863329,0.167836,0.0830354,0.241326,0.105974,0.192213,0.101226,0.236145,0.0975899,0.180141,0.0876255,0.231807,0.0890818,0.164097,0.0647568,0.218563
2212,1.475,1000060120,0.265972,0.442301,0.242069,0.439257,0.338121,0.538336,0.325624,0.474975,0.192438,0.357347,0.187782,0.454123,0.298506,0.493258,0.296353,0.472018
2212,0.725,1000260560,0.1106,0.199498,0.110657,0.240915,0.137735,0.230466,0.129454,0.235016,0.142299,0.235254,0.131888,0.23375,0.159519,0.255491,0.147626,0.236614
2212,0.475,1000260560,0.115425,0.204326,0.112266,0.237482,0.21067,0.32317,0.207596,0.268026,0.22116,0.335471,0.216833,0.272085,0.285726,0.420253,0.28267,0.315647
2212,1.475,1000080160,0.211519,0.377015,0.198449,0.443081,0.279293,0.468318,0.276698,0.465563,0.220347,0.398408,0.231092,0.470141,0.287672,0.482131,0.292884,0.476546
2212,1.475,1000260560,0.0813313,0.163231,0.0834982,0.249338,0.105728,0.193335,0.105613,0.240946,0.0993375,0.18472,0.0968004,0.239236,0.0791675,0.15278,0.0559031,0.223682
2212,1.225,1000180400,0.117695,0.207495,0.114764,0.238002,0.139918,0.234777,0.136089,0.240068,0.13032,0.225122,0.132199,0.244505,0.121544,0.207119,0.104597,0.223852
2212,1.725,1000180400,0.102849,0.189197,0.10084,0.23927,0.143164,0.239807,0.141814,0.243461,0.141972,0.244693,0.156033,0.260521,0.110466,0.195078,0.0982519,0.228164
2212,1.475,1000180400,0.106125,0.191926,0.0997777,0.234523,0.135832,0.229433,0.131462,0.238638,0.131487,0.229252,0.140208,0.252269,0.111782,0.19597,0.0969589,0.225661
2212,1.975,1000180400,0.0907773,0.17457,0.09093,0.24369,0.156103,0.258238,0.15996,0.25281,0.149021,0.25426,0.166016,0.265427,0.103365,0.186079,0.0915836,0.228697
2212,1.725,1000260560,0.0685379,0.145196,0.0670299,0.252428,0.110542,0.200887,0.11504,0.245648,0.10429,0.192919,0.108193,0.245418,0.0717885,0.144331,0.0515509,0.230533
2212,1.975,1000260560,0.0644666,0.140468,0.065568,0.258656,0.121818,0.216987,0.130025,0.250556,0.109424,0.201466,0.11833,0.250893,0.0751771,0.152,0.0666822,0.240694
2212,0.275,1000080160,0.173934,0.324049,0.141487,0.427872,0.425005,0.651655,0.416632,0.523342,0.444279,0.682429,0.442912,0.544271,0.732692,1.08549,0.716956,0.759088
2212,2.025,1000060120,0.274917,0.454912,0.25314,0.443904,0.364808,0.573442,0.354136,0.489023,0.236907,0.416863,0.245246,0.467667,0.317393,0.518533,0.319157,0.482782
2212,0.775,1000080160,0.195627,0.356059,0.17813,0.439556,0.289474,0.478355,0.280675,0.461545,0.23718,0.416558,0.243885,0.46588,0.304058,0.49918,0.299378,0.47105
2212,0.525,1000080160,0.18973,0.348416,0.170665,0.438803,0.369546,0.581393,0.362781,0.495761,0.307413,0.506623,0.313777,0.483648,0.46556,0.711521,0.464868,0.558942
2212,1.275,1000060120,0.257934,0.431222,0.231956,0.435325,0.33334,0.532705,0.321964,0.474214,0.20013,0.36677,0.195631,0.453315,0.314839,0.513112,0.315237,0.479415
2212,0.275,1000060120,0.211151,0.366332,0.166498,0.412095,0.470707,0.713081,0.460865,0.550862,0.368932,0.580837,0.362637,0.496006,0.650487,0.964835,0.638875,0.689002
2212,0.775,1000060120,0.230832,0.394244,0.199274,0.425027,0.348503,0.550858,0.334599,0.477828,0.203165,0.366945,0.19034,0.443762,0.326546,0.526438,0.320216,0.477151
2212,1.025,1000060120,0.251792,0.422134,0.223051,0.431159,0.3222,0.516514,0.306355,0.464899,0.195624,0.359014,0.186867,0.448659,0.288539,0.477573,0.280697,0.462302
2212,1.275,1000080160,0.201145,0.363782,0.183516,0.439697,0.261746,0.443086,0.252527,0.453925,0.210175,0.383992,0.219092,0.467318,0.267491,0.454865,0.270131,0.467925
2212,0.275,1000180400,0.125287,0.214329,0.114647,0.230759,0.293495,0.431349,0.291273,0.322567,0.391567,0.56525,0.388687,0.403295,0.560819,0.809383,0.553833,0.562812
2212,1.025,1000180400,0.122786,0.215011,0.122791,0.241559,0.134668,0.226322,0.126003,0.233913,0.135763,0.230915,0.135063,0.242638,0.132848,0.221468,0.116862,0.226257
2212,0.525,1000180400,0.132192,0.225625,0.128981,0.239406,0.233084,0.35203,0.230054,0.280806,0.23052,0.349828,0.229535,0.281743,0.296433,0.43464,0.29353,0.323797
2212,0.775,1000180400,0.125149,0.217137,0.123093,0.239558,0.165899,0.265466,0.1599,0.24477,0.160987,0.261307,0.159141,0.247714,0.174635,0.274412,0.165083,0.243965
2212,1.775,1000060120,0.264411,0.44029,0.240224,0.438657,0.370611,0.58305,0.364411,0.496938,0.216366,0.389667,0.216552,0.45857,0.290618,0.482772,0.288638,0.4694
2212,2.025,1000080160,0.215774,0.384106,0.205134,0.446339,0.29432,0.486538,0.290343,0.468301,0.244953,0.433537,0.264493,0.482825,0.316315,0.520547,0.32545,0.490834
2212,1.025,1000260560,0.0953638,0.180727,0.0961464,0.243419,0.106568,0.190874,0.0953981,0.229572,0.106368,0.190334,0.0944019,0.22876,0.10147,0.180172,0.0780279,0.217641
2212,1.025,1000080160,0.202548,0.363974,0.184181,0.437832,0.276507,0.462893,0.270368,0.460694,0.209664,0.381673,0.214448,0.462636,0.25607,0.436371,0.2461,0.452453
2212,0.275,1000260560,0.117919,0.205681,0.109705,0.23236,0.260595,0.388163,0.258732,0.299654,0.364009,0.52654,0.361708,0.379438,0.49024,0.705864,0.485424,0.494518
2212,0.525,1000060120,0.220399,0.379441,0.182313,0.418208,0.42457,0.65141,0.414315,0.521442,0.257801,0.437131,0.248743,0.452611,0.445051,0.682313,0.441703,0.542289
2212,1.775,1000080160,0.200522,0.363417,0.184515,0.441298,0.303396,0.499421,0.302388,0.474607,0.24219,0.428911,0.257733,0.478198,0.29972,0.497084,0.303586,0.478957
2212,1.525,1000060120,0.261933,0.436222,0.234752,0.435195,0.359256,0.566902,0.349754,0.487754,0.199522,0.366635,0.197126,0.455528,0.292324,0.484987,0.290559,0.47014
2212,1.275,1000260560,0.0887932,0.171726,0.0873564,0.242707,0.100278,0.18465,0.0936956,0.234931,0.0973764,0.180132,0.0883658,0.232776,0.0848338,0.159217,0.0597973,0.21969
2212,0.775,1000260560,0.10614,0.193958,0.106332,0.241247,0.125979,0.214763,0.115907,0.230986,0.132626,0.222469,0.12134,0.230651,0.14962,0.242916,0.136272,0.232379
2212,0.525,1000260560,0.111315,0.199068,0.109638,0.239146,0.199964,0.31015,0.197099,0.263015,0.197109,0.304578,0.191892,0.258541,0.254381,0.379027,0.250222,0.292797
2212,1.275,1000180400,0.115191,0.205777,0.115756,0.241748,0.136806,0.230485,0.13189,0.238281,0.126792,0.220673,0.129835,0.244955,0.116441,0.200402,0.0983808,0.222414
2212,1.525,1000260560,0.0746516,0.153275,0.0729536,0.248318,0.105425,0.19334,0.106964,0.242598,0.101743,0.18826,0.10093,0.240707,0.0761542,0.149376,0.0542493,0.226427
2212,2.025,1000180400,0.0886666,0.170366,0.0832252,0.238533,0.15085,0.250771,0.153834,0.249961,0.146557,0.250693,0.161482,0.262583,0.109996,0.195578,0.100166,0.230793
2212,1.525,1000180400,0.106886,0.19483,0.106865,0.240982,0.137531,0.231988,0.134112,0.240022,0.131057,0.228525,0.139302,0.251666,0.110084,0.193029,0.0931718,0.223513
2212,1.775,1000180400,0.096622,0.181714,0.0951909,0.240903,0.146329,0.244138,0.145999,0.245329,0.142524,0.24504,0.157716,0.261447,0.113746,0.200059,0.103766,0.230537
2212,1.775,1000260560,0.0661819,0.141811,0.0634077,0.252954,0.111014,0.200987,0.114286,0.244255,0.104264,0.19342,0.109475,0.246925,0.0727811,0.146334,0.0550275,0.232496
2212,2.025,1000260560,0.0619016,0.135873,0.0584976,0.255979,0.128171,0.224745,0.136203,0.25095,0.116363,0.211201,0.128399,0.2543,0.0798512,0.158147,0.0724372,0.239326
2212,1.525,1000080160,0.220298,0.387705,0.207548,0.443306,0.296406,0.490609,0.295874,0.472745,0.215331,0.391144,0.222736,0.466549,0.281287,0.473824,0.285965,0.474123
2112,0.325,1000060120,0.210584,0.364228,0.166642,0.41283,0.455916,0.696317,0.445745,0.541193,0.352196,0.560047,0.347535,0.48997,0.586223,0.874619,0.57576,0.636687
2112,0.075,1000060120,0.284673,0.463296,0.255553,0.438348,0.578873,0.861878,0.569925,0.63145,1.08699,1.64953,1.04008,1.09184,1.10392,1.67464,1.058,1.11094
2112,0.575,1000060120,0.217947,0.376519,0.179303,0.417792,0.426454,0.654206,0.4166,0.523079,0.235747,0.408867,0.227468,0.449374,0.425082,0.656995,0.424649,0.533437
2112,0.825,1000060120,0.233771,0.398917,0.200981,0.425106,0.352537,0.556104,0.338873,0.479877,0.203922,0.368732,0.193308,0.446095,0.309861,0.505978,0.306632,0.473991
2112,1.075,1000060120,0.253142,0.424722,0.226658,0.433712,0.341269,0.541905,0.327867,0.475282,0.190863,0.353861,0.181929,0.449729,0.279695,0.468557,0.276483,0.464987
2112,1.575,1000060120,0.264873,0.441054,0.241173,0.439256,0.366544,0.576071,0.356668,0.490766,0.200905,0.367749,0.195982,0.45293,0.301836,0.499356,0.304957,0.47877
2112,1.325,1000060120,0.260494,0.43448,0.233912,0.435401,0.368352,0.578583,0.358838,0.492056,0.19056,0.352865,0.179863,0.447894,0.270963,0.454873,0.262543,0.456775
2112,1.825,1000060120,0.271121,0.44941,0.247197,0.440827,0.399007,0.618823,0.390463,0.508988,0.215257,0.387144,0.213767,0.456353,0.287719,0.478918,0.285254,0.468013
2112,0.075,1000180400,0.2231,0.337335,0.21757,0.271763,0.448209,0.645027,0.445005,0.455501,1.4625,2.32704,1.35638,1.46198,2.0391,3.55444,1.78932,2.03723
2112,0.325,1000180400,0.127296,0.217261,0.119637,0.233618,0.28396,0.418489,0.281497,0.315216,0.353373,0.512106,0.351666,0.371054,0.492609,0.709478,0.487512,0.496576
2112,0.575,1000180400,0.12609,0.218158,0.123608,0.239219,0.220309,0.33504,0.216567,0.272457,0.211267,0.325041,0.210046,0.270595,0.26831,0.397106,0.264854,0.302808
2112,1.075,1000180400,0.126888,0.220175,0.126677,0.24186,0.142966,0.237408,0.136486,0.237871,0.134263,0.228848,0.133218,0.241951,0.129532,0.217354,0.113959,0.226046
2112,0.825,1000180400,0.132714,0.227472,0.133002,0.243145,0.172472,0.274583,0.166982,0.248115,0.153524,0.252041,0.150672,0.244545,0.168509,0.266712,0.158214,0.241007
2112,1.325,1000180400,0.117857,0.208966,0.119122,0.242308,0.142511,0.237761,0.137992,0.23993,0.128666,0.223889,0.132244,0.246245,0.113684,0.197457,0.0960752,0.222994
2112,1.575,1000180400,0.10569,0.192628,0.10319,0.238535,0.153442,0.252457,0.152879,0.246759,0.13304,0.231829,0.143946,0.254843,0.102413,0.183248,0.0855082,0.223705
2112,1.825,1000180400,0.0952393,0.180022,0.0940543,0.241409,0.166537,0.271035,0.169964,0.255795,0.145227,0.249644,0.161599,0.263947,0.103755,0.186323,0.0892128,0.226435
2112,0.625,1000060120,0.226122,0.38764,0.191763,0.422044,0.409738,0.624862,0.399736,0.511203,0.228916,0.401182,0.220218,0.448985,0.370147,0.583388,0.365815,0.49888
2112,0.375,1000060120,0.220012,0.378536,0.180854,0.417112,0.449846,0.68469,0.440925,0.538058,0.321889,0.520948,0.316472,0.476372,0.574969,0.857869,0.566275,0.629175
2112,1.125,1000060120,0.237379,0.403714,0.20556,0.426434,0.3508,0.554393,0.338164,0.480266,0.192885,0.356117,0.184147,0.449403,0.277959,0.464415,0.271076,0.460262
2112,0.125,1000060120,0.240666,0.404133,0.202487,0.419658,0.49485,0.740783,0.484721,0.565994,0.635358,0.942802,0.623867,0.675919,0.87235,1.29867,0.846597,0.885228
2112,0.875,1000060120,0.242301,0.410608,0.212147,0.428823,0.370847,0.580724,0.359212,0.490827,0.197455,0.359775,0.183386,0.443158,0.307983,0.50246,0.299436,0.468126
2112,1.625,1000060120,0.284723,0.466908,0.263652,0.446872,0.350236,0.553614,0.337472,0.479873,0.210575,0.380932,0.210436,0.457181,0.299027,0.494468,0.298202,0.473647
2112,1.375,1000060120,0.264422,0.44084,0.241551,0.440029,0.365438,0.574168,0.354606,0.489138,0.198987,0.364385,0.19207,0.450735,0.299367,0.492385,0.294389,0.468744
2112,1.875,1000060120,0.28042,0.460646,0.258562,0.444553,0.391245,0.607807,0.381006,0.502815,0.220645,0.394774,0.220844,0.458498,0.331939,0.540204,0.340034,0.495913
2112,0.375,1000180400,0.126039,0.215121,0.118453,0.233822,0.274236,0.405448,0.271193,0.307585,0.316911,0.462905,0.31518,0.341186,0.445513,0.641279,0.441946,0.452526
2112,0.125,1000180400,0.155112,0.249157,0.141085,0.233053,0.368335,0.532786,0.366353,0.383665,0.828017,1.21968,0.806069,0.827832,1.02148,1.53529,0.981579,1.02104
2112,1.125,1000180400,0.11596,0.203728,0.111497,0.236357,0.150732,0.248276,0.147253,0.243054,0.132562,0.227446,0.133228,0.24354,0.124545,0.210847,0.107758,0.224276
2112,0.875,1000180400,0.129456,0.223438,0.129602,0.242538,0.161504,0.260186,0.155859,0.243669,0.149788,0.247646,0.147574,0.244176,0.156413,0.251685,0.144051,0.235299
2112,1.625,1000180400,0.09907,0.183971,0.0951007,0.237813,0.145803,0.24304,0.144406,0.244031,0.137993,0.23866,0.150514,0.257606,0.107018,0.189951,0.09218,0.225674
2112,1.375,1000180400,0.111643,0.200614,0.11114,0.240309,0.143792,0.239291,0.139059,0.240015,0.127016,0.222237,0.131714,0.247247,0.117984,0.203274,0.102057,0.224748
2112,1.875,1000180400,0.0906383,0.173426,0.0869431,0.239837,0.161833,0.264299,0.164861,0.253313,0.150355,0.256808,0.16744,0.26642,0.108672,0.193932,0.0987108,0.230731
2112,0.425,1000060120,0.207572,0.36082,0.163564,0.412749,0.461682,0.700771,0.451519,0.54454,0.307291,0.503134,0.302167,0.471694,0.527166,0.791325,0.519354,0.593229
2112,0.925,1000060120,0.238829,0.40655,0.209533,0.429201,0.364657,0.571923,0.351332,0.485919,0.194557,0.356946,0.184094,0.446845,0.282065,0.468965,0.27338,0.459491
2112,1.175,1000060120,0.258767,0.431495,0.230963,0.433589,0.356455,0.562662,0.345623,0.484944,0.192286,0.355462,0.183886,0.449815,0.263354,0.446744,0.256928,0.457593
2112,1.425,1000060120,0.26313,0.438714,0.238926,0.438387,0.371861,0.583545,0.363447,0.494985,0.199583,0.366577,0.196783,0.455094,0.285836,0.475417,0.280912,0.464716
2112,0.175,1000060120,0.215764,0.371232,0.170677,0.411258,0.490597,0.740148,0.480628,0.564292,0.471575,0.715559,0.46395,0.554214,0.765567,1.13348,0.747961,0.787802
2112,0.675,1000060120,0.224037,0.384467,0.187888,0.420179,0.381444,0.59389,0.369192,0.495304,0.212191,0.378615,0.200895,0.445032,0.358715,0.567233,0.3513,0.489888
2112,1.925,1000060120,0.245335,0.414012,0.215089,0.428934,0.38813,0.60438,0.379156,0.502637,0.216437,0.388837,0.214446,0.456126,0.327541,0.533499,0.333394,0.491496
2112,1.675,1000060120,0.263364,0.438624,0.236339,0.435999,0.364666,0.572865,0.353209,0.488055,0.211331,0.382567,0.2128,0.458997,0.306941,0.50538,0.311724,0.481715
2112,0.175,1000180400,0.124828,0.209977,0.10448,0.220858,0.340677,0.494425,0.339233,0.360541,0.586633,0.847837,0.578603,0.588051,0.75681,1.10772,0.739746,0.756658
2112,1.175,1000180400,0.125672,0.218713,0.125631,0.241891,0.149463,0.246378,0.145202,0.241867,0.132431,0.227882,0.134155,0.244793,0.117601,0.201583,0.098458,0.221503
2112,0.425,1000180400,0.128622,0.220276,0.123167,0.23646,0.259437,0.385909,0.256087,0.297069,0.285831,0.421522,0.284123,0.317591,0.380475,0.549698,0.377615,0.393366
2112,0.925,1000180400,0.12033,0.209903,0.115288,0.235864,0.155957,0.253417,0.149388,0.241209,0.143962,0.240648,0.142256,0.243261,0.143512,0.23494,0.128755,0.229506
2112,1.425,1000180400,0.111792,0.199911,0.109375,0.238107,0.147466,0.244708,0.145126,0.243424,0.12896,0.224881,0.134869,0.24867,0.108266,0.190529,0.0900824,0.222444
2112,1.675,1000180400,0.101467,0.187037,0.0978739,0.237834,0.154778,0.254835,0.155835,0.248959,0.137795,0.238471,0.150464,0.257736,0.105718,0.188718,0.0914934,0.226492
2112,1.925,1000180400,0.092997,0.176839,0.0906723,0.240696,0.162868,0.265077,0.165,0.252591,0.145247,0.249599,0.161469,0.263772,0.0989584,0.179713,0.0827841,0.225248
2112,0.625,1000180400,0.126968,0.218711,0.122767,0.237577,0.205322,0.316155,0.200912,0.263913,0.194126,0.303089,0.192522,0.261498,0.23838,0.358062,0.233748,0.28211
2112,0.475,1000060120,0.215823,0.37342,0.175972,0.416523,0.438408,0.669801,0.428387,0.53002,0.283463,0.471442,0.275864,0.461216,0.483145,0.733541,0.479662,0.567225
2112,0.975,1000060120,0.231266,0.395125,0.200599,0.425969,0.356053,0.560983,0.343223,0.482399,0.195625,0.357935,0.183799,0.445406,0.299422,0.492822,0.295296,0.469702
2112,1.475,1000060120,0.272839,0.452553,0.251627,0.443994,0.35474,0.559989,0.343299,0.483379,0.201785,0.369944,0.200118,0.456321,0.28222,0.473172,0.282702,0.469672
2112,0.225,1000060120,0.215619,0.371732,0.172194,0.412923,0.473684,0.717435,0.464418,0.553565,0.404664,0.627191,0.398399,0.514699,0.703983,1.0427,0.689511,0.733708
2112,1.225,1000060120,0.240774,0.40928,0.211841,0.429927,0.345567,0.547946,0.333365,0.478466,0.193256,0.35578,0.184699,0.44884,0.291909,0.48412,0.289321,0.469109
2112,0.725,1000060120,0.246097,0.415169,0.216687,0.429818,0.391861,0.608361,0.381146,0.502585,0.207836,0.37249,0.194928,0.443307,0.319737,0.516658,0.31097,0.471797
2112,1.725,1000060120,0.264898,0.440488,0.239739,0.437746,0.365397,0.57347,0.353272,0.487637,0.224095,0.399655,0.226408,0.460782,0.28479,0.472062,0.274746,0.458919
2112,1.975,1000060120,0.283681,0.465988,0.263512,0.44754,0.381012,0.594984,0.371837,0.498691,0.217045,0.392184,0.221502,0.463307,0.297097,0.49019,0.293594,0.469662
2112,0.225,1000180400,0.124213,0.210853,0.108529,0.225347,0.325885,0.474988,0.323797,0.347954,0.46424,0.66837,0.459972,0.469783,0.641348,0.928854,0.632581,0.64367
2112,0.475,1000180400,0.13231,0.225568,0.129929,0.239964,0.247206,0.370103,0.243834,0.289116,0.255714,0.38208,0.254594,0.297271,0.331244,0.481797,0.328608,0.351523
2112,0.975,1000180400,0.124897,0.217731,0.124854,0.241792,0.153425,0.250788,0.148027,0.24173,0.140752,0.236771,0.13907,0.242618,0.139083,0.229093,0.123685,0.227814
2112,1.225,1000180400,0.119224,0.210832,0.120207,0.242271,0.147123,0.24372,0.143391,0.241839,0.13036,0.225093,0.132056,0.244306,0.116836,0.200836,0.0979352,0.221783
2112,1.475,1000180400,0.115003,0.205576,0.116978,0.24291,0.150834,0.24949,0.150784,0.246612,0.129888,0.227017,0.138021,0.251361,0.11246,0.196497,0.0970656,0.225009
2112,1.725,1000180400,0.0968753,0.181322,0.0932719,0.238548,0.155441,0.255176,0.155401,0.247937,0.137212,0.237264,0.14874,0.256299,0.109506,0.194107,0.0975931,0.228575
2112,1.975,1000180400,0.0891646,0.170736,0.0827638,0.237415,0.170813,0.276393,0.174209,0.257356,0.150501,0.256709,0.167846,0.266528,0.110442,0.195728,0.0993492,0.229523
2112,0.675,1000180400,0.128115,0.219996,0.123947,0.237656,0.190811,0.297338,0.185426,0.255783,0.181578,0.287531,0.179766,0.255803,0.215939,0.328603,0.209723,0.267346
2112,0.525,1000060120,0.216375,0.374232,0.176851,0.416866,0.444811,0.67811,0.434404,0.533513,0.260341,0.441634,0.251828,0.45441,0.443423,0.68052,0.441682,0.543014
2112,1.525,1000060120,0.269843,0.447167,0.246315,0.440444,0.371048,0.582009,0.361655,0.493457,0.211578,0.382407,0.211809,0.457635,0.307544,0.504363,0.306607,0.475911
2112,1.025,1000060120,0.240669,0.408396,0.20944,0.427677,0.35807,0.563438,0.344617,0.482707,0.193265,0.356599,0.187046,0.451326,0.294931,0.485383,0.286461,0.463561
2112,0.275,1000060120,0.211168,0.365178,0.167913,0.413406,0.462534,0.702092,0.452681,0.545477,0.376769,0.590452,0.369583,0.498828,0.669372,0.991848,0.65628,0.70386
2112,0.775,1000060120,0.223092,0.383407,0.187011,0.420252,0.369636,0.578706,0.357097,0.489198,0.207266,0.372596,0.196336,0.445484,0.321585,0.521396,0.317982,0.478294
2112,1.275,1000060120,0.255294,0.427681,0.229275,0.434636,0.361285,0.569059,0.350887,0.487675,0.195494,0.358858,0.186803,0.448727,0.294487,0.486031,0.288851,0.466523
2112,1.775,1000060120,0.270241,0.447566,0.24651,0.440316,0.390931,0.608365,0.382549,0.504826,0.205658,0.374344,0.204136,0.455875,0.26903,0.452522,0.259352,0.455336
2112,2.025,1000060120,0.273761,0.453267,0.251495,0.443111,0.386927,0.603429,0.379128,0.503385,0.237175,0.418054,0.247686,0.470124,0.336884,0.545716,0.343214,0.495943
2112,0.275,1000180400,0.131547,0.222456,0.122484,0.233076,0.306748,0.449041,0.304744,0.332861,0.400536,0.577764,0.397452,0.411165,0.563678,0.813717,0.556462,0.565484
2112,1.025,1000180400,0.122472,0.213343,0.118927,0.237775,0.152577,0.249891,0.147535,0.241872,0.137826,0.233645,0.137538,0.243483,0.129832,0.217032,0.112446,0.224271
2112,0.525,1000180400,0.134044,0.228621,0.133112,0.242034,0.237236,0.357586,0.234459,0.283649,0.22727,0.345083,0.225577,0.278894,0.289455,0.425497,0.286321,0.318419
2112,1.275,1000180400,0.118828,0.210753,0.120788,0.243346,0.146967,0.244036,0.14449,0.243149,0.125869,0.219467,0.127849,0.243925,0.119828,0.205195,0.103027,0.223964
2112,1.775,1000180400,0.10178,0.188745,0.102412,0.242213,0.1555,0.256299,0.157764,0.250548,0.137532,0.238714,0.152694,0.260277,0.107809,0.192498,0.0966634,0.229592
2112,1.525,1000180400,0.106641,0.193797,0.104133,0.23845,0.155025,0.254477,0.154645,0.247415,0.133938,0.232713,0.143576,0.253734,0.110561,0.194376,0.0950752,0.225121
2112,2.025,1000180400,0.0875481,0.16957,0.0846438,0.241412,0.174711,0.28278,0.181283,0.262556,0.159986,0.269837,0.179583,0.272309,0.113149,0.200579,0.106891,0.23433
2112,0.725,1000180400,0.130232,0.224165,0.129802,0.242019,0.187653,0.293978,0.183386,0.255658,0.168588,0.270955,0.165806,0.249654,0.196619,0.303332,0.189156,0.255994
2112,0.075,1000080160,0.209883,0.36389,0.166818,0.413849,0.582402,0.868795,0.573076,0.634663,1.17763,1.80584,1.11941,1.18144,1.6503,2.70037,1.5048,1.65004
2112,0.325,1000080160,0.173465,0.322292,0.14542,0.432604,0.415004,0.640858,0.408632,0.520504,0.428619,0.662202,0.429704,0.537288,0.690511,1.02447,0.679079,0.725495
2112,0.575,1000080160,0.18595,0.34414,0.167516,0.440198,0.359928,0.568435,0.351782,0.489621,0.286365,0.479652,0.28955,0.473916,0.427736,0.658816,0.425014,0.532032
2112,0.825,1000080160,0.205144,0.367562,0.188082,0.438986,0.295168,0.485483,0.28622,0.463122,0.226725,0.402805,0.228232,0.460175,0.300088,0.493278,0.29508,0.468945
2112,1.575,1000080160,0.219818,0.38878,0.211006,0.447603,0.306942,0.503304,0.305186,0.474825,0.224026,0.402261,0.232923,0.468183,0.282568,0.474901,0.285952,0.473035
2112,1.075,1000080160,0.210385,0.374728,0.195264,0.440843,0.296664,0.489037,0.291724,0.46795,0.213252,0.386536,0.217566,0.462488,0.268978,0.453912,0.264184,0.460263
2112,1.825,1000080160,0.218101,0.387888,0.207517,0.447084,0.341804,0.551903,0.347849,0.497743,0.230348,0.411545,0.245787,0.475094,0.29816,0.497668,0.307798,0.485016
2112,1.325,1000080160,0.209706,0.373457,0.193558,0.439736,0.28443,0.472901,0.277571,0.462249,0.212604,0.38784,0.222015,0.468303,0.2849,0.479773,0.292772,0.478743
2112,0.075,1000260560,0.220086,0.333863,0.213919,0.26965,0.428923,0.617703,0.426738,0.438477,1.38311,2.17581,1.29198,1.38294,1.80821,3.02851,1.62737,1.81005
2112,0.325,1000260560,0.11409,0.201278,0.106445,0.23292,0.248879,0.372679,0.246336,0.291178,0.325784,0.47456,0.323096,0.347101,0.427134,0.615198,0.423786,0.435421
2112,0.575,1000260560,0.110912,0.198764,0.107728,0.237474,0.182878,0.287796,0.178103,0.253036,0.180807,0.28418,0.173943,0.249819,0.225258,0.340642,0.219792,0.273302
2112,1.825,1000260560,0.072528,0.159901,0.0756451,0.257648,0.126717,0.222618,0.134276,0.250147,0.105545,0.19511,0.111761,0.247706,0.0768366,0.152724,0.0634737,0.234733
2112,1.325,1000260560,0.0838615,0.164328,0.0801168,0.241519,0.115022,0.204596,0.113441,0.239296,0.0976917,0.181113,0.0901894,0.234362,0.0840364,0.158413,0.0593652,0.220385
2112,0.825,1000260560,0.10159,0.18759,0.0994112,0.239253,0.138023,0.231742,0.132383,0.237774,0.126621,0.21391,0.114335,0.229089,0.136611,0.225956,0.120615,0.226816
2112,1.575,1000260560,0.0764992,0.155904,0.0752526,0.247884,0.115708,0.206574,0.116675,0.242198,0.0990856,0.184898,0.098295,0.241064,0.073968,0.146288,0.0516257,0.226929
2112,1.075,1000260560,0.0880703,0.167172,0.0839676,0.239349,0.119688,0.208252,0.113097,0.233995,0.10539,0.189473,0.0946321,0.230002,0.095514,0.172153,0.0709475,0.217117
2112,0.775,1000180400,0.130002,0.22303,0.12715,0.239443,0.175423,0.277542,0.169666,0.248643,0.163705,0.264263,0.161731,0.248279,0.184103,0.287309,0.175424,0.249126
2112,0.125,1000080160,0.184857,0.333894,0.144145,0.416745,0.492603,0.743383,0.483876,0.567157,0.823583,1.22359,0.802745,0.841792,1.07521,1.6277,1.03093,1.08118
2112,0.375,1000080160,0.174187,0.325746,0.144532,0.431046,0.416039,0.641693,0.408705,0.519942,0.38313,0.603009,0.386184,0.513714,0.618354,0.919165,0.609968,0.66516
2112,0.625,1000080160,0.185418,0.342527,0.164411,0.437555,0.345825,0.549886,0.336968,0.482358,0.264773,0.451446,0.266705,0.466718,0.373004,0.588624,0.37221,0.50432
2112,1.875,1000080160,0.208131,0.373389,0.196563,0.444747,0.323174,0.523248,0.319192,0.478485,0.239645,0.425369,0.255323,0.477757,0.315763,0.519771,0.324751,0.490454
2112,1.125,1000080160,0.211564,0.377424,0.199364,0.444023,0.286346,0.475214,0.280286,0.463404,0.215281,0.391759,0.224592,0.468642,0.267858,0.453282,0.264906,0.462024
2112,1.625,1000080160,0.210435,0.375124,0.196128,0.441722,0.296492,0.490162,0.294668,0.471339,0.226021,0.404772,0.238178,0.471032,0.290534,0.485371,0.294955,0.476488
2112,1.375,1000080160,0.209214,0.375313,0.199142,0.446329,0.297362,0.491115,0.295227,0.471264,0.214856,0.391658,0.225367,0.469966,0.281911,0.472082,0.280902,0.467896
2112,0.875,1000080160,0.209999,0.375778,0.198662,0.444939,0.294323,0.48539,0.287638,0.465333,0.21401,0.38522,0.212608,0.45614,0.284942,0.474983,0.281606,0.466219
2112,0.125,1000260560,0.145904,0.237142,0.129884,0.228636,0.343734,0.499376,0.341994,0.363059,0.831406,1.2245,0.809898,0.831906,0.959667,1.43244,0.926375,0.959456
2112,0.625,1000260560,0.107474,0.19424,0.103093,0.236467,0.16946,0.270818,0.163946,0.246963,0.166957,0.266136,0.159586,0.243633,0.196022,0.302622,0.188735,0.255885
2112,0.875,1000260560,0.105453,0.193587,0.10697,0.242752,0.130632,0.222066,0.123409,0.234876,0.116842,0.202422,0.102524,0.226289,0.125742,0.211899,0.107856,0.223306
2112,1.125,1000260560,0.0932386,0.177248,0.0920886,0.241651,0.113934,0.201626,0.10791,0.234574,0.0997831,0.184031,0.0881288,0.230345,0.0920034,0.168339,0.0668878,0.217883
2112,1.625,1000260560,0.0699448,0.146714,0.0673,0.250129,0.120332,0.213332,0.123774,0.245164,0.100969,0.188143,0.103139,0.243893,0.0762211,0.150481,0.0575911,0.229744
2112,1.375,1000260560,0.0805075,0.160773,0.0796682,0.245905,0.114493,0.204224,0.11355,0.24001,0.0941055,0.174621,0.0859956,0.233887,0.0801114,0.153528,0.0548341,0.221478
2112,1.875,1000260560,0.069256,0.150295,0.0739467,0.259987,0.136364,0.236017,0.147431,0.255605,0.106659,0.196247,0.112116,0.246787,0.0784808,0.15546,0.067353,0.236229
2112,0.175,1000080160,0.169823,0.316527,0.12951,0.421197,0.451572,0.687946,0.444354,0.541246,0.597297,0.890074,0.589158,0.64819,0.902156,1.34591,0.873765,0.913096
2112,0.375,1000260560,0.115905,0.20454,0.111892,0.236539,0.23697,0.357478,0.234633,0.284018,0.284928,0.419485,0.282067,0.315387,0.371636,0.53716,0.369142,0.385891
2112,0.425,1000080160,0.178881,0.332031,0.150422,0.431256,0.397833,0.616678,0.391724,0.510325,0.35318,0.565671,0.357405,0.500743,0.576376,0.860885,0.569887,0.633125
2112,0.675,1000080160,0.190052,0.349009,0.171505,0.43931,0.320676,0.517531,0.3112,0.47137,0.245311,0.425542,0.244357,0.45977,0.350728,0.559376,0.348551,0.492167
2112,0.925,1000080160,0.195271,0.355813,0.178597,0.440374,0.290624,0.479883,0.281961,0.462046,0.216124,0.389469,0.216723,0.458979,0.289056,0.479652,0.284383,0.46597
2112,1.925,1000080160,0.216782,0.383399,0.200315,0.440377,0.311695,0.507569,0.307949,0.473789,0.252299,0.442595,0.271133,0.483239,0.311221,0.510466,0.315729,0.482803
2112,0.175,1000260560,0.114475,0.196331,0.0910025,0.217277,0.301933,0.442801,0.300005,0.329326,0.575434,0.831225,0.567733,0.576952,0.652914,0.947083,0.64267,0.654209
2112,1.425,1000080160,0.211401,0.376293,0.196926,0.441561,0.292233,0.484538,0.289667,0.469232,0.212584,0.386906,0.22004,0.465993,0.27233,0.459779,0.271316,0.465254
2112,1.675,1000080160,0.209102,0.372273,0.191899,0.438609,0.298171,0.493018,0.296422,0.472367,0.227917,0.407261,0.240277,0.471408,0.293115,0.488846,0.296543,0.476542
2112,1.175,1000080160,0.196911,0.356984,0.17664,0.436806,0.291173,0.476871,0.284883,0.463675,0.208427,0.379978,0.212906,0.462308,0.270057,0.455137,0.265175,0.460362
2112,0.675,1000260560,0.114491,0.205392,0.116399,0.243186,0.154193,0.250887,0.146809,0.239816,0.151245,0.246553,0.141769,0.236875,0.174626,0.274489,0.165232,0.244142
2112,0.925,1000260560,0.100014,0.186855,0.101672,0.243541,0.122666,0.211628,0.11499,0.233165,0.115729,0.201849,0.103845,0.228653,0.117245,0.200913,0.0971442,0.220627
2112,1.925,1000260560,0.0600964,0.132872,0.0545691,0.255364,0.1353,0.234048,0.144636,0.253473,0.111708,0.204538,0.120899,0.251226,0.075452,0.151127,0.0624521,0.235899
2112,1.175,1000260560,0.0924642,0.177368,0.094182,0.245096,0.110167,0.197083,0.104331,0.234838,0.097123,0.178896,0.0851295,0.229813,0.0912875,0.167479,0.066246,0.218119
2112,1.425,1000260560,0.0810851,0.161944,0.0806411,0.246393,0.115793,0.206514,0.116314,0.241716,0.100663,0.186277,0.0978699,0.238763,0.0787345,0.152151,0.0546716,0.223243
2112,1.675,1000260560,0.0687103,0.145634,0.0677958,0.253016,0.115823,0.207841,0.120056,0.245705,0.0999685,0.186537,0.100758,0.242633,0.0762009,0.15027,0.0569228,0.229104
2112,0.225,1000080160,0.170389,0.317162,0.134359,0.423984,0.44631,0.681688,0.440204,0.539347,0.509413,0.769159,0.506005,0.585739,0.811534,1.20373,0.792366,0.831246
2112,0.475,1000080160,0.173442,0.323926,0.142805,0.429723,0.389985,0.608067,0.383373,0.506412,0.329259,0.534736,0.333044,0.489814,0.503595,0.759666,0.499814,0.580523
2112,0.425,1000260560,0.116619,0.205991,0.113596,0.23776,0.218733,0.333566,0.215167,0.271992,0.255361,0.380141,0.252547,0.294709,0.320557,0.467279,0.317957,0.342923
2112,0.725,1000080160,0.19124,0.350749,0.174642,0.440842,0.318179,0.514152,0.311508,0.472733,0.234262,0.410155,0.233774,0.4577,0.328165,0.530651,0.326435,0.483002
2112,0.975,1000080160,0.205103,0.368821,0.191106,0.442351,0.291837,0.477223,0.284539,0.462759,0.209766,0.381639,0.214121,0.462159,0.27037,0.453963,0.260002,0.454938
2112,1.975,1000080160,0.219371,0.388046,0.209551,0.446662,0.324954,0.527263,0.32473,0.48344,0.26687,0.460925,0.284753,0.485303,0.30229,0.502293,0.313248,0.487204
2112,1.475,1000080160,0.213137,0.379016,0.199627,0.44273,0.296481,0.491855,0.297015,0.474361,0.215958,0.392696,0.225934,0.469264,0.286647,0.474336,0.28696,0.469633
2112,0.225,1000260560,0.114973,0.199112,0.0979954,0.22353,0.280612,0.414176,0.278484,0.313194,0.454779,0.654896,0.450636,0.460841,0.558818,0.806322,0.552021,0.560967
2112,1.725,1000080160,0.218386,0.384941,0.202584,0.440589,0.307624,0.504865,0.30762,0.47698,0.22928,0.410105,0.244494,0.474746,0.298686,0.49505,0.300865,0.476729
2112,0.725,1000260560,0.106976,0.194445,0.105251,0.239229,0.150167,0.246238,0.143066,0.239115,0.143591,0.236774,0.133941,0.234603,0.161328,0.257938,0.149986,0.237757
2112,1.225,1000080160,0.204544,0.367959,0.19008,0.441887,0.285743,0.476134,0.28269,0.46677,0.206164,0.377107,0.210476,0.462224,0.287663,0.481654,0.291772,0.475309
2112,0.975,1000260560,0.105051,0.192969,0.106862,0.242926,0.116844,0.204478,0.108698,0.232456,0.109161,0.193129,0.0952688,0.226693,0.109642,0.1905,0.0880857,0.218691
2112,1.975,1000260560,0.0596297,0.132705,0.0558755,0.257854,0.132682,0.231082,0.142221,0.253394,0.113415,0.205237,0.12332,0.251741,0.0730557,0.148578,0.0619739,0.239239
2112,1.475,1000260560,0.0809018,0.162042,0.0818448,0.24791,0.117974,0.20957,0.119769,0.24308,0.0996121,0.184742,0.0959856,0.238076,0.0772399,0.150447,0.0545606,0.225053
2112,1.225,1000260560,0.0881333,0.170597,0.0856092,0.241789,0.113961,0.203523,0.113063,0.24001,0.0983527,0.180931,0.0878194,0.231125,0.0887714,0.163989,0.0649572,0.219243
2112,1.725,1000260560,0.0701486,0.146914,0.0672919,0.249743,0.125636,0.220895,0.131904,0.24867,0.10582,0.195121,0.111077,0.246625,0.0757968,0.150541,0.0592602,0.232077
2112,0.275,1000080160,0.169101,0.317547,0.134337,0.427027,0.434853,0.666618,0.427557,0.531172,0.466042,0.711588,0.464352,0.558002,0.718382,1.06426,0.703473,0.746648
2112,0.525,1000080160,0.189762,0.348693,0.171365,0.439499,0.376208,0.589888,0.369349,0.498925,0.303341,0.499905,0.303563,0.475971,0.465691,0.711172,0.464104,0.557898
2112,0.775,1000080160,0.197778,0.359676,0.182409,0.441734,0.305891,0.500087,0.297963,0.468093,0.232156,0.408316,0.233691,0.459709,0.319727,0.51899,0.316027,0.477477
2112,0.475,1000260560,0.111287,0.199286,0.108229,0.237612,0.209474,0.321854,0.20623,0.267335,0.228797,0.345905,0.224897,0.277161,0.287829,0.423306,0.284665,0.317179
2112,1.025,1000080160,0.212886,0.380316,0.203472,0.447135,0.278381,0.464107,0.269554,0.458252,0.210561,0.382317,0.213991,0.461145,0.282689,0.473449,0.282417,0.468972
2112,2.025,1000080160,0.215688,0.3817,0.199386,0.440233,0.315815,0.514399,0.316465,0.480026,0.243569,0.429126,0.255446,0.474197,0.316817,0.520501,0.324453,0.489294
2112,1.775,1000080160,0.22003,0.387542,0.207414,0.443525,0.314384,0.511164,0.311456,0.47558,0.237923,0.420127,0.251273,0.473409,0.303884,0.503092,0.312085,0.48459
2112,1.525,1000080160,0.217887,0.387371,0.206854,0.446543,0.295644,0.487886,0.290963,0.467928,0.214995,0.391218,0.223764,0.468053,0.286248,0.474745,0.289146,0.473123
2112,0.275,1000260560,0.116375,0.203659,0.107512,0.231712,0.266485,0.395415,0.26424,0.303076,0.378469,0.546637,0.376015,0.391963,0.480677,0.692061,0.476035,0.485343
2112,1.275,1000080160,0.21141,0.3768,0.198158,0.44288,0.272244,0.455843,0.262407,0.455527,0.204553,0.375328,0.209299,0.462842,0.282018,0.472989,0.282655,0.469793
2112,0.775,1000260560,0.108433,0.196567,0.107748,0.240218,0.135067,0.227282,0.127343,0.235031,0.13001,0.219336,0.118491,0.230128,0.146531,0.238868,0.132303,0.230759
2112,1.025,1000260560,0.0996385,0.186748,0.10269,0.245026,0.119014,0.207691,0.113082,0.234663,0.105199,0.187875,0.0923163,0.227358,0.103395,0.183055,0.0807152,0.218401
2112,1.525,1000260560,0.0807066,0.162754,0.0843735,0.251158,0.11162,0.200073,0.110071,0.239084,0.0969535,0.181203,0.0932938,0.238302,0.0783852,0.152729,0.0584475,0.227276
2112,2.025,1000260560,0.0655279,0.141836,0.0704277,0.261745,0.131062,0.228794,0.139982,0.252424,0.11652,0.211871,0.12955,0.255518,0.0744208,0.150543,0.0641104,0.239242
2112,1.775,1000260560,0.0689751,0.145531,0.0667486,0.251258,0.127541,0.22315,0.133249,0.248339,0.104977,0.194491,0.110693,0.247419,0.0752576,0.150441,0.0607705,0.234458
2112,1.275,1000260560,0.0819393,0.162895,0.0802776,0.244923,0.114236,0.202936,0.111457,0.237821,0.0959136,0.17837,0.0870397,0.233195,0.0827562,0.156489,0.0563247,0.219337
2112,0.525,1000260560,0.113802,0.203581,0.113393,0.240594,0.197401,0.305905,0.193847,0.260649,0.201723,0.311229,0.196454,0.261145,0.252337,0.375771,0.248386,0.291416
