probe,ke,target,meanhA,meanErrhA,stdhA,stdErrhA,meannhN,meanErrhN,stdhN,stdErrhN,meanINCL,meanErrINCL,stdINCL,stdErrINCL,meanGeant4,meanErrGeant4,stdGeant4,stdErrGeant4211,1.075,1000060120,5.21659,1.64217,1.54039,1.28327,5.86836,10.7982,4.32325,14.6583,2.00062,11.7999,9.79406,17.3971,2.00012,15.6484,7.88329,17.303
211,0.825,1000060120,4.92635,1.38603,1.3234,1.07041,7.61696,4.97916,3.51837,6.16768,6.85151,9.22422,6.34057,23.3655,2,15.0738,7.68591,18.2046
211,0.075,1000060120,2,11.9563,0.648916,0.461465,2.00001,17.5735,2.96628,2.12496,4.45816,9.1562,3.43885,6.18028,2.00023,17.982,2.4658,1.7257
211,1.325,1000060120,5.58342,1.63459,1.57418,1.25797,8.3451,6.13886,3.61893,6.66585,2.00001,16.929,7.90732,17.5156,2.0004,9.93644,4.309,3.991
211,0.325,1000060120,4.46857,1.04571,1.02031,0.789967,4.17663,9.47474,3.38508,5.87784,4.85573,10.5056,4.39579,14.2107,2.04551,11.7531,4.54989,6.32018
211,1.825,1000060120,6.07933,1.83381,1.77141,1.42938,8.38277,4.25656,2.79299,3.92637,3.20817,17.3065,4.00762,13.4751,2,17.989,4.43674,4.22449
211,0.575,1000060120,4.71175,1.27659,1.22049,0.984667,6.49831,5.17971,3.71919,6.86494,3.04859,16.6031,7.77921,18.7127,2,17.6594,4.05804,3.52991
211,1.575,1000060120,5.86558,1.67607,1.62975,1.28223,9.14656,14.3075,7.97882,21.2336,2.00096,12.978,6.21488,9.40363,2.00261,14.054,9.81803,15.576
211,1.125,1000060120,5.37111,1.57769,1.51097,1.21759,6.41886,4.43977,3.31443,5.30399,2.06171,15.8884,13.3896,19.8191,2.00001,9.59745,4.8607,5.13056
211,0.875,1000060120,4.99661,1.53213,1.43615,1.19669,6.73873,3.89105,3.10484,4.53703,4.36638,10.1745,7.07662,23.7502,2.0029,15.9186,10.0417,16.2933
211,0.125,1000060120,2,11.9322,1.2247,0.854349,2.00024,17.9977,2.99427,2.14948,4.14951,11.2084,3.74961,7.32388,2.00001,17.2245,2.72673,1.92345
211,1.375,1000060120,5.64369,1.70772,1.63559,1.32281,7.08568,6.23067,4.24047,14.7892,4.69809,9.66717,7.27762,21.8523,2.00002,17.2106,4.43717,4.28278
211,0.375,1000060120,4.51206,1.05651,1.03195,0.797,5.57937,4.31707,2.96427,4.17135,4.51074,14.1355,4.72659,13.6226,2,16.8974,4.11661,3.58177
211,1.875,1000060120,6.12608,1.691,1.65831,1.28095,10.0615,10.8928,5.01702,13.1997,2.0001,9.21879,4.17552,4.43798,2,17.3737,6.11198,8.40003
211,0.625,1000060120,4.80366,1.25346,1.21116,0.957956,6.01991,10.5967,4.86465,13.993,5.58935,13.6714,6.11613,21.2799,2.00002,16.5436,4.87659,5.13058
211,1.625,1000060120,5.96519,1.66345,1.62619,1.26534,8.29137,5.13274,3.20673,5.22698,3.83905,10.3283,6.85551,23.8405,2.00047,15.6642,5.61805,6.97726
211,1.175,1000060120,5.43405,1.56912,1.51034,1.20622,6.72028,4.80326,3.47712,6.09693,2.00175,12.8305,13.4708,18.047,2.00001,11.5838,5.33104,6.22732
211,0.925,1000060120,5.14272,1.4465,1.38985,1.11217,7.51943,6.8269,4.45084,14.6667,5.62436,12.5003,5.75725,19.4054,2.00109,10.5823,11.037,21.4501
211,0.175,1000060120,2.00006,16.5388,1.71934,1.19732,2.00028,9.3548,3.35711,2.51685,4.16991,13.3292,4.1613,14.0785,2.00003,14.2777,3.20823,2.35695
211,1.425,1000060120,5.7122,1.61891,1.5724,1.23639,7.15445,11.573,4.9277,13.5859,2.00018,9.48539,5.93941,8.67818,2.00001,17.9689,3.92617,3.29444
211,0.425,1000060120,4.55037,1.1619,1.11873,0.890724,4.45368,10.0329,3.87181,14.0908,3.67495,10.4726,5.51729,16.4409,2.00002,16.9429,4.01868,3.45046
211,1.925,1000060120,6.23179,1.76828,1.72917,1.35818,9.11046,5.69174,3.00677,4.6929,2.00002,16.8136,4.50526,4.60536,2.00007,16.0518,3.69374,2.92196
211,0.675,1000060120,4.81205,1.35912,1.29168,1.05304,7.06915,6.54139,4.45885,14.7172,5.68401,10.7001,10.2576,20.949,2.00001,17.0844,4.46476,4.24012
211,1.675,1000060120,6.04278,1.6995,1.66088,1.29664,6.52796,9.58411,6.23711,20.9441,2.00341,17.1772,8.04856,17.5766,2.00064,17.7064,6.12452,8.65723
211,1.225,1000060120,5.39901,1.63722,1.55811,1.27002,7.98004,6.3093,3.93322,14.6584,2.00008,17.9968,7.66347,17.673,2.00015,9.0113,6.34497,9.13605
211,0.975,1000060120,5.09282,1.48899,1.41666,1.15323,6.92848,10.7432,6.02571,19.0135,6.36327,11.0896,4.4596,13.8789,4.77125,12.1099,4.66407,13.8326
211,0.225,1000060120,3.13186,3.44053,1.60967,2.23725,2.71402,16.5428,3.43523,6.50237,4.33186,13.1182,4.30904,14.1017,2.00093,15.8521,3.91584,3.28784
211,1.475,1000060120,5.80732,1.611,1.57232,1.2196,7.67974,4.05314,3.01592,4.4028,3.68484,17.0988,4.28444,13.0562,2.00043,14.5151,5.43821,6.64271
211,0.475,1000060120,4.61842,1.16522,1.12697,0.889456,5.36882,5.86766,3.54608,6.27769,4.48307,16.0955,5.13198,14.24,2.00002,17.3404,3.99699,3.44116
211,1.975,1000060120,6.20549,1.78873,1.74439,1.3799,11.6949,13.1338,5.7314,17.3384,5.73986,3.34205,2.29296,2.8819,2.00002,17.4154,4.37644,4.04851
211,0.725,1000060120,4.83489,1.30017,1.24997,0.998483,6.26656,4.48587,3.27247,5.20473,6.34579,9.07015,5.93546,20.3803,2.00004,9.01688,5.61192,7.10372
211,1.725,1000060120,6.05231,1.79842,1.74147,1.39428,19.5369,9.50845,10.3173,16.8744,2.00188,14.9638,8.46364,16.5604,2,17.9992,3.85561,3.29347
211,1.275,1000060120,5.48544,1.69439,1.60933,1.31774,7.08336,5.95916,4.2071,14.8991,2.00048,17.7744,6.98011,17.5344,2.00015,12.2085,5.53091,6.90199
211,1.025,1000060120,5.20792,1.61133,1.51771,1.25646,6.81794,6.11104,4.20017,14.8171,2.0011,16.5598,14.8275,17.2102,2.00055,12.5168,5.52483,6.80895
211,0.275,1000060120,4.24091,1.27466,1.15777,1.00632,3.99747,9.32649,3.10265,5.02575,4.16584,16.0724,4.70419,13.5566,2.0856,17.9339,4.20347,12.4327
211,1.525,1000060120,5.82171,1.74731,1.68238,1.3524,7.14103,5.10744,3.6779,6.81383,3.31997,9.28459,5.16011,14.9269,2.31571,17.7768,3.95526,12.6904
211,0.525,1000060120,4.66839,1.19438,1.15386,0.912796,4.39044,11.1095,4.07295,14.2286,4.93581,15.9798,5.75987,18.2845,2,16.5431,4.22826,3.81307
211,2.025,1000060120,6.32642,1.7866,1.74958,1.37441,8.61815,5.87456,3.35728,5.71999,2.00018,16.6648,5.57024,7.01307,2.00028,15.9558,5.11236,5.66872
211,0.775,1000060120,4.93102,1.46106,1.37833,1.13715,6.7418,5.42772,3.8643,7.51778,5.8907,14.4437,6.75362,24.3096,2.00019,12.7027,6.58028,10.1527
211,1.775,1000060120,6.04723,1.73865,1.69322,1.33488,9.21124,4.69966,2.65899,3.62973,2.27129,9.51711,6.08785,16.7409,2.00006,17.7404,3.57017,2.79907
211,0.075,1000180400,2.00001,2.86647,1.06161,0.741074,2.00014,9.53983,4.82271,3.39901,3.06356,17.4456,4.26883,6.93302,2.00008,17.9408,2.34803,1.63549
211,0.325,1000180400,6.15081,2.59136,2.2957,2.06079,6.87369,11.3604,5.20394,7.4524,5.20454,10.4655,5.3257,8.41716,4.00359,11.2523,3.94115,5.73899
211,0.575,1000180400,7.05073,3.31202,2.89947,2.65399,11.9052,6.43351,5.3196,7.51217,7.57701,11.3624,6.16156,11.0178,4.54264,16.6354,6.48158,12.17
211,0.825,1000180400,8.14572,3.95876,3.51212,3.25883,12.5525,6.87068,5.36095,7.84814,10.4935,12.9124,6.24856,11.6469,10.5239,7.05055,5.90085,9.3012
211,1.075,1000180400,8.94294,4.46645,3.97469,3.91426,12.9252,13.8196,6.14617,11.1248,13.2754,10.5341,10.2571,36.7432,12.0991,7.49261,5.99753,9.87316
211,1.325,1000180400,10.1774,4.69617,4.31255,4.49121,14.8492,15.1238,6.84478,25.2645,12.0808,13.9655,6.61412,25.4942,14.8277,9.40588,9.18824,25.9753
211,1.575,1000180400,10.9758,5.03653,4.53723,5.08873,16.8959,9.40295,8.3873,23.3516,2.37491,15.5505,16.182,31.1366,13.7338,13.3646,8.3748,24.5097
211,1.825,1000180400,11.6909,5.57127,4.80551,5.90425,15.273,15.4354,5.33228,9.61231,2.15183,9.36321,15.0967,33.1131,19.9992,14.7499,38.3939,33.6999
211,0.075,1000080160,2,11.3987,0.697417,0.489496,2.00048,17.8176,3.19124,2.34641,2.00125,11.9089,5.31895,6.21054,2.12832,9.09047,2.24111,3.67596
211,0.325,1000080160,4.70385,1.25877,1.20638,0.969042,4.8036,9.22329,3.87616,14.257,2.00387,14.6052,6.09519,8.53682,3.36878,15.1865,3.52337,6.58633
211,0.575,1000080160,5.00809,1.56929,1.46316,1.22856,7.98194,11.7903,5.1772,14.8091,2.00045,9.18192,7.72825,17.5012,2.00014,9.86347,4.54432,4.5186
211,1.075,1000080160,5.85477,2.08045,1.92374,1.68089,7.92339,11.9193,4.32772,14.3416,3.76938,9.39909,27.3377,23.9584,2.10684,9.02424,7.33311,14.2462
211,0.825,1000080160,5.38227,1.88803,1.72773,1.49502,8.46493,12.0633,3.86624,14.3567,4.19818,9.04656,25.1822,24.157,3.83036,9.63787,6.15026,20.5203
211,1.575,1000080160,6.74687,2.37129,2.21424,2.08586,19.9339,17.4457,11.0445,19.4049,2.00012,9.08809,6.9818,18.1919,2.00003,16.1165,5.18733,6.02933
211,1.325,1000080160,6.21367,2.27249,2.09832,1.91471,8.29491,12.0583,4.09064,14.4425,2.00001,16.7998,8.37772,17.2762,2.53176,15.2978,4.39158,12.8048
211,0.075,1000260560,2,2.8225,1.32715,0.927476,2.00048,11.0845,5.29304,3.79997,4.13551,9.55514,3.55366,4.97657,2.08161,9.96127,2.51635,3.92906
211,0.575,1000260560,8.63424,4.37201,3.86026,3.74774,13.2234,13.6771,5.78382,9.68094,9.32219,7.06891,5.53137,8.24208,6.49681,10.3471,5.71922,9.15326
211,1.825,1000080160,7.32504,2.50728,2.29431,2.26055,10.6016,12.1177,4.00836,12.8725,3.46232,14.7391,3.32206,6.48548,2,16.1256,4.74203,5.01968
211,0.325,1000260560,7.3922,3.34159,2.98487,2.68191,7.81865,11.904,5.48627,8.16259,6.55113,11.2498,4.74494,6.31687,5.15618,10.474,3.63636,4.606
211,1.075,1000260560,11.1912,5.68659,4.97635,6.29712,15.0563,15.5121,6.07148,12.0768,15.5334,9.85543,8.27511,23.8616,13.6327,14.563,6.39976,12.1591
211,0.825,1000260560,9.90491,4.78425,4.34477,4.57509,13.7759,14.3118,5.8135,10.3024,12.6146,13.7633,6.25842,11.6816,11.7107,7.13512,5.8676,9.2874
211,1.575,1000260560,13.1608,13.6763,5.85504,9.86713,19.9992,13.7584,7.66365,9.59915,19.9904,10.2882,15.5138,31.8693,16.4609,12.672,9.35408,29.693
211,1.825,1000260560,13.6536,14.5756,6.21319,11.905,17.3627,9.50336,5.96353,21.6271,20,17.9056,21.2896,30.0287,16.6852,9.17889,8.23015,24.8403
211,0.125,1000180400,2.00007,11.8602,2.0244,1.4144,2.0012,9.75202,5.07124,3.6108,3.02793,15.9683,4.79675,8.0286,2.00005,17.9201,2.61687,1.82327
211,0.625,1000180400,7.30039,3.4646,3.04052,2.78444,12.4835,6.17795,4.97993,6.57708,8.35352,12.1498,6.12478,10.9069,6.14581,9.73033,6.25149,11.0205
211,0.375,1000180400,6.40085,2.78223,2.45717,2.21711,8.4582,6.18159,4.82301,5.97061,5.52276,9.37824,5.32467,8.33276,3.81459,14.3027,4.4505,6.86926
211,0.875,1000180400,8.31482,3.85791,3.47862,3.17404,13.263,13.3773,5.54797,8.67596,10.5402,12.8672,6.13142,11.2713,11.2476,6.30295,5.42215,7.6195
211,1.125,1000180400,9.27567,4.28053,3.92158,3.74885,13.8253,14.8854,6.74227,25.6704,11.4733,13.6792,7.68681,25.0855,12.1945,13.2066,6.13315,10.5325
211,1.375,1000180400,10.2261,5.00827,4.52532,5.00031,15.1108,14.6179,6.95371,25.0588,12.4809,11.4072,10.6228,42.3006,13.2035,11.6493,9.49008,27.7692
211,0.125,1000080160,2,11.7517,1.31404,0.916773,2.0001,17.815,3.36009,2.52795,2.00016,9.91801,4.62465,4.56116,2.00064,10.0633,2.52788,1.78893
211,1.875,1000180400,11.9803,5.87812,4.93699,6.33658,14.959,15.0037,5.04143,8.96273,2.0085,11.7607,12.12,30.0701,13.7877,11.315,10.4812,35.7671
211,1.625,1000180400,11.1342,4.77306,4.38602,4.66949,15.1288,15.1125,5.17959,8.96293,2.07708,17.5219,51.3268,33.4493,13.8544,10.9824,10.3842,34.6722
211,0.375,1000080160,4.81091,1.36887,1.29862,1.06166,5.80164,5.3357,3.46521,6.02381,2.00058,17.5561,6.19728,8.80696,2.44943,10.6996,3.98188,12.9275
211,0.625,1000080160,5.14781,1.62644,1.52073,1.27236,8.31188,6.35492,3.58544,6.89212,2.00224,12.6871,10.7063,21.1033,2.00003,9.47681,4.71526,4.88089
211,1.125,1000080160,5.88849,2.09227,1.93621,1.69468,9.04874,12.3001,4.48231,13.6839,2.00009,17.7053,9.98207,20.4268,5.42023,10.219,3.98923,14.3235
211,1.625,1000080160,6.88298,2.28934,2.15643,1.97573,19.9455,17.0611,8.55662,10.3361,2,15.8178,4.9667,6.2575,2.00082,15.0371,5.27624,6.1978
211,0.875,1000080160,5.52696,1.869,1.73704,1.47576,8.26692,6.67209,3.77052,7.55858,6.71241,11.2454,29.074,15.1393,4.81925,16.2279,5.64926,17.7278
211,1.375,1000080160,6.37367,2.16064,2.04172,1.79453,8.5468,11.8582,4.92948,14.159,2.00035,17.8013,8.87723,15.3696,2.00027,12.9507,5.57174,6.91238
211,0.125,1000260560,2,12.2399,2.61367,1.82665,2.00007,9.01493,5.63032,4.10686,4.31476,9.90887,3.9582,5.61742,2.00033,12.4622,2.89727,2.03561
211,1.875,1000080160,7.27089,2.38048,2.21297,2.09067,8.682,3.97344,2.41407,3.29054,2.00019,13.8668,6.53966,19.1921,2.00001,12.2082,7.47946,19.2517
211,0.375,1000260560,7.4751,3.67744,3.20119,2.96895,9.61922,5.96273,4.98582,6.36841,6.8321,11.3243,5.18317,7.44113,4.98453,9.63653,4.18317,5.70633
211,0.625,1000260560,8.87952,4.50433,3.99161,3.94918,13.1886,13.3105,5.44459,8.52481,10.2373,7.16649,5.78427,9.22236,7.45341,11.4558,6.05307,10.1571
211,1.125,1000260560,11.376,5.75119,4.96782,6.35083,17.9553,16.5309,8.13465,22.6812,15.2051,9.32937,8.13616,23.5973,14.5768,15.2841,6.45031,12.603
211,0.875,1000260560,10.4349,5.2276,4.69905,5.43078,14.568,15.2825,6.39602,12.8485,13.4193,14.6802,6.86928,25.8099,12.4348,7.38137,5.77746,9.18714
211,1.625,1000260560,12.9758,13.5342,5.77951,9.72835,17.256,10.2934,6.81679,22.1375,19.9333,15.7964,13.475,25.5099,17.3604,15.8431,9.21355,29.8745
211,1.875,1000260560,13.7872,14.3927,5.84186,10.5351,15.9541,15.648,5.24386,21.4141,14.7211,14.9417,23.0736,26.812,19.8688,9.06313,14.4783,27.0834
211,1.325,1000260560,12.2686,7.12765,5.61491,8.69054,17.1871,14.9324,8.52633,26.1802,15.7556,13.2471,9.71343,35.9848,15.2965,13.2931,7.34548,24.9941
211,0.425,1000180400,6.59825,2.90317,2.56768,2.31546,9.63388,5.66023,4.82966,5.87272,5.73247,9.53784,5.61926,9.20342,3.25532,17.0307,5.09139,8.35801
211,1.175,1000180400,9.26828,4.4453,4.02162,3.95456,14.0475,14.9085,6.39166,12.3142,10.9227,13.4602,7.0597,25.6679,12.746,13.8973,6.54799,12.3166
211,0.675,1000180400,7.35788,3.62966,3.14894,2.9245,12.621,6.80979,5.33659,7.68826,9.22799,12.5011,5.99627,10.4172,7.25672,11.0738,6.17369,10.5934
211,0.175,1000180400,2,15.3241,2.97324,2.07228,2.03783,11.4687,5.53647,17.0208,3.43225,17.1345,5.1761,8.74118,2.00017,9.06204,3.27997,2.28894
211,0.925,1000080160,5.5483,1.84122,1.72082,1.45018,8.46476,12.2205,4.48987,14.0193,2.01665,14.061,29.8301,29.7465,5.9053,10.9418,3.85542,14.4414
211,0.675,1000080160,5.14864,1.75885,1.60869,1.38728,7.38798,5.23997,3.61947,6.78727,2.0054,12.9197,12.4425,19.9211,2.0012,9.13496,5.04508,5.71027
211,1.925,1000180400,12.1558,6.08822,5.03336,6.65358,14.7733,13.8419,4.59808,6.94385,2.70494,9.86014,11.6577,37.8409,15.3333,11.5948,12.8915,40.8048
211,1.425,1000080160,6.51048,2.24581,2.1106,1.90566,7.82934,5.85065,3.54596,6.93555,2.00003,9.05686,12.567,21.6156,2.00026,13.3001,7.04245,17.7665
211,0.425,1000260560,7.68257,3.843,3.34233,3.12215,10.4177,6.8595,5.66472,8.65923,7.09608,11.4405,5.43835,8.18493,5.08772,9.09651,4.61908,6.57388
211,0.425,1000080160,4.85995,1.38555,1.31608,1.07384,6.0516,6.30072,4.02667,14.6825,2.00147,17.9758,6.3745,9.39227,2.42939,12.2301,4.08858,13.067
211,1.925,1000080160,7.44291,2.38078,2.19366,2.07149,9.81353,7.22538,3.03336,5.25573,2.00023,16.5602,5.62012,7.81298,2.00003,10.483,5.68068,7.68003
211,0.175,1000260560,2,16.0267,3.69194,2.57628,3.08287,12.094,5.76605,10.1145,5.00806,9.58998,4.24623,5.81914,2.80392,17.0442,3.08161,4.98612
211,0.175,1000080160,2.00005,15.2005,1.80667,1.26149,2.00026,10.4344,3.86166,3.17368,2.00025,10.0735,5.23694,5.99061,2.26138,9.14893,2.99769,5.28934
211,1.175,1000080160,6.07317,2.16207,2.00917,1.77858,11.3237,13.5851,7.23554,22.5455,2.00002,17.6787,7.9091,17.2162,2.00211,12.9013,5.44771,6.85904
211,0.675,1000260560,9.18017,4.37827,3.96605,3.85242,13.9222,14.1674,5.68566,9.51462,11.0358,7.44075,5.99493,10.1412,8.82247,12.3409,6.06909,9.95467
211,1.675,1000180400,11.132,5.35213,4.7504,5.64795,16.1269,14.8772,6.24036,23.6901,2.00663,12.4509,16.2811,34.2001,15.5094,10.4278,10.4855,35.5845
211,1.425,1000180400,10.4907,4.67105,4.30868,4.48492,14.6489,14.7926,7.06905,25.3419,10.4149,12.2565,8.30282,25.3177,13.4033,14.2089,8.05286,25.4333
211,1.675,1000080160,6.96027,2.21596,2.10997,1.88245,9.14225,5.83615,2.85488,4.69728,2.00419,10.3754,7.25234,16.9903,2.00018,17.4734,4.68248,5.00042
211,0.925,1000180400,8.50474,4.11709,3.6775,3.45428,13.2232,7.2013,5.27996,7.81748,10.493,13.0623,6.39808,12.7018,11.4969,6.89059,5.7445,8.83891
211,1.675,1000260560,13.6605,14.5266,6.2658,11.7588,18.4572,16.364,6.64055,21.2321,19.9997,11.5762,26.6218,36.6066,18.1349,15.2625,11.1313,40.5195
211,1.925,1000260560,14.2682,14.9023,5.91337,11.0299,15.5747,14.5869,5.83036,22.6319,19.9763,9.43668,19.4626,38.925,19.3589,14.4541,11.5166,39.7904
211,1.175,1000260560,11.6535,6.27168,5.26785,7.31333,14.7389,15.2824,6.28477,24.4673,15.021,11.2156,7.69379,23.8496,14.734,14.8228,7.15025,25.4949
211,0.925,1000260560,10.1321,5.07522,4.53648,5.07072,14.5308,15.261,6.31408,12.4958,13.7702,14.8649,6.92745,25.5854,12.8483,13.2014,5.69105,8.98876
211,1.375,1000260560,12.295,6.51996,5.2173,7.3434,19.4223,10.8696,9.21244,23.253,19.9585,9.00279,10.9604,29.1794,16.2702,10.8372,8.27703,23.4192
211,0.475,1000180400,6.70056,2.95258,2.61674,2.35637,10.3897,6.63405,5.59506,8.23277,6.15224,9.93945,6.22228,11.1819,3.84875,16.7325,5.36476,8.92739
211,0.225,1000180400,2.00112,16.716,3.66021,2.60153,3.93714,16.6552,5.44367,9.17542,3.92874,16.4886,5.33269,8.9118,2.96827,16.8849,3.49338,5.55653
211,0.725,1000180400,7.41484,4.09999,3.42226,3.32361,12.0188,6.92556,5.59502,8.49389,9.7846,12.581,5.94127,10.216,8.73114,12.2591,5.87976,9.26625
211,1.225,1000180400,9.52149,5.01953,4.43516,4.81701,13.7705,14.5593,6.07985,11.3587,11.2646,11.7908,9.32123,30.1628,13.1533,14.573,7.52012,26.2456
211,0.975,1000080160,5.65329,2.04647,1.87218,1.64145,7.66322,5.74001,3.74359,7.31596,2.30702,17.7452,17.1444,22.3218,6.46965,13.484,7.69906,18.1578
211,0.725,1000080160,5.224,1.86344,1.68694,1.47571,8.99684,12.0358,4.78215,13.265,2.1044,11.3666,15.1302,21.1574,2.00426,15.1071,5.33597,6.7367
211,1.475,1000080160,6.50263,2.39247,2.20822,2.09316,13.0195,14.4589,6.2532,21.9781,2.00079,13.1867,6.02376,9.70932,2.42969,16.1239,4.63963,12.5623
211,1.975,1000180400,12.2417,6.27188,5.10566,6.92619,16.3998,15.1238,6.05763,12.1233,2.00014,17.37,15.6169,28.621,13.616,10.6048,12.2876,43.7304
211,0.475,1000080160,4.95564,1.46529,1.38424,1.13972,6.61416,11.2425,4.90727,13.6498,2.00061,16.2744,7.19388,17.731,2.00008,9.22051,4.58823,4.50173
211,1.725,1000180400,11.4523,5.43846,4.77897,5.75685,15.961,14.7851,6.22652,23.6647,6.79599,11.5787,9.22078,32.104,19.7023,10.3694,19.7237,31.8359
211,0.225,1000080160,3.03923,9.80977,1.88535,2.77474,2.85792,15.1605,3.88475,13.1541,2.00041,12.0509,5.42005,6.51184,3.13805,15.1746,3.15977,5.53377
211,1.225,1000080160,6.09304,2.09161,1.96233,1.70183,7.96717,6.96221,4.08681,14.5447,2.00002,17.6158,8.82112,15.6448,2,10.5498,5.08255,5.94301
211,0.975,1000180400,8.52271,4.37385,3.83396,3.72879,13.8079,14.779,6.57677,12.7429,10.5051,13.2091,6.85222,26.013,11.4959,7.06647,5.80494,9.18793
211,1.725,1000080160,6.85957,2.30392,2.16577,1.99463,9.33641,7.39267,3.29923,6.17313,2.00118,10.0025,6.49797,16.945,2.00099,17.6151,5.64285,7.28741
211,0.725,1000260560,9.0344,4.75084,4.171,4.29007,13.8642,14.3981,5.88225,10.4158,11.1486,13.0874,6.45209,12.1,9.80681,12.5972,6.28838,10.758
211,0.475,1000260560,8.14987,3.75013,3.38099,3.06161,11.7057,7.26539,5.89054,9.5452,8.05701,11.9746,5.42174,7.9335,5.47878,9.60512,4.87352,7.01789
211,1.975,1000080160,7.46555,2.59221,2.33234,2.35536,10.335,9.27083,4.74957,14.0208,2.00036,17.8728,6.44135,17.1296,2.00027,11.9359,5.21034,6.17307
211,1.475,1000180400,10.7376,4.75025,4.3797,4.64127,17.8213,11.8145,7.7489,23.3653,6.7031,9.03926,11.2772,43.5031,16.7489,13.726,14.4211,30.3583
211,0.225,1000260560,2.00085,11.6057,4.68558,3.31258,4.85944,13.1533,5.68467,9.53028,5.42525,9.90444,4.62113,6.44175,3.99759,9.25989,3.20789,4.4712
211,1.725,1000260560,13.66,13.7017,5.42037,8.67266,18.5529,15.9021,7.02163,20.8539,19.9844,10.7992,17.6509,40.9747,18.3578,15.9367,11.2622,38.4667
211,1.975,1000260560,14.2092,14.5979,5.5828,9.90746,16.9443,9.39092,6.26853,21.8642,8.68633,14.644,9.26714,38.8701,19.187,12.5771,11.8589,40.8628
211,1.225,1000260560,11.7048,6.05779,5.10847,6.83428,18.612,9.8639,8.66149,23.7039,17.3666,15.8415,9.14841,29.7715,14.705,15.2916,6.64546,25.1556
211,0.975,1000260560,10.6026,5.30675,4.73917,5.57003,14.9342,15.4416,6.28454,12.5579,13.9609,14.9396,6.89469,25.4823,13.2832,13.8125,5.98793,10.1478
211,1.425,1000260560,12.2702,6.44993,5.16919,7.21416,17.8144,12.1281,7.3883,22.5073,15.2299,10.6428,9.05726,32.3844,16.3279,10.7859,8.16523,23.0515
211,0.525,1000180400,6.76705,3.31938,2.84421,2.65257,11.1286,6.70894,5.65496,8.50977,6.86449,10.4725,5.9609,10.2774,3.84343,16.9373,5.93749,10.5592
211,0.275,1000180400,5.45516,3.36093,2.5173,2.59935,5.48526,9.2416,5.26178,8.07488,4.81057,11.3919,5.12906,7.9777,3.92674,10.7966,3.66389,5.30752
211,1.025,1000080160,5.72668,2.16042,1.95572,1.75515,7.77278,10.3051,6.25214,21.9702,2.00006,14.867,18.9656,19.8274,2.38816,12.2584,6.23063,15.9037
211,0.775,1000180400,7.8716,3.71752,3.3076,3.01952,12.2548,6.37706,5.14086,7.09288,9.96436,12.7897,6.25601,11.5981,9.78608,7.30721,5.93095,9.39754
211,1.275,1000180400,9.81925,4.8514,4.36997,4.64889,16.2739,9.9703,7.98477,24.0629,12.9343,12.5643,8.45389,26.243,13.6381,12.6314,8.91453,24.5221
211,0.775,1000080160,5.32929,1.78587,1.65328,1.40606,7.78099,6.03512,3.79828,7.58136,2.00492,16.7989,13.3208,17.8085,3.71242,9.32556,5.83477,18.7142
211,1.525,1000080160,6.7097,2.28521,2.1521,1.96814,8.8044,6.12771,3.16756,5.54254,2.00143,10.8722,6.73962,17.8267,2.00019,14.2624,4.68582,4.94893
211,0.525,1000080160,4.9797,1.50266,1.41352,1.17142,7.36561,10.7002,6.15849,20.9313,2.00007,17.6513,7.28241,17.678,2,11.5775,4.46601,4.27607
211,2.025,1000180400,12.6161,6.10107,4.89583,6.35552,19.8808,10.0567,7.69981,13.2111,2.00001,13.6348,11.5459,32.9447,10.1649,12.1505,8.83851,24.941
211,0.275,1000080160,4.35928,1.49469,1.30926,1.18375,3.8599,13.5546,3.91051,13.8561,2.00168,13.4932,5.9025,7.91265,3.67587,11.4521,3.23681,5.5897
211,1.775,1000180400,11.9151,6.07484,5.10162,6.78904,15.4868,15.6464,5.99444,11.884,2.00359,11.6669,20.2125,43.4239,12.7306,10.7001,10.0057,32.1091
211,1.275,1000080160,6.12402,2.10043,1.97206,1.71281,8.4421,5.40006,3.1562,5.2667,2.00054,13.079,8.61886,15.6205,2.00021,11.1345,5.46616,6.79054
211,1.775,1000080160,7.08679,2.38191,2.22257,2.10184,9.71049,6.64417,2.78553,4.75634,5.45539,11.2789,5.15396,15.7124,2.00056,14.4673,4.44945,4.31588
211,0.775,1000260560,9.77608,4.65615,4.2435,4.35522,14.1812,14.7021,5.91993,10.5872,12.2879,13.3568,6.07707,10.741,10.7965,7.18465,5.98212,9.68066
211,1.025,1000180400,8.78011,4.09013,3.70644,3.45316,13.097,13.3165,5.55768,8.76394,10.9621,13.4637,7.51676,25.5545,12.1809,7.14996,5.75944,8.95224
211,2.025,1000080160,7.53592,2.42089,2.21041,2.11337,9.49714,12.4118,3.22907,6.02112,2.00106,9.0022,6.66902,17.1191,2.00088,14.7087,4.09848,3.80515
211,0.525,1000260560,8.45959,4.038,3.62208,3.36736,12.1787,7.43115,5.81425,9.45102,8.61005,12.193,5.69567,8.79139,5.79162,9.47111,5.32874,8.1418
211,0.275,1000260560,6.20224,4.72203,3.37937,3.68034,6.71697,11.0477,5.42155,8.19412,6.01455,10.7785,4.68483,6.35358,4.90528,10.3798,3.31003,4.16689
211,1.775,1000260560,13.6936,14.4055,5.99339,10.9541,16.838,14.5589,5.41169,21.1433,15.6784,14.5645,9.58449,38.26,16.7632,15.5533,9.22547,30.2748
211,1.525,1000180400,10.9373,5.04433,4.57623,5.13025,16.4738,12.8321,6.53582,23.7839,10.7608,13.0527,28.1158,39.8669,16.4658,15.2996,11.207,38.8737
211,2.025,1000260560,15.0715,15.466,6.28431,12.6487,15.6362,15.2357,4.36545,7.98155,2.00022,11.8844,24.4451,32.333,18.1604,12.3727,12.48,42.5753
211,1.275,1000260560,11.9148,6.9381,5.62067,8.5937,15.9661,12.6387,6.81967,24.1587,15.5328,10.4486,8.02992,24.5459,15.6433,11.7953,7.56589,24.7716
211,1.025,1000260560,10.7541,5.26203,4.70086,5.49339,15.8087,15.5355,6.16309,12.2568,13.4156,14.408,6.12092,11.8207,13.238,13.7518,5.88057,9.97436
211,1.475,1000260560,12.5517,7.31781,5.60091,8.75715,16.4542,14.5504,5.92078,22.7055,19.9279,11.4175,14.0546,28.409,19.5609,9.17642,10.6597,28.4965
-211,0.575,1000060120,4.5863,1.31909,1.23689,1.02991,6.1266,4.23262,3.12424,4.64922,5.78402,9.39383,5.01168,14.1516,2.00002,17.7143,4.2636,3.87586
-211,0.325,1000060120,4.45729,1.02672,1.00396,0.773275,4.45943,9.65,3.2599,5.39641,4.91915,9.94584,4.33941,14.2639,2.00039,10.4378,4.45813,4.17902
-211,0.075,1000060120,2.00006,12.4481,0.614998,0.447002,2.00118,16.8578,2.94343,2.11437,4.19802,9.93429,3.49242,6.40071,2.00007,17.5069,2.45627,1.71689
-211,1.575,1000060120,5.2363,2.08937,1.82451,1.667,19.9819,12.0359,12.3311,20.6715,2.12984,15.5262,7.31061,14.1593,2.00008,10.9123,5.31585,6.34548
-211,1.075,1000060120,4.99271,1.57827,1.46724,1.23703,6.76778,4.07796,3.18658,4.86395,6.40637,9.56761,5.7305,19.2186,2.0229,17.7738,11.0298,21.0924
-211,1.825,1000060120,5.38467,2.08877,1.85234,1.67267,11.2587,13.5607,3.47539,12.2767,6.57557,10.603,5.62337,17.1261,2.00015,17.9962,5.04099,5.48888
-211,0.325,1000180400,6.08827,2.65467,2.32025,2.112,6.95126,11.4604,5.04924,6.99522,4.9878,10.9146,5.21396,8.13892,4.64599,9.48859,3.78273,5.1287
-211,0.075,1000180400,2,2.74232,0.993184,0.693542,2.00128,9.13543,4.5877,3.2348,2.94814,17.475,3.81882,6.08636,2.00043,11.3428,2.38183,1.66614
-211,0.575,1000180400,6.97861,3.41399,2.9454,2.73426,10.7945,5.53641,4.86828,5.99575,7.37,11.1054,6.14356,10.8939,5.64875,11.4468,6.21129,10.945
-211,1.325,1000060120,5.14029,1.93024,1.71232,1.53238,8.0231,5.21465,3.42769,5.8831,3.70547,11.945,5.34843,15.8111,2.00005,13.4662,7.09646,19.0232
-211,0.825,1000060120,4.80314,1.41891,1.33327,1.10643,7.21254,4.48374,3.38873,5.60386,5.60279,15.9884,6.79956,24.1738,2.00662,14.9034,5.72072,7.61434
-211,0.825,1000180400,7.93548,4.13644,3.56869,3.4086,12.0524,6.50045,5.30494,7.52292,10.534,7.50712,5.87975,10.0103,10.7305,6.95126,5.84715,9.11995
-211,1.575,1000180400,10.452,5.9341,5.15219,6.76212,16.6292,14.1867,6.23303,23.3797,2.10745,10.124,18.4517,41.8577,14.6378,11.345,10.8124,36.6069
-211,1.075,1000180400,8.53075,5.00829,4.20096,4.44955,13.9884,14.0527,5.57016,9.06205,10.6001,12.8191,8.32303,24.0415,12.3424,7.38455,5.82002,9.27671
-211,1.325,1000180400,9.67947,5.1538,4.55073,5.07601,15.2407,15.6203,6.0279,11.4251,10.2761,12.9522,6.08185,11.8277,12.7311,14.0363,6.70257,13.0901
-211,0.075,1000080160,2.00001,11.5285,0.686849,0.483445,2.00059,17.1123,3.22806,2.38411,2.00068,9.07432,4.37415,4.05808,2.0002,17.9994,2.23414,1.559
-211,0.575,1000080160,4.91039,1.595,1.46629,1.25478,7.44259,4.6704,3.31762,5.61179,2.00002,16.7199,7.85353,17.8309,2.00004,13.7047,4.62632,4.66834
-211,0.325,1000080160,4.6888,1.23125,1.18409,0.945079,5.15179,10.4804,3.48513,6.15935,2.00093,12.4159,6.17262,8.71144,2.00002,10.0619,4.1974,3.71894
-211,1.825,1000180400,10.9452,5.81971,5.03661,6.53555,16.2119,15.8255,5.61,10.9875,8.96106,10.2173,7.57555,23.9436,10.1052,13.9472,20.54,28.5811
-211,0.825,1000080160,5.17909,2.02145,1.77309,1.60886,7.67757,4.4606,3.16398,5.0159,5.81612,14.8425,12.515,16.9915,4.11614,16.8695,5.12324,14.2993
-211,1.075,1000080160,5.57091,2.14611,1.92077,1.73298,9.59819,12.43,4.34249,13.7354,2.00006,9.81257,16.3503,16.0347,2.0001,16.0134,18.6806,16.7212
211,1.525,1000260560,12.7802,7.32055,5.48609,8.47085,18.5252,16.6523,7.25192,21.4756,19.9974,12.5874,15.0685,29.8448,16.8751,12.5842,8.81671,26.518
-211,1.325,1000080160,5.73955,2.40996,2.10579,2.00776,12.686,10.9694,7.04592,22.0365,2.0003,9.18751,8.34028,16.4923,2,9.02023,5.44198,7.00652
-211,0.625,1000060120,4.64257,1.31711,1.2424,1.02491,6.81264,3.50057,2.89255,3.85223,4.64283,16.6417,5.80843,18.7996,2,17.6348,4.58533,4.53995
-211,0.375,1000060120,4.49967,1.08216,1.052,0.821333,5.55373,4.15641,2.89354,3.93965,4.24981,16.8556,5.18833,14.3256,2,14.7305,4.27909,3.87471
-211,1.125,1000060120,5.05871,1.67678,1.54183,1.31959,6.83877,4.96694,3.61179,6.58524,4.45779,9.29904,23.5699,23.9324,2.00017,13.032,5.5734,7.1047
-211,0.125,1000060120,2,11.9506,1.25415,0.874786,2,15.1441,3.03693,2.18872,3.84784,15.1163,4.09414,13.9064,2,16.8333,2.68239,1.89151
-211,1.625,1000060120,5.27771,1.92624,1.73506,1.52931,9.20493,12.3326,3.55271,6.74072,2.00027,17.9088,8.54207,17.4339,2.00031,14.6423,5.32061,6.22618
-211,0.875,1000060120,4.84491,1.51741,1.40583,1.19047,6.98807,3.86744,3.08655,4.51349,3.48717,9.68547,11.7518,19.6097,5.33115,9.4786,4.39536,14.3579
-211,1.875,1000060120,5.51045,1.96621,1.79911,1.56432,8.81691,3.32726,2.31351,2.67839,2.01898,9.54324,7.79969,14.6631,2.00003,17.6381,4.82744,4.96257
-211,1.375,1000060120,5.04666,1.8524,1.64975,1.46725,8.42944,3.90162,2.68483,3.49109,2.00033,15.0989,8.5416,17.1671,2.00042,13.9515,6.63971,9.85963
-211,0.375,1000180400,6.33611,2.7095,2.40318,2.15596,8.4672,5.8126,4.63884,5.46865,5.03808,12.0838,5.57786,9.25088,4.60712,9.45133,4.20095,5.92547
-211,0.125,1000180400,2.00008,11.816,2.05125,1.43316,2.00021,9.85936,4.99895,3.53784,3.06154,17.4477,4.3198,6.93864,2.00018,13.1598,2.76943,1.93077
-211,0.625,1000180400,7.1511,3.72722,3.15958,2.99452,11.6787,6.10593,5.15542,6.95712,7.95394,11.909,5.95929,10.209,7.05368,10.9159,6.0402,10.126
-211,0.875,1000180400,8.1933,4.11765,3.614,3.41887,12.3963,13.1657,5.91824,9.83585,10.5203,7.34736,5.73113,9.53159,11.68,6.60186,5.53238,8.08468
-211,1.625,1000180400,10.5452,6.0366,5.21108,6.97888,15.1657,14.822,4.95167,8.16063,2.02799,13.4547,20.4807,39.036,12.7478,12.0966,9.46275,28.3503
-211,1.375,1000180400,9.51544,5.06193,4.4465,4.86797,15.4675,15.6835,6.18124,11.8732,10.6147,12.5056,8.14723,25.1496,16.9975,14.246,13.3398,37.4154
-211,1.125,1000180400,8.74742,4.7058,4.08147,4.15626,14.0217,14.8818,6.30029,12.1371,11.4533,12.9732,8.80547,26.2982,12.5213,13.9153,6.8492,13.3837
-211,0.125,1000080160,2,11.9491,1.35588,0.945141,2.00001,15.9973,3.45054,2.62431,2.00096,9.00031,4.6938,4.71484,2.00005,17.6012,2.5002,1.75029
-211,0.625,1000080160,5.03484,1.58786,1.47936,1.24359,7.85816,5.16081,3.41713,5.96187,2.01081,16.436,9.9083,17.3197,2.00001,12.8601,5.19324,5.96844
-211,0.375,1000080160,4.73266,1.31691,1.25238,1.01977,6.12903,4.88758,3.40429,5.75554,2.00134,11.8053,6.3258,9.22629,2.00039,10.9052,4.11292,3.60116
-211,1.875,1000180400,11.0676,6.65821,5.5803,8.34082,15.4173,15.2523,5.07792,8.64501,5.06794,16.2152,13.5724,34.2715,12.3603,11.9809,9.62499,30.1728
-211,1.125,1000080160,5.70986,2.1765,1.96433,1.77048,9.37934,9.43925,5.63982,18.2149,2.00024,10.7293,8.62965,15.5756,2.12208,11.8112,8.01223,15.8619
-211,0.875,1000080160,5.18985,2.01261,1.7698,1.60195,7.82177,4.57891,3.11458,4.98215,7.45663,15.1878,29.4201,21.9291,6.89537,11.4467,4.49323,14.2314
-211,1.575,1000080160,6.11198,2.63564,2.30873,2.3384,11.0158,11.8653,4.17411,13.0483,2.00002,10.9643,6.54323,17.5882,2.00205,17.9852,5.82842,7.89668
-211,1.375,1000080160,5.9501,2.42306,2.15582,2.05586,7.8877,6.29429,3.72143,14.3601,2.00135,11.4507,7.906,18.0704,2,16.7371,5.93315,8.28247
-211,1.825,1000080160,6.4338,2.78961,2.45504,2.62855,9.25003,3.55388,2.04331,2.70197,2.00001,15.8467,7.12106,17.8736,2,17.999,4.67112,4.74726
-211,0.425,1000060120,4.49495,1.08133,1.051,0.820889,5.52258,4.35196,2.95899,4.16743,4.17051,16.8405,5.23742,14.6896,2,16.6482,4.3042,3.9183
-211,0.675,1000060120,4.65212,1.31855,1.24457,1.02569,6.59013,3.55468,2.89736,3.87092,4.40139,9.03469,10.4125,21.2958,2.00001,17.5958,4.10823,3.63523
-211,1.175,1000060120,4.95961,1.69227,1.53612,1.33559,7.39134,11.6673,4.6684,14.3804,7.01557,10.3013,5.97379,21.0805,2,17.9993,7.32731,17.3801
-211,0.175,1000060120,2.00014,16.7145,1.75609,1.22307,2.0031,9.74471,3.4364,2.69811,4.39801,12.3419,4.24747,14.1606,2.00013,17.8967,3.24161,2.3945
-211,1.675,1000060120,5.28175,1.93883,1.74411,1.5397,8.33219,3.44936,2.52011,3.04397,2.56272,9.27196,5.79023,17.1416,2.00021,14.8213,4.68634,4.72463
-211,0.925,1000060120,4.79541,1.51252,1.39545,1.18831,6.90765,3.06775,2.64549,3.12905,4.4325,9.30668,9.80764,21.5967,2.01129,13.7975,11.8316,23.1714
-211,0.175,1000180400,2,15.1849,2.95627,2.06234,3.09378,14.7092,5.20604,8.93424,3.09062,15.8871,4.99591,8.37859,2.40769,12.4678,3.25758,5.55621
-211,1.425,1000060120,5.08882,2.15195,1.82757,1.71204,2.62576,14.5885,13.2782,19.824,2.04733,11.2634,7.1095,13.7667,2.00051,13.615,4.94687,5.54461
-211,0.675,1000180400,7.34519,3.72454,3.20183,3.00183,12.0945,6.65512,5.42197,7.862,8.78403,12.3762,6.04426,10.5238,8.19543,12.0521,6.30998,10.9671
-211,0.425,1000180400,6.53107,2.89897,2.55173,2.31201,9.1858,5.45071,4.6106,5.31482,5.48444,10.5939,5.70329,9.45457,4.31559,12.443,4.73655,7.23623
-211,1.175,1000180400,9.33752,4.65988,4.17788,4.2535,14.77,15.3096,6.54447,24.9821,12.2197,13.9219,8.01054,24.7393,13.2664,14.5868,7.69312,26.1875
-211,1.425,1000180400,9.90217,4.96086,4.45006,4.83846,15.1972,15.5375,6.24339,12.4027,10.7936,12.3573,8.63187,26.5873,14.0076,14.1109,7.96848,25.5416
-211,0.925,1000180400,8.24312,4.4056,3.7916,3.71407,12.9358,13.2443,5.68657,8.97011,10.7499,12.8413,5.98052,10.7224,11.5059,6.39954,5.41204,7.69836
-211,1.925,1000060120,5.35628,2.07215,1.838,1.65684,10.9265,13.3167,3.77207,13.0947,2.00005,10.5896,6.17982,8.75638,2,17.9694,5.00919,5.3729
-211,1.675,1000180400,10.8068,6.52823,5.50987,8.05198,16.4615,16.2258,5.19289,9.42307,7.7076,13.411,7.97885,24.4327,13.2817,13.879,8.22731,24.8075
-211,0.175,1000080160,2.00001,15.4758,1.87576,1.30718,2.01697,9.00092,3.83003,4.28948,2.00076,10.3884,5.05395,5.566,2.00003,16.4392,2.97082,2.13565
-211,0.425,1000080160,4.79179,1.4349,1.34292,1.12104,6.37547,4.80239,3.43186,5.85853,2.00085,17.7,6.78588,17.3598,2.00001,11.3697,4.22294,3.78667
-211,0.675,1000080160,4.9768,1.71881,1.55537,1.35765,7.8586,4.85099,3.27945,5.43812,2.00897,17.7674,11.1843,22.4897,2.00075,9.16833,5.20139,6.08317
-211,1.925,1000180400,11.5707,6.78124,5.62207,8.49063,16.5258,15.7616,5.60191,10.885,2,15.9266,21.8979,26.7884,19.9996,9.49272,25.3981,38.4009
-211,0.925,1000080160,5.23931,2.04073,1.79588,1.62663,7.8593,4.30757,2.9779,4.50308,2.00082,12.4453,9.8239,17.5111,4.50032,16.7026,5.55991,17.1998
-211,1.625,1000080160,6.14624,2.81618,2.41503,2.57451,9.98219,11.9772,4.40601,13.316,2.00007,9.05911,7.06954,18.2525,2.00008,12.711,5.32693,6.53678
-211,1.175,1000080160,5.58982,2.2076,1.96222,1.79141,19.9957,13.6436,11.7231,19.9388,2.019,10.1027,10.3978,21.2228,2.00826,12.249,9.45886,14.7629
-211,1.425,1000080160,6.02255,2.4244,2.16878,2.06886,9.86314,12.7865,4.01567,13.7061,2.00001,15.5464,10.6759,22.0948,2.00151,12.5041,4.78344,5.1472
-211,1.875,1000080160,6.51444,2.78361,2.46243,2.63807,10.647,9.71813,4.62416,14.1591,2.00016,9.26357,7.22199,18.5677,2.0004,17.5794,4.3674,4.44596
-211,0.725,1000060120,4.78841,1.29487,1.24163,0.996519,6.56993,4.10559,3.18446,4.83147,5.98727,9.91593,5.73544,18.9745,2.00104,10.6502,5.5775,6.95441
-211,0.475,1000060120,4.54972,1.19165,1.14118,0.917928,5.86776,3.91215,2.88899,3.90026,3.6476,9.13212,5.7495,17.5653,2,17.9747,4.31072,3.93475
-211,1.225,1000060120,5.05505,1.70647,1.56043,1.34509,9.26237,11.7658,5.00684,13.3346,2.01878,14.0985,26.6663,24.6949,2.00001,10.6035,6.425,9.47389
-211,0.225,1000060120,3.17714,3.35985,1.59799,2.19112,3.20277,14.9679,3.24172,5.71471,4.06618,15.9662,4.55368,13.8075,2.00107,12.224,3.8227,3.11885
-211,1.725,1000060120,5.428,2.02775,1.82426,1.61903,7.47167,3.6995,2.91312,4.0117,19.8821,17.7821,18.5152,21.6399,2.00004,17.8985,5.27939,6.1575
-211,0.975,1000060120,4.84267,1.50621,1.39805,1.18089,6.85796,4.24065,3.26447,5.17411,11.975,11.5422,29.6982,26.1771,2.00013,17.3192,12.3146,23.4006
-211,0.225,1000180400,2.00085,9.06589,3.77959,2.7323,5.22915,9.0822,4.87709,7.14357,3.86104,16.144,5.06879,8.27759,3.76568,10.5176,3.31829,4.79063
-211,1.475,1000060120,5.19376,1.92103,1.71769,1.5244,9.39864,12.4358,3.55283,6.60246,2,10.1278,8.85856,17.3656,2,16.8785,5.1724,5.87358
-211,0.725,1000180400,7.73295,3.68052,3.2596,2.97981,12.2895,6.64814,5.36525,7.68613,9.27953,12.3584,5.64968,9.10252,9.29222,7.3119,5.77625,8.88009
-211,0.475,1000180400,6.79677,2.99911,2.66412,2.39404,9.6486,5.6944,4.85546,5.93451,6.08475,9.25318,5.70665,9.40883,4.51891,13.4,5.2925,8.51945
-211,0.975,1000180400,8.56958,4.45449,3.89664,3.82736,12.9181,7.33635,5.45569,8.41014,10.6424,13.0819,6.46123,12.6504,12.0823,6.35288,5.27418,7.28503
-211,1.975,1000060120,5.41055,2.19509,1.91942,1.76859,11.841,13.04,3.53218,11.7665,2.00002,17.8898,3.56968,3.0779,2.00002,15.8776,5.07918,5.75348
-211,0.475,1000080160,4.87851,1.41225,1.33744,1.0966,6.49919,5.59628,3.83996,7.54725,2.00006,17.6231,7.42069,17.6948,2.00021,13.5788,4.3739,4.08683
-211,0.725,1000080160,5.12052,1.71416,1.57556,1.34967,7.71007,6.71957,4.14562,14.6151,4.17038,9.028,19.1352,23.4018,2.00131,10.0591,5.88277,8.02624
-211,0.225,1000080160,3.11069,9.36271,1.84766,2.66577,3.29495,16.7003,3.74749,13.2775,2.00063,13.0678,5.52463,6.78817,2.00349,17.1639,3.54348,2.94668
-211,1.475,1000180400,10.1637,5.24681,4.66415,5.37617,15.4495,15.074,5.04892,8.20655,10.4598,12.556,11.3563,43.9257,15.1944,11.0112,9.37645,27.4049
-211,1.725,1000180400,10.6266,6.54659,5.5133,8.06071,15.7355,15.6914,5.18171,9.07323,11.4686,13.664,7.30812,24.7209,11.7803,13.8206,8.19992,25.3187
-211,1.225,1000180400,9.38662,5.01632,4.40963,4.76448,14.1747,13.9304,5.28547,8.25636,12.0454,11.285,9.63941,32.5507,12.5015,13.5857,6.35185,11.4654
-211,1.975,1000180400,11.8264,7.04386,5.70502,8.89973,19.9731,13.8837,7.51613,9.73169,7.03295,15.4834,8.2649,25.8291,9.70287,9.75187,9.68664,29.2519
-211,0.975,1000080160,5.34457,2.10071,1.85132,1.68204,8.64653,6.97914,3.5856,7.03585,2.00036,10.4064,11.0938,22.7976,5.12643,11.0134,7.75504,17.8288
-211,1.225,1000080160,5.62921,2.38298,2.07086,1.96569,14.6154,11.6917,8.75175,16.5379,2.00003,17.5647,14.7359,18.0164,2.00244,16.339,6.25765,9.42411
-211,1.675,1000080160,6.40562,2.51051,2.2767,2.23736,9.3863,12.5816,3.47701,13.4459,2.00033,12.2688,5.47797,7.41188,2.00015,9.03016,5.50714,6.90192
-211,1.475,1000080160,5.9793,2.66261,2.30091,2.33804,9.97397,12.7782,3.97823,13.561,2.00093,9.24348,7.01797,18.5006,2.02639,12.1547,5.52103,8.42047
-211,1.925,1000080160,6.46204,2.67,2.3819,2.4625,8.68328,3.87252,2.40862,3.19573,2.00035,11.0193,7.71753,19.0863,2.00043,13.2852,5.04086,5.60153
-211,0.775,1000060120,4.74203,1.37519,1.29517,1.07114,6.79619,3.45138,2.85246,3.74919,6.21023,9.47704,5.8792,19.9632,2.00021,14.6207,5.32721,6.2893
-211,0.525,1000060120,4.61085,1.141,1.10723,0.867842,5.70791,5.12886,3.35791,5.52864,3.7007,9.2875,5.76231,18.3652,2.00027,17.3927,4.12009,3.6147
-211,1.275,1000060120,5.02959,1.84721,1.64302,1.46322,9.34401,11.3016,5.16124,14.0656,18.6396,9.12127,29.2084,28.2921,2.00349,17.9981,5.7951,7.79753
-211,1.025,1000060120,4.90771,1.51871,1.41533,1.18904,7.72634,4.48757,3.24899,5.14751,2.11935,17.7701,9.26653,20.6943,2.00072,17.9621,8.26113,17.4268
-211,1.775,1000060120,5.32811,2.03867,1.81179,1.62686,9.80398,12.7055,3.49242,6.45357,2.05087,15.7199,12.5425,14.5118,2.00024,16.8844,4.41724,4.22335
-211,0.275,1000060120,4.22246,1.23728,1.13138,0.975429,4.10955,9.22866,3.02624,4.74973,4.35821,14.6782,4.66937,13.7603,2.00063,12.2029,4.19082,3.6988
-211,1.525,1000060120,5.20823,2.02915,1.78339,1.61596,19.9741,9.15088,10.7206,19.6476,5.36389,9.9079,4.20974,14.4383,2.00039,15.4968,5.19294,5.7873
-211,0.775,1000180400,7.85519,3.95951,3.44958,3.23717,11.7784,6.39752,5.2503,7.41889,9.32657,12.5794,6.14412,10.9757,9.90749,7.08416,5.81768,8.97476
-211,0.525,1000180400,6.92132,3.20619,2.81098,2.56536,10.2972,6.40252,5.41175,7.65012,6.85235,10.7575,5.78689,9.5692,4.98259,12.1613,5.58973,9.1454
-211,0.275,1000180400,5.63277,3.15264,2.4686,2.46946,6.21019,10.9419,4.76991,6.49279,4.66644,11.4916,4.96507,7.61866,4.59973,9.89477,3.41274,4.50615
-211,1.025,1000180400,8.40875,4.64418,3.96639,4.00097,13.9598,14.4214,5.89503,10.2852,10.6234,13.2675,6.87602,26.0009,12.1293,7.02994,5.66992,8.68502
-211,2.025,1000060120,5.45607,2.09037,1.86697,1.67684,8.82113,5.15903,2.9296,4.47013,2,16.3279,13.559,18.8708,2.00048,11.9282,4.97192,5.36505
-211,0.525,1000080160,4.88214,1.56103,1.43994,1.22668,7.03488,5.21661,3.71401,7.05395,2.00004,17.999,7.86471,17.8064,2.00011,10.2898,4.03618,3.50972
-211,0.275,1000080160,4.36015,1.46207,1.29088,1.15764,4.46983,9.1118,3.5144,6.33688,2.00057,11.8675,5.92998,7.96588,2.54515,9.66029,3.82236,12.8615
-211,1.775,1000180400,11.0679,5.95182,5.13675,6.81779,16.8467,15.4302,5.51272,10.8897,2.0229,17.6834,17.7635,38.9245,12.8573,12.4386,12.7463,43.3297
-211,1.525,1000180400,10.0957,5.31156,4.68139,5.45272,15.555,15.7564,5.70517,10.3799,9.7956,13.4966,12.4336,37.9873,13.4227,12.5579,14.0382,30.936
-211,0.775,1000080160,5.1129,1.86847,1.67047,1.48084,7.92173,5.01696,3.30999,5.60544,2.00546,15.9378,13.2372,15.9473,2.00028,16.9261,6.64842,17.3135
-211,1.275,1000180400,9.34301,5.07997,4.4347,4.83717,15.0953,15.5405,6.27068,12.1337,11.485,13.7156,6.98396,25.7398,12.4047,13.8896,6.80088,13.495
-211,2.025,1000180400,11.8731,7.01711,5.66711,8.79044,15.4174,15.0226,4.93291,8.10532,2.00004,10.6057,16.9302,36.7511,12.7949,10.353,25.243,35.2482
-211,1.025,1000080160,5.44666,2.10985,1.87651,1.69374,8.8616,12.4181,4.06321,14.2527,2.0067,17.2044,12.3154,20.9304,6.51233,5.77254,3.70348,7.52443
-211,1.275,1000080160,5.79658,2.2803,2.04074,1.88162,9.70873,11.9046,4.55315,13.305,2.96479,10.3722,23.2617,24.7222,2,17.9949,6.41449,9.78583
-211,1.725,1000080160,6.24898,2.62406,2.32449,2.35576,16.6204,10.5778,6.80892,21.7428,2.00107,12.3073,6.70006,18.7825,2,17.6394,4.49811,4.53345
-211,1.525,1000080160,6.00384,2.36882,2.12599,2.00019,19.8845,11.7643,7.84721,9.59171,2,12.252,6.35938,10.1443,2,11.939,4.95859,5.7952
-211,1.975,1000080160,6.58041,2.5739,2.32949,2.34497,9.18934,6.71774,3.04802,5.51445,2.00001,17.1978,4.97401,5.84472,2,17.9516,4.7704,5.04181
-211,0.075,1000260560,2,2.79259,1.37177,0.958806,2.00022,9.51673,5.11018,3.6358,3.55363,12.5872,3.54831,5.30695,2.00001,13.2439,2.4168,1.68391
-211,0.575,1000260560,8.71527,4.24551,3.79774,3.62025,12.3957,6.38876,5.08573,6.98785,9.29744,7.307,5.67924,8.76425,6.47863,9.57584,6.10928,10.4982
-211,0.325,1000260560,7.35756,3.45494,3.04655,2.77725,8.0952,6.74079,5.00126,6.57772,6.20348,10.8838,4.83937,6.68543,4.80603,9.5968,3.94731,5.35104
-211,1.075,1000260560,10.6229,5.53085,4.85114,5.94593,15.6471,15.5369,6.19396,12.3661,14.5031,12.4868,7.84323,24.2225,13.9965,14.6531,6.1541,11.186
-211,1.325,1000260560,12.0387,6.92368,5.56479,8.44231,15.35,15.5721,5.85149,11.9264,15.1428,9.43297,9.97712,37.1673,17.4591,16.5052,9.39737,28.3653
-211,0.825,1000260560,9.95928,5.09076,4.55761,5.07426,13.2096,7.25342,5.19731,7.79655,12.5787,13.7284,6.27608,11.6644,11.9408,6.93788,5.66112,8.6336
-211,1.575,1000260560,12.6443,13.1121,5.59567,8.95121,19.1345,11.4418,7.30589,20.8756,19.9837,15.161,11.5462,28.8277,19.8682,15.7701,8.96973,27.068
111,0.075,1000060120,2.00007,12.5223,0.624041,0.450047,2.00022,16.865,2.98645,2.14259,4.29076,9.69985,3.54676,6.55533,2,16.4042,2.29068,1.60186
111,0.325,1000060120,4.43428,1.02567,1.00136,0.771278,5.38157,4.29657,2.88255,3.95418,4.43691,15.8334,5.0083,13.5743,2,17.1615,3.80705,3.10668
-211,1.825,1000260560,13.0326,13.8784,5.95645,10.779,17.4297,13.4728,4.8828,18.9961,15.2989,15.6425,13.1043,31.5068,18.9196,14.0065,11.1264,42.7391
111,0.575,1000060120,4.60819,1.17637,1.13482,0.900303,6.72463,4.44007,3.36094,5.50968,5.92851,9.14711,5.27424,15.6405,2.00001,17.785,4.07076,3.55281
111,0.825,1000060120,4.82251,1.39473,1.3185,1.08415,7.14709,3.74609,3.00439,4.25752,2.10769,17.632,10.7526,18.6595,2.00002,15.1052,5.84666,7.71981
111,1.325,1000060120,5.29628,1.66249,1.5646,1.29761,8.76917,12.2207,3.88186,14.3712,4.275,16.6387,4.7959,13.6621,2,9.16119,7.46968,18.4039
111,1.075,1000060120,5.03609,1.59062,1.48138,1.24606,7.39625,5.38932,3.78231,7.21231,7.35138,6.87148,4.28004,14.3896,2.00065,10.8915,7.85442,18.4026
111,1.825,1000060120,5.56929,1.81841,1.70774,1.42848,8.2961,2.82572,2.27542,2.40045,2.00068,9.64945,5.12996,5.91063,2,17.8178,4.69924,4.63024
111,1.575,1000060120,5.61824,1.78719,1.69148,1.39785,8.66492,3.39161,2.38619,2.81259,2.0443,9.02885,21.9128,18.471,2.00006,17.8364,5.77839,7.43223
111,0.075,1000180400,2,2.79987,0.95389,0.665897,2.00018,9.65504,4.8826,3.44839,3.06941,17.367,4.00821,6.43677,2.00009,17.4091,2.19673,1.5296
111,0.575,1000180400,7.03345,3.47384,2.98845,2.78611,11.9931,6.22569,5.18692,7.04998,7.74282,11.766,5.87579,9.89955,3.56548,11.1387,6.72219,23.4217
111,0.825,1000180400,7.88767,4.1498,3.56906,3.41415,12.5081,7.19439,5.57514,8.58524,10.6056,12.9398,6.2877,11.7398,9.89189,7.13409,5.81603,9.04268
111,0.325,1000180400,6.03368,2.7207,2.34637,2.16396,7.68538,6.38654,4.67898,5.78735,5.35854,9.68062,5.24812,8.13998,2.22701,15.3608,4.46304,6.96524
111,1.075,1000180400,8.68311,4.68187,4.06251,4.11261,14.1108,15.0554,6.74197,25.5122,11.8365,13.8483,7.85087,25.0378,11.6643,13.1722,6.47268,11.7681
111,1.825,1000180400,11.6287,6.39029,5.36952,7.60332,15.1969,14.9251,5.04834,8.35124,2.00004,16.1876,26.6729,31.9596,5.90085,12.0903,52.3927,27.3646
111,1.575,1000180400,10.4872,5.31254,4.71757,5.54381,19.5368,9.16072,8.74001,23.297,9.57264,13.2971,10.3767,41.7714,13.8141,10.3014,10.0727,32.7998
111,1.325,1000180400,9.5177,5.34088,4.62215,5.29536,14.4296,14.9587,5.84748,10.7176,10.4536,11.4064,9.01872,28.7202,14.3339,9.64415,9.76007,28.7803
111,0.325,1000080160,4.57223,1.30896,1.2281,1.02151,5.80798,4.72927,3.19659,5.00979,2.00355,9.84314,6.18418,8.80609,2.00062,10.3994,3.57931,2.80548
111,0.075,1000080160,2,12.0292,0.657866,0.466599,2.00013,16.195,3.32785,2.48413,2,16.9015,4.47159,4.21818,2.00025,15.9386,2.08144,1.45508
111,0.575,1000080160,4.95986,1.51333,1.41847,1.18184,7.90057,5.38955,3.48381,6.25058,2.00589,15.9092,9.45267,14.8794,2.00048,13.4549,4.22877,3.85546
111,0.825,1000080160,5.21747,1.83953,1.67081,1.45516,7.90196,6.14979,3.76613,7.51171,2.01152,9.052,10.4763,21.1632,5.16126,10.5355,4.71139,13.5229
111,1.075,1000080160,5.63378,1.99516,1.83612,1.59282,8.77083,12.3825,4.17997,14.2749,2.01019,15.7879,13.4932,18.0055,4.17472,16.4529,4.80696,13.2617
111,1.325,1000080160,6.03733,2.24579,2.05672,1.8678,10.3536,11.1127,5.38822,16.6801,2.0001,9.49733,14.6309,17.2245,2.00073,9.32554,6.57355,10.1677
111,0.075,1000260560,2,2.84922,1.30212,0.90988,2.00171,13.0227,5.41507,4.05163,4.03036,9.84093,3.49787,4.95559,2.00003,16.7152,2.34527,1.63378
111,1.575,1000080160,6.38677,2.23205,2.09234,1.88154,13.9417,9.61751,6.18187,21.8857,2.00031,10.0668,5.82935,8.58047,2.00002,17.1394,4.61896,4.71186
111,1.825,1000080160,6.70092,2.45818,2.26987,2.20129,10.4325,13.1665,3.54659,12.8174,2.00002,15.0475,5.34004,6.87849,2,17.9967,4.87732,5.23425
111,0.325,1000260560,7.17121,3.53843,3.056,2.84249,8.65581,6.67191,5.14955,6.92843,6.50651,11.2077,4.77926,6.41881,3.53456,15.0555,4.15883,6.43507
111,0.575,1000260560,8.38734,4.70601,4.0019,4.06504,12.7304,6.65497,5.10389,7.18278,9.60583,6.95856,5.53546,8.27114,5.37265,12.8798,6.26692,11.2362
-211,1.775,1000080160,6.38813,2.56747,2.30715,2.30812,10.9514,12.9951,3.59626,12.4051,2.00013,14.6732,5.72401,8.13935,2.00024,16.9103,5.7748,7.73553
111,0.825,1000260560,9.62381,5.0434,4.46554,4.88539,13.7358,14.2738,5.86808,10.3471,12.8439,13.8364,6.17385,11.3273,11.1605,7.42578,6.15608,10.3332
111,1.075,1000260560,10.9425,5.89338,5.10815,6.71125,15.3947,14.6027,6.64545,24.5232,14.5665,13.4981,7.56019,24.7827,14.3042,15.1368,6.93343,25.7101
-211,2.025,1000080160,6.63509,2.54811,2.32223,2.31932,13.9592,11.9987,4.30325,10.6353,2.00223,14.2591,8.89996,14.4133,2.00008,17.2297,4.20141,3.79831
-211,0.125,1000260560,2,12.2756,2.664,1.86189,2.01257,15.5506,5.61051,4.98447,3.86129,12.3893,4.02038,5.99173,2.00002,16.8941,2.73912,1.90737
-211,0.625,1000260560,8.70371,4.34284,3.85446,3.72668,13.0034,7.17999,5.34591,7.99788,9.97188,7.05012,5.66062,8.7629,7.36137,11.1872,6.20611,10.7297
111,1.325,1000260560,12.0233,7.2592,5.78935,9.24968,17.9587,14.0676,7.61869,22.6383,16.7103,11.0814,8.36929,26.2496,16.9076,15.6928,9.66983,29.5861
-211,0.375,1000260560,7.61214,3.60838,3.18964,2.914,9.48574,5.94991,4.95851,6.27386,6.44257,10.8429,5.24096,7.72182,5.09002,9.69707,4.28971,5.87765
-211,1.125,1000260560,11.3643,6.04597,5.19206,6.96724,15.9662,14.4747,6.50344,24.1362,14.8246,12.7445,7.47362,24.3727,15.4496,12.7118,7.6698,25.2227
111,0.125,1000060120,2,12.1445,1.24872,0.870625,2.00001,14.3684,3.08851,2.23578,4.46668,10.2557,3.87873,14.0497,2,16.117,2.51259,1.76114
-211,0.875,1000260560,10.1078,4.74241,4.33608,4.55101,13.8668,14.0337,5.51099,9.14739,12.6768,13.7555,6.17413,11.4614,12.4808,7.2189,5.65396,8.74609
-211,1.375,1000260560,12.127,7.18053,5.70543,8.9654,16.1956,15.372,5.68034,22.3998,19.9929,15.9909,12.5723,30.2239,15.2688,10.1507,8.06581,23.8948
111,0.375,1000060120,4.43879,1.04445,1.0173,0.790827,5.96068,3.65748,2.80314,3.61357,4.59929,15.4968,5.20428,14.2989,2,17.4236,3.60118,2.83066
-211,1.875,1000260560,13.4946,14.7462,6.89305,25.6722,17.2366,13.9003,5.05817,19.7099,13.55,11.9976,14.575,28.9768,14.3062,15.0246,12.7173,36.6177
111,0.625,1000060120,4.69732,1.25957,1.20635,0.970216,7.03227,3.78717,3.04632,4.36969,6.57003,11.1328,4.90267,13.7599,2,17.9864,4.16656,3.70684
-211,1.625,1000260560,13.0388,13.8411,6.04693,10.8087,16.4142,15.3964,5.29015,21.2159,17.4514,9.3474,12.3928,39.7045,17.9413,9.68924,9.69704,31.1897
111,0.875,1000060120,4.78839,1.47809,1.3717,1.15885,6.80615,3.75133,3.00906,4.26916,3.53249,9.66247,26.568,23.9584,2.00139,9.01691,5.75783,7.52043
111,1.125,1000060120,5.13124,1.58036,1.4866,1.23255,7.08294,4.6224,3.4773,5.93537,5.04822,16.2674,5.95195,20.502,2.00021,11.547,6.57257,9.98584
111,1.625,1000060120,5.55273,1.89526,1.75829,1.49955,8.10917,3.75678,2.73076,3.58288,2.20176,11.7582,26.8217,26.6967,2.00013,15.7403,4.21657,3.77366
111,1.375,1000060120,5.42234,1.61914,1.54715,1.25255,8.0189,4.29067,3.02442,4.43574,4.38177,13.4804,7.94302,16.2013,2.00009,13.0524,4.89296,5.20376
111,0.125,1000180400,2,11.724,2.05778,1.43785,2.00023,9.61755,5.22102,3.73175,3.11287,16.9857,4.68285,7.74764,2.00004,17.3144,2.42535,1.68908
111,1.875,1000060120,5.75125,1.887,1.7784,1.48883,7.79624,1.9723,1.82686,1.5453,2.00199,12.0481,4.62571,4.93548,2,17.3985,4.05049,3.46248
111,0.625,1000180400,7.22174,3.59791,3.10372,2.89156,11.5844,5.98691,5.06907,6.72357,8.19125,12.0775,5.97251,10.2443,4.99111,15.3293,6.46408,12.0852
111,0.375,1000180400,6.30878,2.74222,2.41574,2.1836,9.01857,5.41524,4.55081,5.17395,5.46451,9.79208,5.41536,8.59608,2.15999,15.7809,4.8571,7.39404
111,1.125,1000180400,8.78854,4.69187,4.08651,4.15021,13.4841,14.0803,5.91022,10.4027,11.2245,13.6067,7.23481,25.8339,12.566,14.103,7.12823,26.3907
111,0.875,1000180400,7.92938,4.32287,3.67422,3.58349,12.2052,6.095,4.97061,6.57868,10.3647,12.7328,6.00546,10.6124,10.4192,7.41788,6.13553,10.1796
111,0.375,1000080160,4.6953,1.36059,1.27928,1.06057,6.5049,3.88998,3.02584,4.36152,2.0025,16.1272,6.4122,9.49045,2.00013,12.1537,3.77512,3.0634
111,1.875,1000180400,11.9279,6.29685,5.22672,7.2165,16.2435,11.192,6.81906,23.7626,2.00216,9.13018,18.6908,42.6159,12.5246,11.1478,11.5275,42.2052
111,0.125,1000080160,2,11.8459,1.31826,0.919547,2.00001,15.4684,3.43797,2.61341,2.00139,17.9394,4.86855,5.12894,2,17.2137,2.29667,1.6051
111,1.375,1000180400,9.71991,4.78007,4.30899,4.51752,16.3432,15.0806,6.25582,12.4569,13.0842,12.4565,11.112,43.8823,13.3132,13.6931,8.52409,24.7177
111,1.625,1000180400,10.9065,6.08628,5.27567,7.1605,15.1923,15.5534,5.692,10.6353,19.9969,17.2878,19.5168,43.6267,17.5304,15.8148,15.3472,30.1584
111,0.625,1000080160,4.97544,1.62116,1.49307,1.27485,7.92989,6.59438,4.00449,14.6355,2.03713,16.2029,11.5788,22.6202,2.00001,10.1644,4.63155,4.60741
111,0.875,1000080160,5.28101,1.84065,1.6819,1.45497,7.88723,4.70846,3.16093,5.11619,6.87234,11.3447,29.0293,18.6694,5.18422,12.1831,5.16952,14.7275
111,1.125,1000080160,5.7374,2.13892,1.94435,1.73474,8.292,12.0821,4.13625,14.4109,9.33295,12.5335,28.7781,22.3372,2.1743,17.8635,6.94658,16.8844
111,1.375,1000080160,6.11777,2.38905,2.16164,2.04186,13.1028,12.8818,8.28906,15.457,2.00007,9.24216,15.3152,16.8643,2.00546,12.899,6.18419,9.02615
111,1.625,1000080160,6.3928,2.5832,2.31984,2.33148,11.3153,12.1723,3.81158,12.3659,2.00013,16.2211,7.93214,17.4002,2.00001,9.0063,5.39228,6.78455
111,0.125,1000260560,2.00002,12.0743,2.54241,1.77666,2.01418,10.7556,5.58202,4.70848,4.20276,10.597,4.02514,5.81786,2,17.9691,2.57491,1.79318
111,1.875,1000080160,6.82947,2.40303,2.23538,2.12971,10.223,12.9795,3.20665,6.11824,2,17.9893,6.45909,10.0931,2.00046,16.5344,4.49936,4.46836
111,0.375,1000260560,7.57665,3.40268,3.05756,2.73509,9.91652,5.56573,4.79642,5.80366,6.91763,11.4449,5.00088,6.89693,3.85974,13.6893,4.36023,6.66463
111,0.625,1000260560,8.69868,4.6283,4.02967,4.05131,13.5899,13.5255,5.36935,8.36515,10.032,7.27386,5.82362,9.35055,5.74532,13.0713,6.77023,12.9611
111,1.575,1000260560,12.7504,7.21983,5.36907,8.24083,19.9864,10.2038,7.97821,10.4701,18.0651,9.83697,13.529,26.3242,15.3303,10.3751,8.62044,25.4624
111,0.875,1000260560,9.95203,5.06669,4.53266,5.02634,14.2246,14.6629,5.79565,10.2506,12.8425,13.6864,5.96873,10.6094,11.9205,7.1968,5.84244,9.27228
111,1.125,1000260560,11.0815,5.88543,5.09724,6.68734,15.7177,15.708,5.88355,11.5855,14.8082,10.8517,7.98707,23.3533,13.9344,14.9658,6.88348,25.7615
111,1.825,1000260560,13.1648,13.8025,5.7949,10.1168,15.5072,15.1165,4.47436,7.96665,5.00396,10.1819,52.1841,30.2797,15.5934,15.7883,11.1805,42.6477
-211,0.425,1000260560,8.03373,3.69865,3.32634,3.00834,10.1766,5.98708,5.10132,6.70725,7.21058,11.5995,5.1831,7.36839,5.16952,9.41135,4.55857,6.42459
111,0.925,1000060120,4.88333,1.53844,1.42522,1.20741,6.78564,3.67054,2.94829,4.10051,6.86006,11.2092,5.09481,15.2417,2.00072,12.0244,6.53521,9.81518
111,0.175,1000060120,2.00003,16.3331,1.70677,1.18837,2.00239,11.7729,3.52173,2.78978,4.95712,9.44173,3.91666,14.2787,2,16.9712,2.89696,2.06917
111,0.675,1000060120,4.62683,1.35029,1.26357,1.05498,7.00742,5.01361,3.6539,6.72028,5.69916,12.594,5.93154,20.4731,2.001,15.1139,4.79032,4.92289
111,1.425,1000060120,5.42557,1.65481,1.57346,1.28526,7.57144,11.723,4.51715,14.554,6.06605,5.43755,3.39053,6.2927,2.00028,12.56,6.22091,8.71401
-211,0.675,1000260560,9.30788,4.76085,4.23393,4.38427,12.8218,6.95968,5.23077,7.68451,10.6623,6.82664,5.57654,8.55263,8.70167,12.3495,6.38477,11.1363
111,1.925,1000060120,5.77381,1.87562,1.77308,1.47742,8.84207,4.19906,2.5621,3.44916,3.57037,16.6346,3.90538,13.427,2.40777,11.4638,3.81196,12.5887
-211,1.925,1000260560,14.0004,14.9976,6.53855,25.2269,15.6641,14.9964,4.22932,7.52151,10.5719,13.6939,11.2602,40.155,18.946,9.24484,11.8451,42.7498
111,0.425,1000060120,4.47681,1.13862,1.0943,0.874495,5.85045,4.58757,3.18561,4.88311,4.53941,16.4863,5.41883,15.627,2.00007,17.999,3.74352,3.01634
111,0.675,1000180400,7.29923,4.15215,3.42201,3.35633,12.312,6.99228,5.55824,8.39254,8.88023,12.4126,6.6,12.7604,6.86526,9.94142,6.38846,11.4618
111,1.175,1000060120,5.1041,1.72408,1.57935,1.35876,6.96767,3.5783,2.92014,3.97948,5.23965,15.8882,6.00553,21.5564,2.00032,13.3493,6.16429,8.83287
111,1.675,1000060120,5.62501,1.66828,1.60386,1.28706,10.8239,12.6734,6.61745,22.8893,2.00068,13.3918,4.99427,6.18402,2,17.7402,5.31867,6.31152
-211,1.675,1000260560,13.4739,14.4836,6.41043,12.33,19.0901,14.3745,6.16042,20.1706,19.9993,13.5881,18.9542,44.7295,18.1641,15.6285,11.3917,40.5932
-211,1.175,1000260560,11.5046,6.12788,5.18548,7.05752,15.3823,15.5395,5.98017,12.1776,13.9783,12.2415,8.14956,23.9413,15.0827,14.0821,7.39093,25.4115
-211,0.925,1000260560,10.8017,4.61435,4.291,4.42405,14.3492,15.0068,6.02367,11.2814,12.9938,14.1217,6.2877,12.1245,12.8912,13.2131,5.68581,8.95792
111,1.375,1000260560,12.6343,7.14113,5.47419,8.29475,16.6296,11.5908,6.47397,23.2957,18.5436,15.4765,11.7339,42.8096,16.1955,9.90867,9.05937,26.8167
-211,1.425,1000260560,12.5205,7.29379,5.60741,8.74807,19.9354,9.71399,7.79804,12.4146,19.956,11.3221,13.2302,27.5431,16.4331,9.92299,7.80819,23.9522
111,0.175,1000180400,2.00011,14.9177,2.86693,2.00223,3.18878,16.0538,5.2187,8.78862,3.72464,16.784,5.1125,8.42043,2,17.5778,3.01033,2.09644
111,0.425,1000180400,6.52729,3.01436,2.61943,2.40402,9.71086,5.3244,4.63638,5.33644,5.99748,9.61556,5.4487,8.59019,2.02914,17.945,5.31281,5.87444
-211,0.175,1000260560,2,16.1792,3.74653,2.61303,3.0212,9.784,5.86244,10.6532,4.63418,9.62524,4.31056,6.13064,2.2451,9.19959,3.31154,5.19412
111,1.175,1000180400,8.94322,4.83991,4.20572,4.37601,14.6372,14.8253,7.26208,25.6638,12.1922,13.9352,7.73629,24.7195,12.2081,13.5388,6.53016,12.2146
111,0.425,1000080160,4.77848,1.32356,1.26207,1.02293,7.04395,4.62774,3.42689,5.86231,2.00019,9.42264,7.02423,17.3528,2.00025,14.0545,3.86388,3.20336
111,0.925,1000180400,8.14609,4.30642,3.71466,3.59646,13.7722,14.1639,5.88602,10.0016,10.9958,13.2262,6.51618,13.0022,11.3436,7.34871,6.09487,10.0724
111,0.675,1000080160,5.10032,1.68277,1.55191,1.32341,8.43643,12.0893,4.80469,13.3165,2.00152,17.8103,16.6648,15.9917,2,14.1631,5.0921,5.69749
111,1.675,1000080160,6.49064,2.74343,2.4294,2.57292,9.7128,12.8518,3.47198,13.1084,2,15.0534,6.15631,9.32068,2,17.2482,5.76967,7.80654
111,0.925,1000080160,5.33633,2.02547,1.80504,1.61554,7.96368,4.7491,3.16161,5.10234,2.00277,9.38575,29.5813,29.3253,2.19054,14.9746,8.65951,23.5148
111,1.925,1000180400,11.9864,6.698,5.47041,8.02618,16.0626,16.0237,5.28184,9.60996,2.01554,9.11689,13.5995,30.0715,12.6284,9.47908,14.6786,27.4341
111,1.175,1000080160,5.80218,2.29139,2.05053,1.89429,8.48492,6.73514,3.6345,7.09811,2.00098,13.9355,10.705,23.2489,2.00096,9.73651,5.53965,7.06452
111,0.175,1000080160,2.00001,15.9835,1.85849,1.29422,2.18793,13.4894,3.85119,12.6362,2.00002,15.5636,5.56428,6.84563,2.00006,17.8219,2.75375,1.94537
111,1.425,1000180400,9.67201,5.52761,4.75169,5.65227,14.7961,15.3866,6.41845,12.742,13.4848,10.8242,8.72991,28.1466,13.0683,14.4025,7.94229,25.8132
111,1.675,1000180400,10.9441,5.24142,4.65964,5.43378,15.6924,15.6775,5.3107,9.2542,9.16521,9.80929,8.53835,28.148,9.5398,10.9802,10.6921,36.2708
111,1.425,1000080160,6.13656,2.47948,2.2227,2.15464,16.0174,9.12893,9.29385,17.0202,2.00158,17.5821,30.1733,22.1922,2.00064,10.6848,5.21036,6.06215
111,0.425,1000260560,7.6666,3.85287,3.34447,3.12954,10.8287,6.00902,5.1617,6.91709,7.35683,11.672,5.31801,7.74095,3.93623,14.6974,4.763,7.48072
111,1.925,1000080160,7.12938,2.51087,2.30908,2.2811,9.33946,6.2773,2.93868,4.9034,2.00001,9.11194,34.9237,33.8863,2.00007,17.9753,5.22379,6.23224
111,0.675,1000260560,8.92514,4.71098,4.12128,4.21118,13.8279,14.4267,5.99534,10.7091,10.6299,12.7177,6.11175,10.5466,7.35104,10.4668,6.70095,12.5993
111,0.925,1000260560,10.2135,5.49045,4.83343,5.82105,14.1896,14.8633,6.01854,11.2141,12.8315,14.2568,6.62945,25.7105,12.554,13.4754,6.21955,10.8542
111,0.175,1000260560,2.00004,15.5107,3.60076,2.51178,3.57972,16.6352,5.7178,10.0124,5.12477,9.80605,4.27139,5.81683,2.00007,13.0826,3.12738,2.17805
111,1.625,1000260560,13.2527,14.0937,6.15272,11.1884,19.6075,10.0964,7.34499,22.0527,19.9959,11.7369,10.9724,29.6215,19.9961,17.512,12.6155,30.3263
111,1.175,1000260560,11.2405,5.76129,4.97079,6.37856,16.8891,10.7977,6.65783,23.6188,16.7407,15.0502,9.26071,29.8431,14.2521,14.3187,7.61467,25.5325
111,1.875,1000260560,14.6753,15.316,6.47143,24.9285,16.571,13.4369,5.71512,21.8764,12.5014,12.0844,14.6501,36.1293,19.9498,16.138,16.1262,30.5732
111,0.225,1000060120,3.09968,3.40107,1.57842,2.2036,3.63145,11.0809,3.10525,5.1768,4.80816,10.9431,4.46348,14.1451,2.00011,17.1763,3.43517,2.60865
-211,0.475,1000260560,8.24743,3.66578,3.34394,2.98464,10.8554,6.17738,5.29074,7.29377,7.56963,11.7761,5.50116,8.32977,5.23567,9.30188,4.98358,7.39357
111,0.975,1000060120,4.97181,1.53664,1.43607,1.2019,7.20106,3.55861,2.91629,3.93873,2.04683,16.1614,12.4881,17.6639,2.00027,17.6127,7.68607,17.8141
111,1.475,1000060120,5.34011,1.82696,1.68197,1.44223,8.1557,5.25693,3.40013,5.73813,4.57518,12.839,4.39548,13.7272,2,17.979,4.82224,4.98219
111,0.725,1000060120,4.73829,1.34889,1.2761,1.04791,6.74116,5.18876,3.73303,7.02415,5.10966,15.6365,6.76788,24.2286,2,17.9979,4.76975,4.91805
111,1.975,1000060120,5.8975,1.88317,1.79198,1.48241,10.5038,13.2465,3.56263,6.88474,4.57019,16.2268,5.21368,15.1628,2.00003,16.3151,3.62882,2.8951
-211,1.975,1000260560,13.3842,14.5306,6.42292,12.821,19.1892,9.8332,6.8104,20.419,19.9654,15.7639,53.8396,51.159,17.2739,9.43034,10.298,40.3092
111,1.225,1000060120,5.26738,1.5639,1.49023,1.21077,7.39522,3.69884,2.96562,4.09919,2.00747,17.1291,9.17446,14.7476,2,9.18864,6.80169,18.0124
111,0.725,1000080160,5.13346,1.76529,1.61028,1.39329,8.14798,5.58794,3.417,6.07869,9.47411,12.7219,29.2146,24.5201,2.00158,17.9393,4.85961,5.33802
111,1.725,1000060120,5.61474,1.70636,1.63171,1.32284,9.97447,12.404,4.47889,13.8823,2.02376,17.9855,7.59073,16.362,2.00099,17.9686,5.8318,7.46124
111,0.475,1000060120,4.56691,1.13927,1.10246,0.869162,5.95069,4.75945,3.30292,5.28878,4.63031,15.2034,5.09387,14.1193,2.00009,17.8982,3.63788,2.88871
-211,0.975,1000260560,10.345,5.35468,4.74597,5.60556,14.5249,15.0165,5.76722,10.5536,14.0388,14.2905,7.51745,25.2148,13.5934,13.6039,5.56889,8.70124
111,0.225,1000180400,2.00018,10.7813,3.66154,2.55635,5.07983,9.97555,5.01946,7.58644,4.52738,12.5393,5.08347,7.94876,2.00287,17.9499,3.69799,2.71274
-211,1.725,1000260560,13.1243,13.7828,5.87424,10.2399,19.3669,9.10372,6.11136,20.0686,13.6979,10.4146,9.0722,33.3045,19.9986,15.6502,11.6457,30.5004
-211,0.225,1000260560,2.00166,16.6496,4.6936,3.37919,5.6872,9.44227,5.21394,7.86338,5.11081,9.16959,4.61384,6.55434,3.87802,10.0975,3.34267,4.79145
111,1.225,1000180400,9.4882,4.79754,4.29217,4.48244,13.9144,14.3169,5.83443,10.0645,11.9278,9.86783,10.9232,41.3804,12.7999,14.1746,8.27625,25.5494
111,0.475,1000180400,6.66615,3.0366,2.65977,2.42503,10.3707,5.31114,4.71002,5.52013,6.12351,9.04194,5.86452,9.94481,2.33417,16.9435,5.57606,9.12114
111,0.475,1000080160,4.79348,1.45732,1.35839,1.14064,7.0518,3.91579,3.06378,4.53555,2.00027,10.4558,7.31328,17.5826,2.00022,17.2629,3.7642,3.0747
-211,1.225,1000260560,12.0419,6.8433,5.5569,8.31939,15.4143,15.5602,5.86382,12.0017,14.8371,12.6036,7.44917,24.2171,15.4862,13.1722,7.39657,25.1063
111,1.425,1000260560,12.6537,13.3733,5.98492,10.0758,15.4384,15.71,5.31173,10.3461,15.2658,11.1084,8.51419,27.3123,15.5768,11.0686,8.91895,26.088
111,0.725,1000180400,7.42746,3.72042,3.2154,3.00322,11.7556,6.14253,5.13595,6.96102,9.50451,12.4385,5.7627,9.46294,7.85843,11.6337,6.46496,11.6314
-211,0.725,1000260560,9.50337,4.73932,4.25245,4.40531,13.1484,13.5492,5.69679,9.39318,11.2841,12.9382,6.15966,10.8652,10.0445,12.6511,6.33557,11.0114
111,0.975,1000080160,5.27749,2.04211,1.80367,1.62861,8.08908,6.07849,3.58201,6.91679,2.02438,16.9723,24.9179,17.0796,6.08363,10.5315,4.84923,13.3581
111,0.975,1000180400,8.43462,4.66738,3.98791,4.0324,13.6846,13.5518,5.40735,8.31904,11.3414,7.45359,5.69267,9.67701,11.2207,13.2766,6.96132,13.6301
111,1.725,1000080160,6.54834,2.40515,2.21616,2.11147,19.932,17.9067,7.33035,8.39177,19.9998,17.4223,31.9813,30.9792,2.00029,17.2756,5.51308,7.05174
-211,1.475,1000260560,12.5205,6.92183,5.34504,7.90839,19.6658,17.8314,8.24176,22.4375,19.9682,15.78,10.9921,28.6139,19.9078,10.2208,11.2717,27.3844
111,1.975,1000180400,11.4924,6.09458,5.11427,6.93121,16.3259,13.3365,6.5544,23.8672,2.00896,17.6816,15.6296,31.8929,15.9072,11.0398,53.4766,52.5595
111,1.725,1000180400,10.9434,5.81716,5.03455,6.52953,15.1683,15.4961,6.11289,12.3901,2.03921,12.9876,50.4355,52.0427,13.6233,11.8778,11.8536,43.5273
111,1.225,1000080160,5.82952,2.2742,2.04285,1.87862,9.758,12.5055,4.29378,13.7619,2,13.0245,16.9131,19.5704,2.00014,9.02278,5.86443,7.83115
111,1.475,1000080160,6.25006,2.56639,2.29409,2.28466,9.94895,12.1334,4.3517,13.3997,2.00004,9.36879,11.0825,23.9345,2.00068,11.959,5.93285,8.39474
111,0.225,1000080160,2.88976,10.7328,1.92991,2.89617,3.91405,11.2723,3.49189,6.39242,2.00894,11.0366,6.15145,8.89923,2.00001,9.0049,3.24035,2.39479
111,1.475,1000180400,10.1238,5.02624,4.51657,4.99347,17.6445,11.6638,7.86723,23.0606,13.0845,14.4834,14.1945,32.0778,13.9495,14.2728,13.9699,31.1143
111,1.975,1000080160,6.9509,2.50783,2.30849,2.27983,10.0063,12.9816,3.73028,13.4375,2,10.8672,8.16584,19.0058,2,15.9807,4.93135,5.2425
111,0.475,1000260560,7.9612,4.06028,3.5308,3.33931,11.6761,6.64617,5.49409,8.10107,7.90089,11.9352,5.47659,8.12567,3.92322,16.7076,5.45848,9.19776
111,1.675,1000260560,13.4875,14.3454,6.1762,11.4965,14.8542,15.4189,5.30858,11.0097,19.999,9.46248,17.407,39.8617,16.8096,14.8798,9.25822,29.134
111,0.725,1000260560,9.16384,4.77925,4.21696,4.36618,13.6001,13.9276,5.69997,9.54791,11.2886,7.4325,5.94446,10.0255,9.12565,12.513,6.41446,11.2565
111,0.975,1000260560,10.6591,5.52867,4.86776,5.97685,14.6635,15.3288,6.22421,12.2707,13.2885,14.2978,6.17372,11.8207,13.2193,13.8142,6.01718,10.3305
111,0.225,1000260560,2.00082,12.516,4.67056,3.30153,6.11102,10.5444,5.06333,7.31786,5.79689,10.6917,4.44711,5.88987,2.17938,17.5728,3.79537,6.39155
111,1.225,1000260560,11.5271,6.51644,5.42102,7.86428,15.9195,13.682,6.66504,24.2322,15.9559,10.9045,8.64927,26.3401,14.8395,13.2188,7.8126,25.2016
111,1.925,1000260560,14.5371,15.1094,6.75889,25.1488,15.5807,15.7501,5.18708,10.7545,12.7737,12.165,14.2497,25.6729,14.8173,10.2485,8.65326,27.0496
111,1.025,1000060120,4.97048,1.4951,1.40711,1.16516,7.60891,3.74909,2.93728,4.03399,5.22242,12.6111,7.46513,19.9853,2.00088,10.0769,6.03589,8.35932
111,0.275,1000060120,4.20017,1.1876,1.09619,0.933843,4.6528,5.17923,2.94375,4.33429,4.80363,11.7824,4.61586,13.8888,2.00013,15.1909,3.74368,3.00705
111,0.775,1000060120,4.82107,1.34398,1.28153,1.03875,7.43647,4.29224,3.25371,5.10305,6.28568,9.88953,5.44318,17.1422,2.00012,15.3349,5.75962,7.38971
111,2.025,1000060120,5.8186,1.92479,1.81286,1.52425,10.0014,12.842,4.17124,13.9792,2.00056,17.6134,4.12375,4.11777,2.00011,15.6222,4.78686,4.89609
-211,0.525,1000260560,8.40986,4.14512,3.67486,3.47353,11.2483,6.38772,5.35789,7.65455,8.46845,12.1062,5.52142,8.25119,5.55001,9.58865,5.49552,8.68471
111,1.275,1000060120,5.26387,1.76851,1.63232,1.39264,7.24718,4.46432,3.37511,5.56748,4.93972,13.664,6.95666,24.1864,2.00007,17.6878,5.87094,7.61885
111,1.525,1000060120,5.39725,1.84225,1.70102,1.45387,7.82974,4.00351,2.94595,4.17984,2.00123,16.4422,5.29117,6.33529,2.00019,9.83494,6.41934,9.18541
111,0.525,1000060120,4.61112,1.13744,1.10419,0.861712,6.43497,4.95909,3.56289,6.30763,5.59387,10.7401,5.40552,16.2898,2.00021,17.9405,3.72486,3.01391
111,0.775,1000080160,5.24672,1.78683,1.64178,1.40903,8.18484,5.66367,3.44553,6.14682,4.81872,9.88827,29.0631,21.0703,4.29241,12.9914,4.20728,14.0772
-211,2.025,1000260560,14.3084,15.0909,6.70475,25.215,18.1041,12.2619,6.31687,20.6,17.2607,12.9594,52.6354,51.4645,19.9965,17.2509,16.3593,30.0351
111,1.775,1000060120,5.69951,1.9087,1.78715,1.5106,7.91246,2.49854,2.12161,2.1028,2.00012,9.07683,4.86019,6.07357,2.00012,17.5621,4.07022,3.46912
-211,1.025,1000260560,10.6732,5.60625,4.94505,6.15476,16.6072,10.0719,7.65896,23.9722,13.9076,14.7852,6.10273,11.839,14.0207,14.8438,6.42684,12.1299
111,0.275,1000180400,5.48934,3.23672,2.46756,2.5159,6.50543,11.1992,4.80765,6.48336,4.88153,11.1519,5.14784,8.00552,2.69097,16.3276,3.91962,6.31159
-211,1.775,1000260560,13.5812,14.5096,6.30362,11.9825,19.0662,9.46565,6.45723,19.4031,19.9774,17.2977,18.4019,42.9817,19.0905,13.7344,10.9652,38.2363
-211,0.275,1000260560,6.63484,3.96171,3.14437,3.14675,6.96506,11.4549,5.11475,7.19825,5.59699,9.92132,4.8385,6.89611,4.90061,10.3438,3.37462,4.28124
111,1.275,1000180400,9.75793,4.81889,4.35011,4.59262,14.7212,15.2227,6.04663,11.0164,12.1478,10.4893,9.89376,34.1219,12.6871,14.1992,8.18971,25.5414
111,0.525,1000080160,4.8823,1.49004,1.39252,1.16498,7.17646,5.46997,3.78879,7.43382,2.00353,9.2527,7.24548,17.3419,2.00001,17.3574,4.03759,3.49791
111,0.525,1000180400,6.83064,3.42684,2.91565,2.74271,11.4392,6.13813,5.26495,7.17929,6.82919,10.5805,5.85199,9.88071,3.07204,9.54864,6.05621,11.1475
-211,1.275,1000260560,12.0429,7.30444,5.8391,9.35547,17.0033,11.4337,6.29989,22.9657,16.0275,10.986,8.20132,24.7245,15.5768,11.6864,7.6374,24.8548
111,1.475,1000260560,12.1986,7.23739,5.63786,8.92482,18.9989,12.3437,6.91069,21.5748,12.8859,13.7039,7.64051,23.5524,16.5404,15.2436,9.86629,32.0822
111,1.025,1000080160,5.49189,2.02263,1.82986,1.61637,11.4503,9.57532,6.32326,22.591,2.00954,16.3777,30.1945,30.0215,2.003,10.2812,9.19928,15.3775
111,1.025,1000180400,8.68162,4.3328,3.84606,3.71077,14.7114,14.8354,7.22389,25.61,11.3738,13.57,6.87848,26.0134,12.2445,13.5832,6.66751,12.4961
-211,0.775,1000260560,9.60336,4.5059,4.11627,4.10394,13.3164,7.27692,5.2149,7.80684,11.687,7.12769,5.60588,8.94838,11.0129,7.34029,6.09472,10.1085
-211,1.525,1000260560,13.5408,14.4527,6.34557,11.9263,16.49,12.4376,6.01374,22.3577,16.0939,12.8323,8.98738,32.3413,16.0134,10.9088,8.31609,24.1772
111,0.775,1000180400,7.73734,4.04272,3.47336,3.30402,12.5285,13.0876,5.78877,9.27823,9.91697,7.50397,5.72144,9.52092,8.8614,12.4054,6.84332,13.0402
111,1.775,1000080160,6.68213,2.30201,2.15811,1.98599,8.9251,3.10862,2.12384,2.4462,2.00018,12.7143,7.05388,19.1681,2.00001,17.938,4.18671,4.02346
111,2.025,1000180400,12.2827,6.80214,5.40051,7.95006,14.5579,13.7074,4.42554,6.89427,2.00074,17.1444,15.5173,27.0832,13.6384,11.9922,11.2441,39.7515
111,1.775,1000180400,11.2853,5.9524,5.12006,6.787,14.6936,14.3737,4.96732,8.08671,2.05321,9.6918,12.7337,27.486,11.8898,13.209,8.8658,25.8554
111,1.275,1000080160,5.86841,2.39441,2.12409,2.0117,8.03948,4.30287,2.94503,4.34716,2.00002,10.4115,11.5843,24.7855,2.81637,16.2953,5.25929,14.8106
111,0.275,1000080160,4.34443,1.53124,1.32651,1.21264,5.0552,10.3751,3.48268,6.14401,2.00164,17.8403,6.18099,8.73721,2.00262,14.7236,3.65969,3.06839
111,1.525,1000080160,6.31632,2.58231,2.31652,2.31981,9.2161,12.5723,3.73757,13.8913,2.00041,9.002,8.45662,17.5498,2.00021,14.0375,8.02269,18.0883
111,1.525,1000180400,10.229,5.02985,4.51825,5.01609,16.4928,14.3353,6.3116,23.6015,19.9661,9.01033,21.0698,34.066,13.9369,9.31011,16.2436,30.1292
111,2.025,1000080160,6.96867,2.513,2.3096,2.28553,11.4757,13.5531,3.26731,11.4245,2.00065,16.2089,10.3903,19.1328,2.00015,16.0705,3.87112,3.39244
111,0.525,1000260560,8.24308,4.29172,3.73058,3.59676,12.3222,6.62237,5.24996,7.50065,8.36563,12.1722,5.85699,9.50446,4.47052,15.7259,5.89454,10.3162
111,1.725,1000260560,12.924,13.516,5.75098,9.73279,16.2475,15.3446,5.52989,21.9466,19.9836,14.4167,20.787,30.2779,16.5122,15.8139,10.4435,37.1955
111,0.775,1000260560,9.64521,4.70597,4.25052,4.39245,13.5838,13.7536,5.49854,8.97095,11.9487,13.2435,6.15551,11.0206,10.3067,12.9532,6.85123,13.1296
111,1.025,1000260560,10.8032,5.438,4.82281,5.81791,15.5049,14.8988,6.5804,24.5367,13.5279,14.758,6.90462,25.5312,13.2701,14.5044,6.83559,13.6911
111,0.275,1000260560,6.40684,4.09202,3.14739,3.21978,7.49609,11.7226,5.08119,6.95738,6.03282,10.8025,4.67959,6.33882,3.88687,10.9847,3.64798,5.32034
111,1.275,1000260560,11.9884,7.45793,5.93865,9.78773,14.8185,15.3686,6.1414,24.2392,19.218,10.4001,12.3718,40.6157,14.1058,13.2203,8.07934,24.6593
111,1.975,1000260560,14.4845,15.1583,6.67806,25.2067,16.2462,15.5443,5.32115,21.4169,19.9938,9.11112,29.4898,40.0795,13.5084,9.59528,9.17442,30.0112
111,1.525,1000260560,12.4453,7.06487,5.42354,8.24403,16.1664,14.1101,6.19715,23.3083,18.5261,9.6277,11.1401,41.0217,16.8037,13.843,9.26075,28.2608
111,1.775,1000260560,13.3855,14.1124,5.99322,10.7672,15.3669,14.1948,4.01083,6.68708,19.9234,17.8952,12.9392,24.9714,18.0821,11.2356,11.9911,42.7432
111,2.025,1000260560,14.2587,15.115,6.31957,12.6723,19.9867,9.56583,7.16164,9.00205,10.6059,9.56605,8.92164,36.2029,17.903,16.292,12.5534,39.0286
