probe,ke,target,meanhA,meanErrhA,stdhA,stdErrhA,meannhN,meanErrhN,stdhN,stdErrhN,meanINCL,meanErrINCL,stdINCL,stdErrINCL,meanGeant4,meanErrGeant4,stdGeant4,stdErrGeant4
211,1.075,1000060120,4.64875,13.0016,3.46918,6.16376,2.32204,1.23925,1.23146,0.889838,2.43402,0.710016,0.709388,0.493224,1.79085,1.19653,1.19522,0.843647
211,0.825,1000060120,3.99051,11.0081,3.61953,6.09615,2.17868,1.38293,1.36728,1.00707,2.42717,0.734664,0.734328,0.512323,1.99677,1.03422,1.03394,0.725984
211,0.075,1000060120,2.38691,0.624219,0.620433,0.421586,2.42132,1.15837,1.15161,0.827236,2.12623,0.836671,0.836681,0.58623,1.95403,0.986717,0.986617,0.690499
211,1.325,1000060120,6.12458,21.9676,3.79379,12.7944,2.24015,1.35677,1.34176,0.98496,2.45238,0.795526,0.795442,0.55689,1.81303,1.1454,1.14465,0.805964
211,0.325,1000060120,2.72851,7.81723,3.69401,5.72686,2.37904,1.33947,1.31971,0.977473,2.33509,0.841431,0.841398,0.589074,2.15873,1.01153,1.01118,0.709654
211,1.825,1000060120,7.12975,28.158,3.64265,11.1308,2.13835,1.34783,1.33627,0.974542,2.19578,0.952765,0.95262,0.668236,1.21448,1.17775,1.17759,0.825168
211,0.575,1000060120,3.6528,10.2472,3.71488,6.14277,2.20859,1.27376,1.26589,0.915391,2.39984,0.802955,0.802894,0.562178,2.03077,1.02822,1.02794,0.720846
211,1.575,1000060120,6.8894,27.3242,3.79418,11.8894,2.02443,1.39043,1.37822,1.00582,2.52996,0.712763,0.712133,0.495148,1.48518,1.41719,1.41225,1.00947
211,1.125,1000060120,4.79288,12.6192,3.43944,5.9593,2.19148,1.31654,1.30603,0.950441,2.41187,0.77377,0.77365,0.541176,1.8982,1.04636,1.04612,0.734321
211,0.875,1000060120,3.82469,8.67499,3.27637,5.02588,2.1734,1.34518,1.33297,0.972343,2.42997,0.796678,0.796602,0.557085,2.04721,1.09553,1.09471,0.770737
211,0.125,1000060120,2.18087,1.44681,1.42189,1.05925,2.41234,1.14045,1.13377,0.812342,2.21409,0.855786,0.855772,0.5997,1.97896,1.01033,1.01015,0.708755
211,1.375,1000060120,5.58213,18.2712,3.56486,12.6049,2.26577,1.26996,1.26122,0.913844,2.38126,0.761223,0.761081,0.532226,1.70855,1.0793,1.0791,0.756651
211,0.375,1000060120,2.7582,7.66734,3.642,5.57357,2.30039,1.4031,1.37977,1.02913,2.37044,0.837742,0.837702,0.586926,2.09555,1.02383,1.02349,0.719123
211,1.875,1000060120,8.31552,42.5396,4.12024,10.8707,1.86618,1.12214,1.12148,0.789343,2.34934,0.543531,0.522202,0.338751,1.365,1.34526,1.34326,0.95025
211,0.625,1000060120,4.09541,12.7466,3.8846,6.89583,2.11082,1.23833,1.23141,0.882415,2.34162,0.835477,0.835444,0.58511,2.08802,0.994178,0.993978,0.697681
211,1.625,1000060120,6.30725,21.8908,3.51112,11.6852,2.1402,1.04499,1.03422,0.733052,2.56853,0.799368,0.799281,0.559311,1.64868,1.37753,1.3724,0.981446
211,1.175,1000060120,5.8707,21.6142,3.95954,13.5153,2.2946,1.29082,1.28005,0.933212,2.35607,0.748788,0.748625,0.523099,2.00767,1.09957,1.09881,0.77341
211,0.925,1000060120,4.73539,14.4663,3.72659,6.78983,2.29838,1.42892,1.40345,1.05092,2.38111,0.758052,0.757899,0.529934,1.98492,1.01817,1.01797,0.713105
211,0.175,1000060120,2.03923,2.34345,2.08345,1.83287,2.36582,1.16657,1.16133,0.830472,2.28823,0.846132,0.846108,0.59342,2.06576,1.00281,1.0026,0.703801
211,1.425,1000060120,5.7522,19.3769,3.63153,12.6628,2.12491,1.28578,1.27228,0.921147,2.39269,0.712049,0.711536,0.495264,1.58455,1.03108,1.03103,0.722446
211,0.425,1000060120,2.728,7.27073,3.55338,5.30509,2.40587,1.37723,1.35235,1.01132,2.36746,0.832343,0.832304,0.583082,2.10711,1.02203,1.02169,0.717761
211,1.925,1000060120,7.29775,29.7618,3.57401,10.6312,2.14058,1.1378,1.13594,0.804526,2.22955,0.758361,0.758385,0.531069,1.52151,1.29412,1.29232,0.913517
211,0.675,1000060120,3.61732,9.75592,3.60503,5.84866,2.11733,1.31121,1.30261,0.942625,2.40932,0.774193,0.774075,0.541531,1.97396,1.025,1.02479,0.718607
211,1.675,1000060120,8.22866,39.3761,4.09067,11.146,2.0472,0.962755,0.962662,0.674905,2.56351,0.793422,0.793328,0.554675,1.67442,1.12856,1.12818,0.791173
211,1.225,1000060120,5.4684,17.5933,3.73611,7.07917,2.36921,1.47391,1.43395,1.0964,2.50663,0.8098,0.809725,0.567126,1.72591,1.3041,1.3008,0.925435
211,0.975,1000060120,5.22537,17.3518,3.8887,7.35944,2.07845,1.29624,1.28922,0.928544,2.36388,0.779399,0.779319,0.545379,2.06138,1.03124,1.0309,0.724109
211,0.225,1000060120,2.1336,3.54388,2.6472,2.79805,2.38218,1.26452,1.25193,0.912285,2.32212,0.836952,0.836923,0.586245,2.12787,0.990277,0.990059,0.693381
211,1.475,1000060120,7.01968,29.7935,3.97169,12.2286,1.95588,1.27668,1.27219,0.909579,2.45689,0.687464,0.686332,0.475201,1.48799,1.34622,1.34347,0.952245
211,0.475,1000060120,3.40412,10.5723,3.91877,6.68309,2.38635,1.39664,1.36921,1.02914,2.38116,0.824314,0.824271,0.577337,2.03221,1.0095,1.0093,0.706965
211,1.975,1000060120,5.99437,18.1811,3.15221,10.8389,2.29823,1.45958,1.43014,1.08041,2.58707,0.880707,0.880507,0.617989,1.69657,1.1733,1.17255,0.824458
211,0.725,1000060120,3.93581,11.0302,3.69688,6.2169,2.09368,1.24082,1.23622,0.884129,2.40134,0.79258,0.792506,0.554555,2.17409,0.90118,0.901137,0.631402
211,1.725,1000060120,6.51455,23.2964,3.49243,11.3774,2.19005,1.33747,1.3255,0.968325,2.3,0.598633,0.595437,0.40972,1.70667,1.33058,1.32663,0.943738
211,1.275,1000060120,5.30367,15.4107,3.51803,6.47771,2.36248,1.19359,1.18771,0.854126,2.43151,0.679245,0.677951,0.468776,1.76579,1.37515,1.36868,0.981602
211,1.025,1000060120,4.61619,14.2352,3.7424,6.83387,2.0603,1.34955,1.33957,0.973061,2.44762,0.721686,0.721197,0.502283,1.99012,1.0915,1.09085,0.767841
211,0.275,1000060120,2.32386,5.89093,3.38106,4.64897,2.36291,1.32532,1.30679,0.963628,2.34246,0.834666,0.834633,0.584772,2.19753,0.994113,0.993806,0.696514
211,1.525,1000060120,6.45749,24.2725,3.76227,12.3016,2.23648,1.22511,1.21945,0.875777,2.55336,0.651637,0.649123,0.444185,1.89345,1.39122,1.38165,1.00131
211,0.525,1000060120,3.32681,8.68485,3.57883,5.59215,2.43598,1.33107,1.30756,0.97159,2.34762,0.796623,0.796575,0.557813,2.03149,0.971203,0.9711,0.67983
211,2.025,1000060120,7.21605,28.889,3.5071,10.5079,1.82044,1.26306,1.26019,0.894619,2.37499,0.819751,0.819709,0.574189,1.66742,1.33755,1.33366,0.950176
211,0.775,1000060120,4.60937,16.4199,4.13678,7.90136,2.13186,1.39991,1.38379,1.01867,2.42962,0.775008,0.774884,0.541829,2.05957,1.01491,1.01465,0.711226
211,1.775,1000060120,6.34806,22.2025,3.48559,11.54,2.02982,1.31704,1.30965,0.943429,2.40562,0.783508,0.783415,0.54817,1.65721,1.24943,1.24781,0.881727
211,0.075,1000180400,2.33009,0.909395,0.909393,0.636905,1.95822,1.77158,1.77158,1.24076,0.839365,1.32366,1.32366,0.927275,1.1742,1.28122,1.28122,0.897506
211,0.325,1000180400,1.73056,3.3648,3.3648,2.35701,1.55984,2.20904,2.20904,1.54704,0.962945,1.48545,1.48545,1.04045,1.14121,1.47656,1.47656,1.03471
211,0.825,1000180400,2.83547,3.49645,3.49643,2.44968,0.66722,2.58022,2.58022,1.80702,0.576715,1.81982,1.81982,1.27424,0.487514,1.62205,1.62205,1.13632
211,0.575,1000180400,2.1763,3.51919,3.51918,2.46531,0.831579,2.53885,2.53885,1.77836,0.759864,1.69449,1.69449,1.18712,0.792519,1.57137,1.57137,1.10085
211,1.075,1000180400,3.22088,3.63843,3.63836,2.55575,0.811582,2.4771,2.4771,1.73252,0.673962,1.90689,1.90689,1.33589,0.331538,1.65082,1.65082,1.15628
211,1.325,1000180400,4.07755,3.71264,3.71233,2.60456,0.716152,2.7034,2.7034,1.89365,0.510438,2.12662,2.12662,1.48787,0.252318,1.69632,1.69632,1.18834
211,1.575,1000180400,4.68267,3.68268,3.68216,2.57958,0.664794,2.5971,2.5971,1.81961,0.729167,1.95409,1.95409,1.36742,0.112245,1.67687,1.67687,1.17631
211,1.825,1000180400,5.10889,3.73891,3.73788,2.62468,0.125,2.78599,2.78599,1.95176,0.512346,1.77021,1.77021,1.23931,0.055814,1.76531,1.76531,1.23663
211,0.075,1000080160,2.37692,0.681286,0.680128,0.471643,2.35965,1.25991,1.24729,0.908955,1.9573,1.18518,1.18251,0.837535,2.06758,1.03613,1.03575,0.726322
211,0.325,1000080160,2.6804,8.01559,3.75459,5.94493,2.25134,1.54922,1.50125,1.15598,2.30447,0.991376,0.990933,0.696789,2.27359,1.09343,1.09179,0.771501
211,0.575,1000080160,3.80149,13.2185,4.12036,7.59768,2.09532,1.53343,1.49826,1.13327,2.33678,0.965224,0.964898,0.677817,2.1646,1.07148,1.07061,0.753532
211,1.075,1000080160,5.19697,17.7693,3.80394,13.687,2.19594,1.71974,1.64491,1.30512,2.4355,0.967175,0.966681,0.679819,2.0706,1.2182,1.21467,0.8659
211,0.825,1000080160,4.74677,17.84,4.17864,15.0216,2.07629,1.71466,1.64806,1.29309,2.36204,0.911105,0.910972,0.63885,2.12741,1.26874,1.26248,0.905976
211,1.575,1000080160,7.04806,31.9989,3.97433,11.9729,2.12913,1.53936,1.49282,1.13877,2.52441,0.842996,0.842914,0.592444,1.82822,1.2664,1.2634,0.897999
211,1.325,1000080160,6.46926,28.6495,4.22976,13.4079,2.11887,1.585,1.54178,1.17976,2.42948,0.910909,0.910732,0.638145,1.91272,1.28328,1.2744,0.9129
211,0.075,1000260560,2.28705,1.08075,1.08075,0.756397,2.10662,1.84782,1.84782,1.29417,1.62208,1.32812,1.32812,0.930314,1.85085,1.32121,1.32121,0.925479
211,0.575,1000260560,1.90986,3.51691,3.5169,2.45895,1.15138,2.81956,2.81956,1.97524,1.54923,1.70149,1.70149,1.1944,1.81732,1.65307,1.65307,1.15806
211,1.825,1000080160,7.49282,39.0882,4.13125,11.3918,1.83771,1.31615,1.31135,0.938103,2.3871,0.844367,0.844321,0.591422,1.92452,1.28001,1.27573,0.9102
211,0.325,1000260560,1.62286,3.53348,3.53348,2.47551,1.68761,2.41432,2.41432,1.68922,1.77374,1.49548,1.49548,1.04764,2.03182,1.55972,1.55972,1.09362
211,1.075,1000260560,2.96461,3.8265,3.82634,2.67844,1.10939,3.13093,3.13093,2.19161,1.21283,2.09629,2.09629,1.46833,1.52174,1.83197,1.83197,1.2797
211,0.825,1000260560,2.55874,3.72566,3.72561,2.6105,0.967785,2.99578,2.99578,2.09796,1.32052,1.90222,1.90222,1.33236,1.66455,1.78443,1.78443,1.25008
211,1.575,1000260560,3.79703,3.78529,3.78496,2.65244,0.56872,3.27329,3.27329,2.29241,0.946089,2.25611,2.25611,1.57969,1.35052,1.87138,1.87138,1.31095
211,1.825,1000260560,4.21074,3.87577,3.87501,2.71836,0.709231,3.3999,3.3999,2.37706,1.05197,2.41774,2.41774,1.69142,1.12219,1.87228,1.87228,1.31154
211,0.125,1000180400,2.04787,1.73742,1.73742,1.21422,1.93753,1.78497,1.78497,1.24996,0.94691,1.36108,1.36108,0.953292,1.22801,1.30032,1.30032,0.910967
211,0.375,1000180400,1.59329,3.3622,3.3622,2.35484,1.48465,2.39816,2.39816,1.67994,0.959896,1.51852,1.51852,1.06366,1.05704,1.45419,1.45418,1.01875
211,0.625,1000180400,2.288,3.52908,3.52907,2.47269,0.922947,2.5704,2.5704,1.79966,0.75705,1.73679,1.73679,1.21665,0.696219,1.49214,1.49214,1.04426
211,1.125,1000180400,3.33828,3.5029,3.50286,2.45182,0.815708,2.75842,2.75842,1.93148,0.556779,2.05824,2.05824,1.44189,0.27416,1.68414,1.68414,1.17979
211,0.875,1000180400,2.90722,3.49375,3.49373,2.44989,0.771752,2.57796,2.57796,1.8046,0.638565,1.87358,1.87358,1.3103,0.38253,1.56428,1.56428,1.09589
211,1.375,1000180400,4.02089,3.59277,3.59262,2.51798,0.80179,2.80735,2.80735,1.96623,0.381517,1.94715,1.94715,1.36406,0.202479,1.59441,1.59441,1.11695
211,0.125,1000080160,2.1287,1.49614,1.46623,1.10247,2.35252,1.25959,1.24696,0.908432,2.08687,1.01356,1.01321,0.711568,2.0737,1.0607,1.06015,0.744446
211,1.875,1000180400,5.25813,3.61681,3.61611,2.53449,0.415179,2.52917,2.52917,1.7712,0.768456,2.0251,2.0251,1.41823,-0.0449735,1.71017,1.71017,1.1979
211,1.625,1000180400,4.68547,3.64608,3.64564,2.5566,0.290378,2.57438,2.57438,1.79888,0.374477,2.02732,2.02732,1.41724,0.128405,1.68539,1.68539,1.17909
211,0.375,1000080160,3.08088,9.22107,3.80387,6.24595,2.25575,1.69754,1.62101,1.28853,2.31011,0.977334,0.976974,0.686553,2.20351,1.12197,1.12012,0.791778
211,0.625,1000080160,3.49048,10.0144,3.71256,6.17474,2.10406,1.67247,1.61414,1.25757,2.29176,0.971612,0.971308,0.682298,2.11924,1.17082,1.16745,0.827639
211,1.125,1000080160,5.49849,23.0675,4.16873,14.2053,2.12928,1.63854,1.58113,1.22794,2.45407,0.827033,0.826974,0.577971,2.0484,1.12726,1.12602,0.793962
211,1.625,1000080160,6.15911,22.0962,3.41604,11.4048,1.73294,1.62966,1.60222,1.19897,2.27175,0.885541,0.885491,0.619984,1.7658,1.40032,1.38435,1.00361
211,0.875,1000080160,4.44723,13.9566,3.79826,6.93961,2.05929,1.79472,1.7164,1.36401,2.32747,0.909223,0.909114,0.637567,2.14612,1.07619,1.07531,0.756909
211,1.375,1000080160,5.70018,21.4892,3.78049,13.0036,2.23553,1.58586,1.53002,1.18722,2.5436,0.900133,0.899895,0.631629,2.0381,1.24948,1.24516,0.889046
211,0.125,1000260560,2.01558,1.90662,1.90668,1.34333,2.0236,1.93047,1.93047,1.35205,1.71988,1.3813,1.3813,0.96764,1.84751,1.38161,1.38161,0.967838
211,0.625,1000260560,2.12662,3.57823,3.57822,2.50058,1.05459,2.8839,2.8839,2.01918,1.46516,1.7392,1.7392,1.21619,1.79847,1.65629,1.65629,1.16015
211,0.375,1000260560,1.65834,3.51275,3.51275,2.46096,1.43007,2.58128,2.58128,1.80819,1.72283,1.53739,1.53739,1.077,2.00575,1.54919,1.54919,1.08443
211,1.875,1000080160,7.81202,41.1565,3.9983,10.5739,1.84534,1.49023,1.47401,1.08217,2.37213,0.733218,0.732948,0.511856,1.82129,1.34173,1.33607,0.957311
211,1.625,1000260560,3.73793,3.81646,3.81611,2.67609,0.571429,3.20631,3.20631,2.24328,1.10592,2.23611,2.23611,1.56746,1.221,1.89504,1.89504,1.32894
211,0.875,1000260560,2.52897,3.77375,3.77368,2.64597,0.892328,2.92908,2.92908,2.05146,1.29918,1.95799,1.95799,1.3717,1.6176,1.75188,1.75188,1.2273
211,1.875,1000260560,4.3653,3.88365,3.88273,2.72624,0.281759,3.56754,3.56754,2.49721,1.51141,2.20482,2.20482,1.54406,1.08858,1.97393,1.97393,1.38564
211,1.125,1000260560,3.07723,3.77765,3.77751,2.64589,1.00126,2.98863,2.98863,2.09343,1.32461,1.93422,1.93422,1.35632,1.51827,1.77425,1.77425,1.2429
211,1.325,1000260560,3.33543,3.864,3.86371,2.70852,0.775676,3.06493,3.06493,2.14578,1.10276,2.19509,2.19509,1.53699,1.38881,1.84859,1.84859,1.29443
211,0.425,1000180400,2.02727,3.38596,3.38595,2.37045,1.26764,2.40285,2.40285,1.68318,0.939295,1.54523,1.54523,1.08232,0.984019,1.46815,1.46815,1.03125
211,0.675,1000180400,2.32579,3.44661,3.4466,2.41315,0.842342,2.4777,2.4777,1.73216,0.664008,1.78696,1.78696,1.24936,0.751915,1.58958,1.58958,1.11102
211,0.175,1000180400,1.88571,2.35847,2.35847,1.64679,1.86824,1.8849,1.8849,1.32029,0.99886,1.40016,1.40016,0.980547,1.19857,1.37392,1.37392,0.96072
211,1.175,1000180400,3.63212,3.6242,3.62408,2.53893,0.81758,2.45253,2.45253,1.71576,0.574392,2.05965,2.05965,1.44637,0.291757,1.63469,1.63469,1.14513
211,0.925,1000080160,4.33705,13.7811,3.79773,6.98455,2.24092,1.7535,1.66303,1.33682,2.45089,0.920214,0.919981,0.64587,2.25044,1.08207,1.08075,0.763702
211,1.425,1000080160,5.62376,19.6087,3.65902,12.8159,2.05777,1.99802,1.86321,1.54147,2.38244,0.910928,0.910784,0.639,2.02002,1.3447,1.33593,0.96883
211,1.925,1000180400,5.42357,3.7328,3.73143,2.61586,0.559524,2.6562,2.6562,1.86099,0.421739,2.11873,2.11873,1.48128,-0.15812,1.80922,1.80922,1.26747
211,0.675,1000080160,3.68249,10.8297,3.758,6.39747,2.00085,1.67959,1.62711,1.25779,2.33553,0.978914,0.978506,0.687804,2.06518,1.05783,1.05624,0.742663
211,0.425,1000080160,3.04984,10.3423,4.03678,7.07262,2.17235,1.65207,1.59039,1.24287,2.29834,0.980411,0.98005,0.68871,2.22413,1.07762,1.07611,0.75894
211,1.675,1000180400,4.88396,3.78035,3.77937,2.65314,0.419355,2.74754,2.74754,1.92465,0.481481,2.28378,2.28378,1.59789,-0.00739958,1.60482,1.60482,1.12429
211,1.175,1000080160,5.46186,20.7866,3.99135,13.8817,2.32559,1.59756,1.53131,1.2001,2.38264,0.903257,0.903132,0.632887,2.17491,1.2194,1.21475,0.869489
211,1.675,1000080160,6.89852,29.7298,3.66803,11.1634,2.22596,2.16146,1.94547,1.68469,2.52471,0.846458,0.846373,0.593648,1.70159,1.40643,1.39922,1.00744
211,0.175,1000080160,2.01499,2.28673,2.05084,1.78505,2.31892,1.3536,1.33314,0.987752,2.18302,0.990833,0.990518,0.694595,2.19229,1.08047,1.07939,0.760222
211,0.425,1000260560,1.69092,3.54077,3.54077,2.48054,1.49722,2.73305,2.73305,1.91277,1.68565,1.58031,1.58031,1.10708,1.92562,1.5746,1.5746,1.10309
211,1.425,1000180400,4.40932,3.62876,3.62847,2.54365,0.652672,2.67048,2.67048,1.8708,0.574935,1.98624,1.98624,1.3915,0.20922,1.67806,1.67806,1.17621
211,0.925,1000180400,3.05071,3.43789,3.43788,2.4084,0.880519,2.63726,2.63726,1.84609,0.579436,1.8659,1.8659,1.30638,0.346261,1.66333,1.66333,1.16496
211,1.925,1000080160,8.91259,49.6863,4.06429,9.89379,1.68041,1.51452,1.48747,1.09386,2.61439,0.747638,0.747429,0.522432,1.87196,1.17388,1.17261,0.82645
211,0.175,1000260560,1.84707,2.47102,2.47102,1.7292,1.87986,2.05497,2.05497,1.43935,1.78164,1.40679,1.40679,0.985556,1.93209,1.43903,1.43903,1.00835
211,0.675,1000260560,2.3093,3.68542,3.68538,2.58195,1.01049,2.80174,2.80174,1.961,1.4333,1.83399,1.83399,1.28481,1.74678,1.68549,1.68549,1.18065
211,1.925,1000260560,4.26105,3.77271,3.77221,2.64544,0.662712,3.26383,3.26383,2.28365,1.17054,2.29886,2.29886,1.60856,1.0873,1.90573,1.90573,1.33448
211,1.675,1000260560,3.95243,3.78753,3.78714,2.65417,0.67233,3.18884,3.18884,2.23151,1.2132,2.29786,2.29786,1.60994,1.16295,1.91152,1.91152,1.33906
211,1.175,1000260560,2.97337,3.87078,3.87057,2.71303,0.878049,3.12327,3.12327,2.188,1.25729,2.08234,2.08234,1.45876,1.40807,1.84418,1.84418,1.29168
211,0.925,1000260560,2.61433,3.75256,3.75249,2.62763,0.940808,2.9997,2.9997,2.10135,1.24522,1.99864,1.99864,1.40015,1.61205,1.77992,1.77992,1.24696
211,1.375,1000260560,3.42256,3.85982,3.85951,2.69967,1.01712,3.19741,3.19741,2.23961,1.0853,2.31332,2.31332,1.61856,1.35845,1.91849,1.91849,1.3436
211,0.475,1000180400,1.99913,3.28362,3.28362,2.30041,1.03502,2.41978,2.41978,1.69055,0.822638,1.59647,1.59647,1.1208,0.959444,1.47659,1.47659,1.0317
211,0.225,1000180400,1.66111,2.74288,2.74288,1.91939,1.79659,2.04859,2.04859,1.4353,0.996721,1.43807,1.43807,1.00711,1.15918,1.40627,1.40627,0.985132
211,0.725,1000180400,2.51762,3.52954,3.52952,2.47651,0.95098,2.56109,2.56109,1.79165,0.701427,1.81841,1.81841,1.2762,0.564857,1.58068,1.58068,1.10717
211,1.225,1000180400,3.80255,3.51653,3.51645,2.46399,0.856108,2.63678,2.63678,1.84693,0.542453,2.11747,2.11747,1.48104,0.296984,1.69803,1.69803,1.18959
211,0.975,1000080160,4.48753,14.2179,3.78093,6.98023,2.11191,1.60108,1.55483,1.19221,2.45203,0.963838,0.963339,0.677399,2.20277,1.16961,1.16651,0.830417
211,0.725,1000080160,4.22492,14.5851,4.05976,7.60683,2.04608,1.58759,1.54166,1.17455,2.37553,0.961034,0.960681,0.67488,2.10485,1.14148,1.13974,0.806307
211,1.475,1000080160,5.85228,20.8267,3.66153,12.5933,2.01165,1.74852,1.67877,1.31928,2.2297,0.779964,0.779976,0.545034,1.97591,1.29476,1.28253,0.922993
211,1.975,1000180400,5.64827,3.61082,3.60979,2.5346,0.521739,2.72395,2.72394,1.90791,0.597345,1.99052,1.99052,1.39384,0.0272727,1.72697,1.72697,1.20984
211,0.475,1000080160,3.45178,11.3948,4.00228,7.09528,2.26409,1.6583,1.58649,1.25349,2.31042,0.982991,0.982595,0.690697,2.22483,1.12294,1.12095,0.793482
211,1.725,1000180400,4.91219,3.70788,3.70714,2.6001,0.462121,2.62968,2.62968,1.83787,0.712963,2.0467,2.0467,1.43148,0.050885,1.66813,1.66813,1.16861
211,0.225,1000080160,2.06542,3.92578,2.81655,3.14075,2.29231,1.38028,1.35651,1.00938,2.24844,0.986554,0.986224,0.69287,2.24846,1.12459,1.1224,0.795515
211,1.225,1000080160,5.47112,19.2372,3.80737,13.4344,2.10308,1.55097,1.50871,1.14846,2.42566,0.925639,0.925408,0.6496,2.02038,1.17057,1.16868,0.82583
211,0.975,1000180400,3.21061,3.65997,3.65988,2.56465,0.951657,2.647,2.647,1.85455,0.623549,1.93674,1.93674,1.3559,0.407496,1.62941,1.62941,1.14158
211,1.725,1000080160,6.48366,24.5767,3.55332,11.4949,1.97216,1.39605,1.37491,1.00797,2.55002,0.783873,0.78376,0.548564,1.84589,1.38659,1.37833,0.994899
211,0.725,1000260560,2.11714,3.58496,3.58495,2.51137,0.979368,2.94116,2.94116,2.05884,1.37413,1.8189,1.8189,1.27412,1.76947,1.74776,1.74776,1.22681
211,0.475,1000260560,1.68961,3.60134,3.60133,2.51589,1.23156,2.69294,2.69294,1.88534,1.62069,1.64395,1.64395,1.15362,1.95662,1.58066,1.58066,1.10735
211,1.975,1000080160,6.2393,22.4955,3.18435,10.4038,2.43317,1.59375,1.52158,1.20598,2.1001,0.986834,0.98665,0.692265,1.72517,1.24733,1.24543,0.881272
211,0.225,1000260560,1.64017,2.8896,2.8896,2.02345,1.88234,2.13612,2.13612,1.49661,1.77444,1.45122,1.45122,1.01704,2.01226,1.48595,1.48595,1.04245
211,1.475,1000180400,4.34567,3.67916,3.67881,2.57922,0.636364,2.69748,2.69748,1.88971,0.538356,2.08798,2.08798,1.46264,0.218153,1.6745,1.6745,1.17298
211,1.725,1000260560,4.12158,3.88127,3.88056,2.7209,0.719942,3.54925,3.54925,2.48604,1.1119,2.20015,2.20015,1.53834,1.08053,1.92804,1.92804,1.35406
211,1.975,1000260560,4.41021,3.92318,3.92205,2.7526,0.972868,3.07231,3.07231,2.14827,0.805164,2.80472,2.80472,1.96031,1.09468,1.86551,1.86551,1.30683
211,1.225,1000260560,3.14572,3.75714,3.757,2.63219,0.677584,3.15361,3.15361,2.20872,1.16089,2.06009,2.06009,1.44252,1.45577,1.83251,1.83251,1.28317
211,0.975,1000260560,2.65377,3.77538,3.7753,2.64682,0.879917,3.20857,3.20857,2.24775,1.31547,2.01512,2.01512,1.41174,1.54081,1.76852,1.76852,1.23888
211,1.425,1000260560,3.65368,3.83945,3.83909,2.69122,0.681053,3.12017,3.12017,2.18488,1.25483,2.26705,2.26705,1.58744,1.31325,1.89328,1.89328,1.32954
211,0.525,1000180400,2.03181,3.36804,3.36804,2.36603,1.04762,2.51475,2.51475,1.76162,0.842411,1.62598,1.62598,1.13883,0.919962,1.50704,1.50704,1.05603
211,0.275,1000180400,1.63505,3.16958,3.16958,2.21948,1.67933,2.12546,2.12546,1.48914,1.01201,1.4603,1.4603,1.02295,1.1267,1.46272,1.46272,1.02626
211,1.025,1000080160,4.31314,11.837,3.47523,6.08057,2.13297,1.625,1.56604,1.21536,2.40302,0.963064,0.962657,0.676252,2.10633,1.28762,1.28067,0.921125
211,1.275,1000180400,3.85406,3.60936,3.60922,2.5288,0.638211,2.70301,2.70301,1.89932,0.460674,1.97608,1.97608,1.38373,0.288666,1.63951,1.63951,1.14839
211,0.775,1000080160,4.14344,12.1252,3.71696,6.49406,2.11435,1.58821,1.54375,1.1828,2.38762,0.931431,0.931212,0.653743,2.20713,1.07813,1.07703,0.759267
211,0.775,1000180400,2.73561,3.52009,3.52007,2.46619,0.979283,2.59152,2.59152,1.81511,0.618914,1.79709,1.79709,1.25874,0.462377,1.60564,1.60564,1.12513
211,1.525,1000080160,6.71631,29.9142,4.0553,12.6038,1.93376,1.59342,1.55627,1.17698,2.3199,0.922378,0.922241,0.646905,1.78232,1.24937,1.24712,0.881863
211,0.525,1000080160,3.39693,10.7012,3.89825,6.73981,2.22487,1.61246,1.55035,1.21111,2.32451,0.975542,0.975173,0.684261,2.1267,1.15876,1.15652,0.819519
211,2.025,1000180400,5.66633,3.68019,3.67878,2.58508,0.747368,2.88492,2.88492,2.0211,0.719048,1.9122,1.9122,1.33958,0.0625,1.67329,1.67329,1.17548
211,0.275,1000080160,2.25722,5.93144,3.4139,4.74834,2.29117,1.46805,1.43181,1.08629,2.26183,1.00424,1.00377,0.705881,2.27335,1.11997,1.11735,0.791721
211,1.775,1000180400,5.12289,3.72597,3.72498,2.61539,0.625523,2.64879,2.64879,1.85402,0.540698,2.16291,2.16291,1.51538,0.0961538,1.74866,1.74866,1.22515
211,1.275,1000080160,5.43593,18.0159,3.68674,13.1346,2.06138,1.90271,1.79258,1.45798,2.47434,0.921837,0.921572,0.646376,1.91276,1.29665,1.29178,0.924179
211,1.775,1000080160,8.2841,45.2784,4.28427,10.985,1.81765,1.80351,1.7425,1.36019,2.48156,0.911305,0.91108,0.63832,1.70578,1.27905,1.27657,0.904697
211,0.775,1000260560,2.3116,3.79658,3.79651,2.65684,1.08627,2.88045,2.88045,2.01751,1.35661,1.89548,1.89548,1.32791,1.73252,1.76427,1.76427,1.23598
211,1.025,1000180400,3.21649,3.72651,3.72639,2.60403,0.753776,2.6997,2.6997,1.88844,0.551109,1.90708,1.90708,1.33579,0.363184,1.62595,1.62595,1.1391
211,0.525,1000260560,1.89868,3.60302,3.60301,2.53095,1.09194,2.79498,2.79498,1.95684,1.57036,1.66085,1.66085,1.16438,1.9176,1.61586,1.61586,1.13198
211,2.025,1000080160,8.3234,47.7599,3.97194,10.2549,1.92907,1.63663,1.59902,1.21619,2.43618,0.86003,0.859959,0.601751,1.80026,1.47773,1.46386,1.06927
211,0.275,1000260560,1.39871,3.30891,3.30891,2.31727,1.76376,2.3265,2.3265,1.62779,1.77501,1.47117,1.47117,1.03063,2.08142,1.5232,1.5232,1.06964
211,1.525,1000180400,4.37108,3.48911,3.48898,2.44476,0.585714,2.49418,2.49418,1.74632,0.386986,2.06003,2.06003,1.44313,0.0575221,1.689,1.689,1.18501
211,1.775,1000260560,4.06691,3.89718,3.89646,2.73259,0.442693,3.01124,3.01124,2.10974,1.14615,2.21335,2.21335,1.55073,1.14714,1.87108,1.87108,1.31072
211,2.025,1000260560,4.54238,3.79582,3.79508,2.66328,0.45122,3.25022,3.25022,2.27585,0.741546,2.51699,2.51699,1.76261,1.1193,1.86102,1.86102,1.30364
211,1.275,1000260560,3.15237,3.7977,3.79752,2.66054,0.733577,3.06946,3.06946,2.14572,1.2025,2.26234,2.26234,1.58325,1.42688,1.93773,1.93773,1.35717
211,1.025,1000260560,2.87099,3.69565,3.69558,2.58941,0.879733,3.01131,3.01131,2.10901,1.27408,2.04072,2.04072,1.42894,1.44108,1.82656,1.82656,1.28081
211,1.475,1000260560,3.61794,3.89955,3.89909,2.7339,0.886667,2.99758,2.99758,2.09938,0.949761,2.0956,2.0956,1.46715,1.21161,1.87761,1.87761,1.31692
-211,0.575,1000060120,-0.0953317,4.86978,3.75811,5.4963,-1.31014,1.3245,1.3215,0.9334,-1.28747,0.841665,0.841661,0.589594,-0.913256,1.01443,1.01443,0.71001
-211,0.075,1000060120,-1.40488,0.558415,0.539817,0.343324,-1.40901,1.12288,1.12274,0.787402,-0.970318,0.867475,0.867484,0.607395,-0.815555,1.00608,1.00608,0.704121
-211,0.325,1000060120,-0.842813,4.798,3.59834,4.9761,-1.354,1.30901,1.30766,0.922658,-1.22388,0.862433,0.862434,0.603261,-1.02464,1.02324,1.02324,0.71553
-211,1.575,1000060120,2.21696,5.962,3.47604,4.84131,-0.718205,1.18619,1.18616,0.831247,-1.27914,0.783206,0.783187,0.548325,-0.482762,1.17887,1.17886,0.823955
-211,1.075,1000060120,1.19634,5.5012,3.76766,5.56632,-1.08115,1.38575,1.38429,0.977111,-1.42476,0.813636,0.813596,0.569116,-1.01581,1.13198,1.13195,0.793245
-211,1.825,1000060120,2.71345,5.93303,3.25225,4.32988,-1.06765,1.21984,1.21965,0.854703,-1.2647,0.875954,0.875954,0.612909,-0.232143,1.1098,1.1098,0.777422
-211,0.075,1000180400,-1.44301,0.740905,0.740606,0.515844,-1.74765,1.68568,1.68568,1.18065,-1.40746,1.36538,1.36538,0.956374,-1.1709,1.34873,1.34873,0.944349
-211,0.575,1000180400,-0.78489,3.50365,3.50364,2.45457,-2.08195,2.43205,2.43205,1.70316,-2.19612,1.71591,1.71591,1.20304,-2.09481,1.7648,1.7648,1.23488
-211,0.325,1000180400,-1.23329,3.2517,3.2517,2.27224,-1.897,2.20133,2.20133,1.54077,-1.9374,1.5341,1.5341,1.07246,-1.85626,1.64163,1.64163,1.15008
-211,0.825,1000060120,0.497513,5.19398,3.85544,5.8275,-1.25447,1.40014,1.39761,0.990295,-1.28614,0.764299,0.76426,0.535131,-1.11081,1.04989,1.04988,0.735509
-211,1.325,1000060120,1.7528,5.67344,3.58685,5.08547,-1.07019,1.34434,1.34341,0.948557,-1.41,0.650895,0.648599,0.44492,-0.686743,1.24007,1.23999,0.868587
-211,0.825,1000180400,-0.524601,3.60293,3.60293,2.524,-1.94444,2.47224,2.47224,1.73141,-2.35229,1.92599,1.92599,1.34922,-2.63265,1.82278,1.82278,1.27692
-211,1.575,1000180400,0.921726,3.8225,3.82249,2.67737,-2.24074,2.91422,2.91421,2.04104,-2.59091,2.0179,2.0179,1.41241,-3.08434,1.94333,1.94333,1.36129
-211,1.075,1000180400,-0.0394346,3.65378,3.65378,2.55964,-2.13378,2.68421,2.68421,1.88045,-2.48414,1.93018,1.93018,1.35213,-2.83506,1.85248,1.85248,1.29805
-211,1.325,1000180400,0.482927,3.76893,3.76893,2.64014,-2.29211,2.77436,2.77436,1.94246,-2.71368,1.91946,1.91946,1.3471,-2.96676,1.86539,1.86539,1.30993
-211,0.075,1000080160,-1.39064,0.678337,0.677209,0.468892,-1.42135,1.2598,1.25821,0.886728,-0.718852,1.00291,1.00291,0.701952,-0.699526,1.03348,1.03348,0.724012
-211,0.575,1000080160,-0.307889,4.72628,3.64548,5.18051,-1.12067,1.58113,1.57215,1.13041,-1.10918,1.00291,1.0029,0.703109,-0.901559,1.09702,1.09701,0.768205
-211,0.325,1000080160,-0.968787,4.90491,3.5851,4.98931,-1.25877,1.53173,1.52376,1.09421,-1.09416,1.00436,1.00436,0.703983,-0.937945,1.11559,1.11557,0.781506
-211,1.825,1000180400,1.47214,3.67433,3.67432,2.5678,-2.47872,2.85761,2.85761,2.00099,-2.43548,1.93727,1.93727,1.35403,-3.0225,1.93283,1.93283,1.35536
-211,0.825,1000080160,0.168487,4.43109,3.50249,4.73374,-1.18902,1.68449,1.66429,1.21827,-1.18164,0.943678,0.943677,0.66099,-0.925996,1.28016,1.27987,0.897539
-211,1.075,1000080160,0.71813,4.58196,3.45587,4.68395,-1.10386,1.55009,1.54408,1.1056,-1.25851,0.929429,0.929428,0.650782,-1.00874,1.20047,1.20035,0.841686
211,1.525,1000260560,3.82027,3.75966,3.75937,2.63299,0.591954,3.25449,3.25449,2.27958,0.95438,2.36191,2.36191,1.65308,1.17949,1.85188,1.85188,1.294
-211,1.325,1000080160,1.94421,7.92643,4.0677,7.03248,-1.10548,1.63385,1.62359,1.17262,-1.23548,0.930142,0.930141,0.651367,-0.81759,1.31299,1.31268,0.920221
-211,0.625,1000060120,-0.300615,4.65109,3.63649,5.09252,-1.1132,1.35691,1.35573,0.958606,-1.28842,0.80576,0.805746,0.564305,-0.895303,1.09166,1.09165,0.764784
-211,0.375,1000060120,-0.673069,4.28922,3.39906,4.36792,-1.3233,1.38077,1.3773,0.976827,-1.26382,0.851838,0.851837,0.596739,-1.01559,1.01789,1.01789,0.71176
-211,1.125,1000060120,1.17995,5.37303,3.71693,5.40014,-1.21649,1.26358,1.26303,0.887214,-1.2824,0.873071,0.873069,0.611127,-0.951287,1.24061,1.24043,0.8689
-211,0.125,1000060120,-1.33554,1.31129,1.30984,0.923805,-1.36923,1.14601,1.14584,0.803774,-1.09629,0.887405,0.887409,0.621704,-0.833253,1.03136,1.03136,0.721682
-211,1.625,1000060120,2.65841,7.50535,3.67905,5.6039,-1.66685,1.13237,1.13198,0.794512,-1.31151,0.785151,0.785113,0.549456,-0.357164,1.29501,1.29494,0.906925
-211,0.875,1000060120,0.447933,4.89059,3.72556,5.40062,-1.17029,1.41384,1.4115,1.00029,-1.33938,0.761112,0.761012,0.532315,-1.05118,0.985206,0.985205,0.689326
-211,1.875,1000060120,3.61094,10.616,3.84683,6.4335,-1.02643,1.20847,1.20833,0.847423,-1.38555,0.747393,0.74719,0.521841,-0.0946138,1.38429,1.38414,0.970058
-211,1.375,1000060120,1.86117,6.68466,3.84529,5.99174,-1.08047,1.28519,1.28472,0.901819,-1.37102,0.686768,0.685939,0.476968,-0.602957,1.17732,1.17731,0.824663
-211,0.375,1000180400,-1.19307,3.29249,3.29249,2.30502,-1.93249,2.33087,2.33087,1.63243,-2.00774,1.5633,1.5633,1.09292,-1.87763,1.66867,1.66867,1.16686
-211,0.125,1000180400,-1.42557,1.55232,1.55232,1.08566,-1.74055,1.75232,1.75232,1.22726,-1.57924,1.386,1.386,0.970625,-1.26154,1.43595,1.43595,1.00474
-211,0.625,1000180400,-0.784269,3.48719,3.48719,2.44303,-2.09196,2.56789,2.56789,1.79867,-2.25045,1.77361,1.77361,1.24254,-2.26113,1.80024,1.80024,1.26088
-211,0.875,1000180400,-0.303584,3.7272,3.72719,2.61121,-2.0868,2.53567,2.53567,1.77534,-2.44266,1.87469,1.87469,1.31333,-2.77819,1.88454,1.88454,1.32115
-211,1.625,1000180400,1.08656,3.8571,3.85708,2.70205,-2.43254,2.87405,2.87405,2.01324,-2.57627,1.99438,1.99438,1.3942,-2.96188,2.0082,2.00819,1.40676
-211,1.375,1000180400,0.841731,3.72875,3.72875,2.61231,-2.19492,2.63366,2.63366,1.84448,-2.84928,2.14689,2.14689,1.50378,-3.00803,1.89624,1.89624,1.32843
-211,1.125,1000180400,0.143888,3.65705,3.65704,2.56207,-2.16894,2.7818,2.7818,1.9487,-2.56725,1.97374,1.97374,1.38272,-2.83402,1.8792,1.8792,1.3201
-211,0.125,1000080160,-1.32164,1.36886,1.3661,0.967292,-1.39887,1.32171,1.31951,0.932876,-0.872832,1.00005,1.00005,0.700363,-0.763824,1.07097,1.07096,0.74987
-211,0.625,1000080160,-0.32665,5.041,3.79324,5.67081,-0.909296,1.60224,1.59629,1.14136,-1.15368,0.987544,0.987542,0.689889,-0.84742,1.09622,1.09622,0.766963
-211,0.375,1000080160,-0.901008,5.23615,3.75298,5.52167,-1.17844,1.59813,1.58709,1.14558,-1.0922,0.988839,0.988838,0.690954,-0.903696,1.14865,1.14862,0.804068
-211,1.875,1000180400,1.63744,3.77239,3.77237,2.64302,-1.98108,2.44175,2.44175,1.70864,-2.64286,2.0485,2.0485,1.43496,-3.05647,1.98448,1.98448,1.39028
-211,1.125,1000080160,1.25388,6.18934,3.93984,6.29912,-1.03374,1.54644,1.54139,1.10269,-1.31034,0.931551,0.931549,0.651407,-0.827226,1.2822,1.28199,0.900427
-211,0.875,1000080160,0.443001,4.92703,3.69927,5.40781,-1.14439,1.61334,1.6037,1.15698,-1.17714,0.899136,0.899137,0.629907,-0.992545,1.25242,1.25218,0.878315
-211,1.575,1000080160,2.37333,6.93797,3.5947,5.45581,-1.09915,1.4928,1.48893,1.06198,-1.24038,0.877643,0.877643,0.615352,-0.511276,1.27645,1.27638,0.89469
-211,1.375,1000080160,1.8047,5.89346,3.55746,5.19633,-1.07975,1.55609,1.55015,1.10825,-1.32734,0.854256,0.854249,0.597121,-0.800676,1.41374,1.41277,0.994913
-211,1.825,1000080160,3.08786,8.4993,3.58098,5.71542,-1.16542,1.62192,1.61131,1.16542,-1.22726,0.862252,0.862254,0.603819,-0.291048,1.16551,1.1655,0.81597
-211,0.425,1000060120,-0.774144,4.38141,3.4243,4.43622,-1.2663,1.40017,1.39756,0.99071,-1.26275,0.849464,0.849463,0.59508,-1.02637,1.00561,1.0056,0.703198
-211,0.675,1000060120,0.142641,4.6004,3.62575,5.05983,-1.15203,1.32469,1.32376,0.932311,-1.28201,0.838356,0.838352,0.587106,-0.974525,1.05599,1.05598,0.73971
-211,1.175,1000060120,1.69136,6.04847,3.73025,5.56159,-1.3453,1.2456,1.24497,0.87423,-1.26148,0.759505,0.75949,0.531908,-1.07898,1.17407,1.17397,0.821424
-211,1.675,1000060120,2.96184,8.05941,3.65314,5.61623,-1.05367,1.23783,1.2376,0.867425,-1.57143,0.862973,0.862963,0.604324,-0.300004,1.16565,1.16564,0.815838
-211,0.175,1000060120,-1.21212,1.9565,1.90548,1.46093,-1.36866,1.22094,1.22044,0.857957,-1.17203,0.863348,0.863353,0.605912,-0.887883,1.03611,1.0361,0.724854
-211,0.925,1000060120,0.651305,4.98296,3.71945,5.39063,-1.33297,1.36414,1.36194,0.963614,-1.36972,0.769677,0.769574,0.53804,-0.937973,1.15157,1.15153,0.806706
-211,0.175,1000180400,-1.37649,2.15275,2.15275,1.50572,-1.7829,1.9076,1.9076,1.33612,-1.71644,1.44585,1.44585,1.01256,-1.45805,1.51339,1.51339,1.05964
-211,1.425,1000060120,1.83515,5.46825,3.47908,4.77809,-1.12505,1.17204,1.17193,0.821838,-1.3351,0.788121,0.788074,0.551603,-0.462966,1.187,1.18699,0.832611
-211,0.675,1000180400,-0.755707,3.61543,3.61543,2.53269,-2.01081,2.54538,2.54538,1.78306,-2.31301,1.76069,1.76069,1.23244,-2.38751,1.83708,1.83708,1.28695
-211,0.425,1000180400,-1.0004,3.35742,3.35742,2.35174,-1.99627,2.42762,2.42762,1.69967,-2.00706,1.59291,1.59291,1.11589,-1.86167,1.67796,1.67796,1.17542
-211,0.925,1000180400,-0.150748,3.48397,3.48397,2.44068,-2.01083,2.64353,2.64353,1.85189,-2.58506,1.93407,1.93407,1.35451,-2.71418,1.86787,1.86787,1.30853
-211,1.925,1000060120,3.02957,7.3077,3.45856,5.02652,-1.29318,1.58627,1.57558,1.14013,-1.42657,0.712785,0.712212,0.49542,-0.30002,1.32712,1.32704,0.930588
-211,0.425,1000080160,-0.642129,4.66153,3.5658,4.91342,-1.32189,1.63969,1.62321,1.1867,-1.07407,0.9973,0.997298,0.70003,-0.916789,1.14015,1.14013,0.798011
-211,0.675,1000080160,-0.202607,4.57754,3.58003,4.96846,-1.13556,1.61934,1.60938,1.16286,-1.13745,0.957146,0.957146,0.671111,-0.890199,1.0748,1.07479,0.752742
-211,1.425,1000180400,0.613471,3.70668,3.70667,2.59699,-2.35515,2.83675,2.83675,1.9847,-2.73529,2.14079,2.14079,1.49879,-3.03106,1.95447,1.95447,1.36908
-211,1.675,1000180400,1.12163,3.81139,3.81137,2.67027,-2.58235,2.71736,2.71736,1.90341,-2.82632,2.07961,2.07961,1.45685,-3.05136,1.89625,1.89625,1.3278
-211,0.175,1000080160,-1.24607,1.94148,1.88803,1.44842,-1.39686,1.35543,1.35239,0.958832,-0.959861,1.00809,1.00809,0.706197,-0.800025,1.10504,1.10503,0.773904
-211,1.175,1000180400,0.185634,3.78234,3.78233,2.64984,-2.38148,2.59824,2.59824,1.82008,-2.60476,1.99313,1.99313,1.39579,-2.98009,1.92738,1.92738,1.35027
-211,1.925,1000180400,1.87714,3.96629,3.96619,2.78495,-2.3377,2.5209,2.5209,1.76585,-2.97552,2.24906,2.24906,1.57488,-3.02514,2.10442,2.10442,1.47245
-211,0.925,1000080160,0.395738,5.09823,3.77245,5.68053,-1.18161,1.75695,1.73112,1.28165,-1.14132,0.919653,0.919654,0.644112,-0.897715,1.20757,1.20749,0.845425
-211,1.625,1000080160,2.6274,8.45694,3.82875,6.33075,-1.05452,1.56816,1.56197,1.1183,-1.21739,0.912692,0.912692,0.639294,-0.415716,1.28178,1.28172,0.897916
-211,1.175,1000080160,1.54589,6.51446,3.88856,6.24742,-1.25773,1.75106,1.72699,1.27941,-1.21795,0.985678,0.985675,0.690449,-0.952905,1.26345,1.2632,0.886946
-211,1.425,1000080160,2.28086,8.68372,4.08173,7.11966,-1.19086,1.60922,1.59888,1.1565,-1.36822,0.916487,0.916484,0.640817,-0.628435,1.43222,1.43145,1.00678
-211,1.875,1000080160,3.06045,9.55926,3.81435,6.4667,-0.732841,1.50759,1.50557,1.06237,-1.60527,0.939405,0.939397,0.657194,-0.560907,1.41381,1.41328,0.993031
-211,0.725,1000060120,0.296724,4.72581,3.67059,5.20913,-1.14654,1.24861,1.24825,0.876315,-1.24865,0.811842,0.811843,0.568663,-0.9375,1.01366,1.01366,0.708712
-211,0.475,1000060120,-0.741463,4.82124,3.6349,5.09033,-1.3037,1.48918,1.48342,1.06165,-1.25404,0.853149,0.853148,0.597618,-0.949199,1.04864,1.04864,0.734172
-211,1.225,1000060120,1.68635,5.86212,3.67063,5.36224,-1.03879,1.34897,1.34808,0.947486,-1.3447,0.674544,0.673644,0.467824,-0.808659,1.15088,1.15085,0.80642
-211,1.725,1000060120,2.54271,6.3704,3.43996,4.82885,-0.892897,1.17535,1.1753,0.823688,-1.16501,0.653742,0.654863,0.464113,-0.221314,1.22839,1.22838,0.859634
-211,0.225,1000060120,-1.07193,2.71524,2.47041,2.22103,-1.37547,1.28369,1.2824,0.903637,-1.21812,0.861054,0.861056,0.603213,-0.975039,1.02905,1.02905,0.719844
-211,0.975,1000060120,0.613972,4.60869,3.56055,4.87111,-0.994019,1.39412,1.39283,0.982305,-1.35948,0.78476,0.784696,0.54924,-0.719302,1.1407,1.14068,0.801584
-211,0.225,1000180400,-1.37339,2.69074,2.69074,1.88293,-1.84186,2.01604,2.01604,1.41226,-1.82003,1.47131,1.47131,1.03059,-1.63267,1.56371,1.56371,1.09528
-211,1.475,1000060120,2.02904,5.88667,3.54017,4.98179,-1.27053,1.39891,1.39632,0.987741,-1.36884,0.736843,0.736603,0.514486,-0.483634,1.29738,1.29729,0.907971
-211,0.725,1000180400,-0.681417,3.59802,3.59801,2.52067,-2.02288,2.58216,2.58216,1.80785,-2.37697,1.75143,1.75143,1.22751,-2.45443,1.86647,1.86647,1.30757
-211,0.475,1000180400,-1.15931,3.46258,3.46258,2.42526,-2.01487,2.4528,2.4528,1.71646,-2.03221,1.62177,1.62177,1.13486,-1.9964,1.70828,1.70828,1.19658
-211,0.975,1000180400,-0.429536,3.64151,3.6415,2.5493,-2.04369,2.7492,2.7492,1.9259,-2.54793,1.89306,1.89306,1.32355,-2.86842,1.8238,1.8238,1.27726
-211,1.975,1000060120,3.44749,8.55097,3.52829,5.3786,-1.22763,1.26289,1.26233,0.88744,-1.36654,0.762914,0.762794,0.53307,-0.421079,1.28501,1.28495,0.900261
-211,0.475,1000080160,-0.584313,5.15867,3.799,5.69456,-1.22841,1.61869,1.60386,1.16543,-1.1172,1.01706,1.01705,0.712527,-0.889607,1.13089,1.13087,0.791924
-211,0.725,1000080160,-0.041256,4.73284,3.66753,5.24978,-1.07351,1.48297,1.4781,1.04912,-1.13786,0.953256,0.953255,0.667875,-0.936378,1.13355,1.13353,0.794304
-211,1.475,1000180400,0.922497,3.7597,3.75969,2.6369,-2.43103,2.63938,2.63938,1.84908,-2.76269,1.90228,1.90228,1.33196,-3.03245,1.87113,1.87113,1.3111
-211,0.225,1000080160,-1.09136,2.78507,2.50588,2.29156,-1.32514,1.42227,1.41767,1.008,-1.02337,1.01659,1.01659,0.713716,-0.884496,1.11873,1.11872,0.783435
-211,1.725,1000180400,1.28555,3.71176,3.71174,2.60258,-2.25889,2.91205,2.91205,2.03979,-2.88191,2.06616,2.06616,1.44483,-2.90786,1.95768,1.95768,1.3711
-211,1.225,1000180400,0.168107,3.76604,3.76604,2.63646,-2.14644,2.79728,2.79728,1.95951,-2.77717,1.99857,1.99857,1.39967,-2.9459,1.82556,1.82556,1.27971
-211,1.975,1000180400,1.9762,3.77536,3.77532,2.64302,-2.53333,3.10196,3.10196,2.17214,-2.90952,1.94077,1.94077,1.35628,-2.95652,2.07407,2.07407,1.45224
-211,0.975,1000080160,0.887169,5.81539,3.93302,6.3018,-1.31394,1.4843,1.47862,1.0581,-1.24327,0.969523,0.969521,0.678996,-0.933522,1.17391,1.17385,0.822288
-211,1.225,1000080160,1.96962,7.86749,4.06375,6.95398,-1.31494,1.50448,1.49793,1.07371,-1.34131,0.807718,0.807689,0.565265,-0.697373,1.31746,1.31722,0.923078
-211,1.675,1000080160,2.57425,8.37258,3.83109,6.33758,-0.919213,1.38013,1.37922,0.973251,-1.26315,0.856342,0.85634,0.599886,-0.712532,1.19032,1.19028,0.833748
-211,1.475,1000080160,2.23135,7.1466,3.71971,5.8265,-0.92613,1.65181,1.64326,1.18271,-1.12963,1.00539,1.00538,0.704259,-0.873068,1.23873,1.2386,0.867611
-211,1.925,1000080160,4.08522,14.4241,4.08992,7.73087,-0.760364,1.39857,1.39782,0.98332,-1.28723,0.966116,0.966113,0.676906,-0.426102,1.50137,1.50035,1.05674
-211,0.775,1000060120,0.323774,4.91554,3.76227,5.50889,-1.18836,1.349,1.34768,0.948316,-1.33274,0.814849,0.814827,0.570285,-0.869863,1.01783,1.01783,0.712526
-211,0.525,1000060120,-0.349786,4.65772,3.63438,5.08769,-1.29581,1.35155,1.34977,0.953927,-1.29669,0.829478,0.829469,0.580951,-0.97059,1.05031,1.0503,0.734889
-211,1.275,1000060120,1.87975,6.19778,3.70097,5.46645,-1.44802,1.1489,1.14867,0.806163,-1.47326,0.674402,0.672836,0.464107,-0.691286,1.32047,1.32023,0.926358
-211,1.025,1000060120,0.967249,4.80888,3.55607,4.88165,-1.12598,1.34804,1.34692,0.949383,-1.39135,0.79757,0.797515,0.558145,-1.02944,1.16395,1.16388,0.815743
-211,1.775,1000060120,2.48095,5.62092,3.25616,4.29399,-1.00051,1.36555,1.36458,0.960225,-1.47497,0.758137,0.757935,0.529497,-0.37805,1.08597,1.08597,0.760175
-211,0.275,1000060120,-1.03055,3.90922,3.1362,3.63412,-1.37754,1.25808,1.25704,0.884395,-1.23407,0.853788,0.85379,0.598208,-1.03299,1.03362,1.03362,0.723058
-211,1.525,1000060120,2.22927,5.94291,3.46753,4.80977,-1.11921,1.24033,1.24003,0.870304,-1.21639,0.787695,0.787715,0.551467,-0.280823,1.16153,1.16153,0.813749
-211,0.775,1000180400,-0.68454,3.63573,3.63573,2.54683,-1.99948,2.6683,2.6683,1.8683,-2.34191,1.83242,1.83242,1.28371,-2.59412,1.80085,1.80085,1.26139
-211,0.525,1000180400,-0.922816,3.48872,3.48872,2.43739,-1.99072,2.45679,2.45679,1.72065,-2.15275,1.63962,1.63962,1.14787,-2.0392,1.77673,1.77673,1.24465
-211,0.275,1000180400,-1.268,3.14365,3.14365,2.20132,-1.83395,2.06939,2.06939,1.44706,-1.8812,1.51846,1.51846,1.0637,-1.80146,1.59289,1.59289,1.11439
-211,1.025,1000180400,-0.028436,3.64485,3.64485,2.55498,-2.18839,2.68883,2.68883,1.88085,-2.5515,1.84971,1.84971,1.29508,-2.73121,1.90674,1.90674,1.3326
-211,2.025,1000060120,3.00808,6.3995,3.23746,4.41453,-1.20968,0.956404,0.956403,0.669245,-1.25997,0.813822,0.813819,0.57004,-0.722698,1.42421,1.42332,1.00127
-211,0.525,1000080160,-0.572208,4.47076,3.48326,4.66143,-1.22874,1.65393,1.6379,1.19514,-1.1142,0.984335,0.984333,0.689832,-0.914094,1.11873,1.11871,0.783385
-211,0.275,1000080160,-1.20006,4.1263,3.18697,3.80101,-1.31702,1.52347,1.51529,1.08862,-1.04356,1.00506,1.00506,0.706243,-0.938388,1.11462,1.1146,0.780577
-211,1.775,1000180400,1.55272,3.78259,3.78257,2.65017,-2.57843,2.95719,2.95719,2.07137,-2.52632,2.16569,2.16569,1.51494,-2.995,1.92065,1.92065,1.34516
-211,0.775,1000080160,0.046329,4.88711,3.72796,5.47572,-1.01704,1.5798,1.57357,1.12659,-1.14593,0.922392,0.922393,0.646183,-0.845367,1.13221,1.13219,0.792681
-211,1.275,1000180400,0.345792,3.73242,3.73241,2.61655,-2.21028,2.77798,2.77798,1.9455,-2.56715,2.08697,2.08697,1.46642,-3.02819,1.86366,1.86366,1.30734
-211,1.525,1000180400,1.09061,3.82973,3.82971,2.68755,-2.26087,2.63396,2.63396,1.84421,-2.81818,2.02918,2.02918,1.42087,-2.84215,2.03016,2.03016,1.42186
-211,2.025,1000180400,2.1326,3.95354,3.95341,2.77081,-1.89103,2.64672,2.64672,1.85401,-2.97664,2.34441,2.34441,1.64064,-2.97038,2.07457,2.07457,1.45305
-211,1.025,1000080160,0.998454,5.98272,3.96742,6.38873,-1.19115,1.6355,1.62358,1.17599,-1.20207,0.885562,0.885563,0.620377,-0.912261,1.30541,1.30503,0.915562
-211,1.275,1000080160,2.30609,11.3477,4.65998,17.2003,-1.08687,1.72195,1.70561,1.24784,-1.24372,0.939876,0.939875,0.657898,-0.759651,1.28195,1.28177,0.89912
-211,1.725,1000080160,3.16823,10.5091,3.97518,6.95604,-0.893811,1.62491,1.61815,1.15996,-1.27612,0.894213,0.894212,0.6256,-0.284849,1.29905,1.299,0.91013
-211,1.525,1000080160,2.45272,9.57985,4.18974,7.56407,-1.09719,1.49176,1.48791,1.05868,-1.16038,0.930361,0.930361,0.651742,-0.771942,1.33648,1.33611,0.937946
-211,1.975,1000080160,4.3206,15.5856,4.17461,7.96399,-0.839023,1.52946,1.52645,1.0863,-1.23913,0.987462,0.987458,0.691725,-0.318207,1.33491,1.33481,0.933771
-211,0.075,1000260560,-1.46117,0.888886,0.888882,0.622556,-1.66946,1.81301,1.81301,1.26954,-0.658901,1.38439,1.38439,0.969697,-0.440358,1.30158,1.30158,0.911711
-211,0.575,1000260560,-1.33377,3.52189,3.52189,2.46865,-1.84833,2.80933,2.80933,1.96756,-1.32676,1.79145,1.79145,1.25493,-1.00808,1.80054,1.80054,1.26126
-211,0.325,1000260560,-1.55657,3.42997,3.42997,2.39619,-1.71359,2.39241,2.39241,1.67465,-1.10423,1.57095,1.57095,1.10056,-0.835125,1.64017,1.64017,1.15159
-211,1.075,1000260560,-0.840742,3.80099,3.80098,2.66293,-1.96299,3.01425,3.01425,2.11043,-1.7736,2.10216,2.10216,1.47078,-1.64921,1.92254,1.92254,1.3468
-211,0.825,1000260560,-1.18966,3.71959,3.71958,2.60575,-1.80986,3.01204,3.01204,2.10967,-1.6618,1.91668,1.91668,1.3423,-1.37156,1.9532,1.9532,1.3658
-211,1.325,1000260560,-0.377159,3.80151,3.8015,2.66351,-2.22323,3.08905,3.08905,2.15947,-1.8221,2.25916,2.25916,1.58342,-1.92076,2.04371,2.04371,1.43167
-211,1.575,1000260560,0.206124,3.93368,3.93366,2.75629,-1.90052,3.20739,3.20739,2.246,-2.12552,2.365,2.365,1.66136,-2.13126,2.15577,2.15577,1.51027
111,0.075,1000060120,0.504758,1.06397,1.06396,0.745262,0.498408,1.16234,1.16234,0.814287,0.577534,0.940203,0.940202,0.657458,0.597161,1.29223,1.29211,0.905957
-211,1.825,1000260560,0.524236,3.85868,3.85866,2.69632,-2.19205,3.24547,3.24547,2.27478,-2.23103,2.2711,2.2711,1.58967,-2.10952,2.17099,2.17099,1.51668
111,0.325,1000060120,0.785696,5.00089,3.6891,5.31145,0.521101,1.36673,1.36645,0.958709,0.55051,0.923318,0.923317,0.646689,0.562315,1.22053,1.22049,0.855213
111,0.575,1000060120,1.33216,5.6114,3.72498,5.52481,0.275381,1.38852,1.38832,0.973921,0.529812,0.855561,0.855548,0.59907,0.522571,1.28655,1.28646,0.901641
111,0.825,1000060120,2.61441,8.40383,3.86653,6.34246,0.58988,1.37993,1.37954,0.968894,0.553479,0.81016,0.810113,0.566884,0.613862,1.05366,1.05366,0.738013
111,1.825,1000060120,5.54769,18.5679,3.83065,13.5086,0.858273,1.619,1.61285,1.15487,1.06253,1.14391,1.14385,0.801571,0.877807,1.21429,1.2142,0.849654
111,1.575,1000060120,4.32331,11.7566,3.5601,6.06789,0.81113,1.20676,1.20669,0.844064,0.480391,0.851421,0.851406,0.596149,0.59804,1.07085,1.07085,0.749854
111,1.075,1000060120,3.52723,10.4107,3.80924,6.40574,0.438478,1.43502,1.43451,1.00773,0.572416,0.809505,0.80946,0.566534,0.471433,1.19045,1.19043,0.833384
111,0.075,1000180400,0.372164,1.21293,1.21293,0.849327,0.178154,1.75702,1.75702,1.23045,-0.357116,1.38681,1.38681,0.971392,-0.0840771,1.58642,1.58642,1.10884
111,1.325,1000060120,3.78426,9.50079,3.48938,5.54114,0.377374,1.27122,1.27117,0.890586,0.421047,0.828716,0.82869,0.580396,0.593037,1.21614,1.21611,0.852029
111,0.575,1000180400,0.587754,3.49358,3.49358,2.44732,-0.565502,2.48216,2.48216,1.73471,-0.717028,1.74569,1.74569,1.22647,-0.64335,1.74453,1.74453,1.22467
111,0.325,1000180400,0.236688,3.28133,3.28133,2.29777,-0.104658,2.23438,2.23438,1.56457,-0.530103,1.58486,1.58486,1.11012,-0.321266,1.67173,1.67173,1.17095
111,1.075,1000180400,1.7792,3.77708,3.77705,2.64613,-0.8281,2.63707,2.63707,1.84723,-1.0513,1.84479,1.84479,1.2923,-1.267,1.68659,1.68659,1.18157
111,0.825,1000180400,1.10781,3.60521,3.6052,2.52573,-0.586022,2.52131,2.52131,1.76473,-0.920072,1.86781,1.86781,1.30832,-1.07467,1.76634,1.76634,1.23746
111,1.575,1000180400,2.73243,3.75454,3.75446,2.63057,-0.650538,2.6728,2.6728,1.87198,-1.23646,2.07071,2.07071,1.45069,-1.48138,1.72475,1.72475,1.20805
111,1.825,1000180400,3.31019,3.86611,3.86583,2.70937,-1.05172,2.78357,2.78357,1.94953,-0.9625,2.09873,2.09873,1.46797,-1.42637,1.84253,1.84253,1.29304
111,1.325,1000180400,2.13473,3.71682,3.71679,2.6034,-0.798368,2.64685,2.64685,1.85689,-0.973684,1.91451,1.91451,1.34092,-1.51544,1.89754,1.89754,1.32937
111,0.325,1000080160,0.649165,4.64741,3.54607,4.87774,0.505612,1.61405,1.61028,1.14254,0.620266,1.10358,1.10357,0.773307,0.642139,1.31869,1.31849,0.923548
111,0.075,1000080160,0.484387,1.10867,1.10866,0.776524,0.537341,1.27792,1.27784,0.895596,0.651404,1.09757,1.09757,0.76962,0.648095,1.28249,1.28237,0.897476
111,0.575,1000080160,1.41946,6.22183,3.86997,6.10034,0.430116,1.59995,1.59741,1.1315,0.598614,1.04653,1.04653,0.733167,0.635959,1.33307,1.33283,0.933336
111,0.825,1000080160,2.23258,7.23067,3.75114,5.91567,0.50826,1.6103,1.60717,1.14066,0.668079,0.989043,0.989043,0.692443,0.49208,1.31118,1.31106,0.91766
111,1.075,1000080160,2.82421,8.36187,3.67262,5.95693,0.437517,1.6999,1.69443,1.21112,0.521739,0.921724,0.921722,0.644148,0.681374,1.11166,1.11166,0.778212
111,1.325,1000080160,4.19406,14.3135,3.98144,7.47146,0.522452,1.57927,1.57678,1.11674,0.334343,0.852159,0.852151,0.596027,0.602207,1.24533,1.24527,0.872562
111,0.075,1000260560,0.353881,1.28683,1.28683,0.900746,0.237887,1.89913,1.89913,1.33014,0.449544,1.40431,1.40431,0.983821,0.601379,1.58992,1.58992,1.11326
111,1.575,1000080160,4.9032,17.6632,4.01213,14.5065,0.491843,1.53149,1.52993,1.07982,0.511765,1.02304,1.02304,0.716645,0.782386,1.21375,1.21369,0.850568
111,1.825,1000080160,5.7468,24.9196,4.31142,14.3014,0.418495,1.57738,1.57532,1.11421,0.354838,0.930056,0.930055,0.650727,0.697533,1.10445,1.10444,0.773499
111,0.325,1000260560,0.0186246,3.49171,3.49171,2.43968,-0.102587,2.47157,2.47157,1.72947,0.288618,1.58284,1.58283,1.1059,0.578703,1.7122,1.7122,1.19942
111,0.575,1000260560,0.179948,3.63847,3.63846,2.54903,-0.33035,2.88881,2.88881,2.02234,0.0716056,1.75713,1.75713,1.2286,0.399858,1.80209,1.80209,1.26083
-211,1.775,1000080160,3.13055,8.784,3.61851,5.84199,-1.0795,1.49766,1.49377,1.06313,-1.21424,0.785216,0.785238,0.550229,-0.666677,1.13553,1.13552,0.794929
111,0.825,1000260560,0.582364,3.78918,3.78917,2.65467,-0.437925,2.90502,2.90502,2.04111,-0.173367,1.96385,1.96385,1.37559,0.0872207,1.86203,1.86203,1.30534
111,1.075,1000260560,0.960231,3.80865,3.80863,2.66722,-0.656815,3.06923,3.06923,2.15021,-0.218665,2.06328,2.06328,1.44519,-0.0554835,1.88021,1.88021,1.31515
-211,2.025,1000080160,4.23724,13.8139,3.92473,7.19523,-1.06778,1.52183,1.51729,1.08203,-1.24357,0.807352,0.807354,0.565282,-0.455228,1.20169,1.20167,0.840868
-211,0.125,1000260560,-1.44291,1.74347,1.7501,1.22154,-1.71593,1.918,1.918,1.34341,-0.797622,1.42237,1.42237,0.99718,-0.566024,1.34215,1.34215,0.939975
-211,0.625,1000260560,-1.29581,3.61543,3.61542,2.53266,-1.81172,2.96245,2.96245,2.07471,-1.4272,1.80951,1.80951,1.26743,-1.06479,1.80676,1.80676,1.2679
111,1.325,1000260560,1.4285,3.87561,3.87558,2.71538,-0.795222,3.15171,3.15171,2.20764,-0.27532,2.10311,2.10311,1.47334,-0.182051,1.96333,1.96333,1.3754
-211,0.375,1000260560,-1.51426,3.48041,3.4804,2.43831,-1.7466,2.62687,2.62687,1.83932,-1.1564,1.59392,1.59392,1.11658,-0.827901,1.64308,1.64308,1.15085
-211,1.125,1000260560,-0.701117,3.86425,3.86423,2.70587,-1.85318,3.08515,3.08515,2.15908,-1.85878,2.08405,2.08405,1.45806,-1.66951,1.96945,1.96945,1.37971
111,0.125,1000060120,0.417683,1.58799,1.58492,1.12088,0.483071,1.17942,1.17941,0.826201,0.572085,0.942912,0.942911,0.658809,0.588625,1.31032,1.31016,0.918739
-211,1.375,1000260560,-0.173767,3.9377,3.93769,2.75858,-1.86431,3.27811,3.27811,2.2952,-2.05279,2.29381,2.29381,1.60694,-1.94077,2.04457,2.04457,1.43237
-211,0.875,1000260560,-1.1159,3.7529,3.75289,2.62921,-1.71622,2.77442,2.77442,1.94335,-1.62248,1.97985,1.97985,1.38651,-1.46285,1.93325,1.93325,1.35434
111,0.375,1000060120,0.89475,4.86743,3.59607,5.0209,0.44637,1.40843,1.40805,0.988599,0.568212,0.905025,0.905022,0.634006,0.605195,1.23316,1.23311,0.864156
-211,1.625,1000260560,0.0871563,3.86926,3.86925,2.70715,-1.91114,3.31779,3.31779,2.32408,-2.08095,2.14934,2.14934,1.5041,-2.02573,2.01484,2.01484,1.41372
111,0.625,1000060120,1.71457,5.91348,3.66205,5.36262,0.545467,1.21573,1.2157,0.851555,0.559777,0.846474,0.846457,0.592821,0.558729,1.23604,1.236,0.865954
-211,1.875,1000260560,0.430568,3.9187,3.91868,2.75127,-2.09933,3.10646,3.10646,2.17532,-2.128,2.18734,2.18734,1.53227,-2.16141,2.06993,2.06993,1.44925
111,0.875,1000060120,2.47413,7.26439,3.68112,5.62359,0.622098,1.27851,1.2784,0.895989,0.5,0.783593,0.78349,0.547717,0.420733,1.13129,1.13129,0.792459
111,1.125,1000060120,3.33622,9.86847,3.79586,6.31469,0.542347,1.37303,1.37272,0.963539,0.540231,0.769193,0.769045,0.537663,0.467391,1.02599,1.02599,0.718332
111,1.625,1000060120,5.02383,16.9527,3.94743,7.48098,0.500004,1.19816,1.19815,0.841712,0.69233,0.809353,0.809335,0.566746,0.738901,1.32947,1.32916,0.933668
111,1.375,1000060120,4.20065,13.5967,3.94935,7.17208,0.635931,1.20614,1.20611,0.843565,0.552088,0.845933,0.845917,0.592056,0.353659,1.13796,1.13796,0.796794
111,1.875,1000060120,5.00792,13.4036,3.41096,5.99658,0.576923,1.03469,1.03469,0.724776,0.320478,0.81234,0.81232,0.568707,0.681825,1.16618,1.16616,0.816879
111,0.125,1000180400,0.252627,1.82012,1.82012,1.27373,0.0486044,1.7991,1.7991,1.26002,-0.39369,1.43492,1.43492,1.00513,-0.0702631,1.63447,1.63447,1.1442
111,0.625,1000180400,0.771068,3.51581,3.51581,2.46998,-0.465445,2.47286,2.47286,1.73181,-0.741111,1.74517,1.74517,1.22256,-0.729259,1.81875,1.81875,1.27287
111,0.375,1000180400,0.209883,3.42782,3.42782,2.40037,-0.262073,2.38877,2.38877,1.67304,-0.546664,1.58558,1.58558,1.11079,-0.406263,1.73301,1.73301,1.21568
111,1.125,1000180400,1.87977,3.79216,3.79212,2.66499,-0.752708,2.75901,2.75901,1.93016,-0.912993,1.94436,1.94436,1.36215,-1.22135,1.7639,1.7639,1.23661
111,0.375,1000080160,0.872665,5.27788,3.7579,5.59742,0.381004,1.62701,1.62406,1.15171,0.615281,1.06946,1.06946,0.74925,0.637474,1.30791,1.30774,0.917383
111,0.875,1000180400,0.983012,3.54037,3.54037,2.48026,-0.613924,2.59392,2.59392,1.81704,-0.94757,1.81159,1.81159,1.26843,-1.08992,1.79949,1.79949,1.26366
111,0.125,1000080160,0.378742,1.61353,1.60938,1.14025,0.493168,1.31471,1.31439,0.921651,0.637311,1.11138,1.11137,0.777575,0.632682,1.33747,1.33721,0.936255
111,1.875,1000180400,3.48123,3.79944,3.79919,2.6632,-1.42958,2.74748,2.74748,1.92478,-1.00694,2.20728,2.20728,1.54598,-1.51292,1.7819,1.7819,1.25154
111,0.625,1000080160,1.41257,5.66061,3.68816,5.4437,0.483469,1.61138,1.60835,1.1405,0.568672,1.01193,1.01193,0.708914,0.621033,1.23388,1.23382,0.862741
111,1.375,1000180400,2.33473,3.68542,3.68539,2.577,-0.857647,2.80868,2.80868,1.96583,-1.03286,1.99839,1.99839,1.39801,-1.52046,1.76152,1.76152,1.23399
111,1.625,1000180400,2.81443,3.74603,3.74594,2.62496,-0.820611,2.65653,2.65653,1.86107,-1.06897,1.96468,1.96468,1.37408,-1.47905,1.82485,1.82485,1.2781
111,0.875,1000080160,2.27721,7.66295,3.83918,6.22741,0.34673,1.66059,1.65692,1.17741,0.606713,0.977626,0.977625,0.684794,0.682988,1.3044,1.30421,0.914612
111,1.125,1000080160,2.71836,7.63322,3.57774,5.55468,0.41437,1.61535,1.61254,1.14357,0.588889,1.0571,1.0571,0.740195,0.564867,1.15496,1.15495,0.807589
111,1.375,1000080160,4.4128,13.8739,3.78159,6.93264,0.666199,1.61627,1.61201,1.14563,0.557972,1.08187,1.08187,0.758001,0.515858,1.36863,1.36835,0.95921
111,0.125,1000260560,0.195618,1.95081,1.95081,1.36466,0.130286,1.93274,1.93274,1.35357,0.418175,1.47164,1.47164,1.03096,0.562279,1.6258,1.6258,1.1384
111,1.625,1000080160,5.49068,24.1699,4.43815,14.8033,0.0762487,1.58528,1.58374,1.1173,0.592106,0.948294,0.948293,0.664241,0.53196,1.29988,1.29977,0.911041
111,1.875,1000080160,5.32078,18.8769,3.81587,13.57,0.544506,1.61143,1.60807,1.14214,0.630436,1.11417,1.11417,0.778889,0.39073,1.48691,1.48608,1.04562
111,0.375,1000260560,0.0872383,3.55296,3.55296,2.48898,-0.193026,2.56718,2.56718,1.79712,0.257177,1.6311,1.6311,1.14014,0.55589,1.71098,1.71098,1.20092
111,0.625,1000260560,0.291469,3.61427,3.61427,2.52776,-0.583682,2.98277,2.98277,2.08933,0.0185881,1.78776,1.78776,1.25568,0.362857,1.80563,1.80563,1.26487
111,1.575,1000260560,2.01186,3.92402,3.92393,2.74951,-0.61811,3.21113,3.21113,2.25182,-0.487805,2.07769,2.07769,1.45558,-0.401786,1.90377,1.90377,1.33149
111,0.875,1000260560,0.852978,3.70814,3.70813,2.59773,-0.462996,2.9336,2.9336,2.05097,-0.231707,1.98198,1.98198,1.38768,0.0936851,1.87136,1.87136,1.31145
111,1.125,1000260560,1.13181,3.89701,3.89698,2.72754,-0.477058,3.16353,3.16353,2.21213,-0.224164,2.1969,2.1969,1.53878,-0.0186375,1.94646,1.94646,1.36647
111,1.825,1000260560,2.29614,3.91288,3.91276,2.74193,-0.774925,3.40473,3.40473,2.38329,-0.442568,2.41562,2.41562,1.6915,-0.369677,1.98297,1.98297,1.38905
-211,0.425,1000260560,-1.55932,3.54277,3.54277,2.48192,-1.89589,2.57422,2.57422,1.80118,-1.22119,1.64904,1.64904,1.15517,-0.87016,1.67164,1.67164,1.16981
111,0.925,1000060120,2.46196,7.72207,3.78462,6.01463,0.489533,1.4055,1.40509,0.985834,0.496901,0.761011,0.760821,0.531423,0.664557,1.08321,1.08321,0.757408
111,0.175,1000060120,0.39001,2.09435,2.05513,1.56944,0.505261,1.23734,1.2371,0.867169,0.557489,0.932702,0.9327,0.653413,0.572873,1.29399,1.29388,0.907099
111,0.675,1000060120,1.82404,6.18945,3.68341,5.50334,0.45241,1.28466,1.28459,0.900009,0.556788,0.801787,0.801728,0.560877,0.517952,1.16007,1.16006,0.81284
111,1.425,1000060120,4.74703,15.5287,3.92977,7.28772,0.150604,1.19667,1.19667,0.838346,0.55205,0.737116,0.736784,0.513804,0.517546,1.1468,1.1468,0.803398
-211,1.925,1000260560,0.693365,3.83227,3.83226,2.69062,-2.21318,3.06786,3.06786,2.1488,-1.82883,2.30798,2.30798,1.61629,-2.07674,2.12837,2.12837,1.49022
111,1.175,1000060120,2.94396,8.03982,3.61046,5.59777,0.566778,1.33032,1.33013,0.933062,0.588859,0.706427,0.705793,0.490988,0.276596,1.07339,1.07339,0.75199
111,1.925,1000060120,5.32404,17.1572,3.75965,7.10228,0.177553,1.46846,1.46798,1.03128,0.5,0.939107,0.939106,0.657563,0.937856,1.49182,1.48907,1.05581
111,1.675,1000060120,4.93421,14.4588,3.64301,6.54725,0.475614,1.17844,1.17843,0.825418,0.384615,0.933243,0.933242,0.653688,0.555556,1.06524,1.06524,0.745979
111,0.425,1000060120,1.19736,5.49756,3.74284,5.54551,0.543105,1.40678,1.4063,0.987868,0.561046,0.886863,0.886858,0.621113,0.538533,1.23594,1.2359,0.866068
111,0.175,1000180400,0.194513,2.32507,2.32507,1.62696,0.0707883,1.86719,1.86719,1.30799,-0.458925,1.50917,1.50917,1.05718,-0.157922,1.66334,1.66334,1.1653
111,0.675,1000180400,0.859071,3.53359,3.53359,2.47313,-0.32866,2.5838,2.5838,1.80904,-0.792271,1.75768,1.75768,1.23113,-0.847002,1.79351,1.79351,1.25645
-211,1.425,1000260560,-0.295716,3.89803,3.89801,2.73062,-2.19618,3.21653,3.21653,2.25197,-1.99773,2.16174,2.16174,1.51434,-2.01536,2.04071,2.04071,1.43113
111,1.375,1000260560,1.64525,3.9705,3.97042,2.78198,-0.728261,3.15629,3.15629,2.20944,-0.537227,2.3105,2.3105,1.61818,-0.225208,1.91828,1.91828,1.34386
-211,0.925,1000260560,-0.961301,3.76694,3.76693,2.63901,-1.83634,2.89355,2.89355,2.02518,-1.73649,2.02374,2.02374,1.41757,-1.53534,1.95062,1.95062,1.36653
-211,1.175,1000260560,-0.753213,3.92717,3.92715,2.75149,-2.18571,3.18983,3.18983,2.23049,-1.94464,2.08795,2.08795,1.46219,-1.74786,2.05103,2.05103,1.43305
111,0.425,1000180400,0.311783,3.3874,3.3874,2.37272,-0.348794,2.46265,2.46265,1.72095,-0.619325,1.61153,1.61153,1.12837,-0.419852,1.72214,1.72214,1.20643
-211,0.175,1000260560,-1.5799,2.30425,2.30399,1.60917,-1.7015,2.00737,2.00737,1.40607,-0.922565,1.46123,1.46123,1.02259,-0.636346,1.44876,1.44876,1.01356
-211,1.675,1000260560,0.176831,4.00622,4.00619,2.81199,-2.54913,3.11062,3.11061,2.17762,-2.0622,2.16495,2.16495,1.51529,-2.07865,2.18689,2.18689,1.5318
111,1.175,1000180400,1.90725,3.65563,3.65562,2.56118,-0.743714,2.75854,2.75854,1.9309,-1.12232,2.00564,2.00564,1.40459,-1.26931,1.75946,1.75946,1.23219
-211,0.675,1000260560,-1.29859,3.62385,3.62385,2.54021,-1.62579,2.95978,2.95978,2.07336,-1.49163,1.83639,1.83639,1.28638,-1.14237,1.80497,1.80497,1.26531
111,0.925,1000180400,1.37536,3.57596,3.57596,2.5004,-0.664179,2.69389,2.69389,1.88528,-0.919498,1.91655,1.91655,1.34326,-1.24368,1.68562,1.68562,1.1809
111,0.425,1000080160,0.911487,5.31609,3.75111,5.5869,0.547131,1.61899,1.61543,1.1474,0.583757,1.06377,1.06377,0.745225,0.654675,1.24059,1.24053,0.868086
111,0.675,1000080160,2.07134,8.07918,4.06643,6.97405,0.613872,1.53866,1.53657,1.08651,0.592105,1.03405,1.03405,0.724133,0.671136,1.3066,1.30642,0.914584
111,0.925,1000080160,2.8717,9.70098,3.97922,6.89228,0.557743,1.61816,1.61455,1.14755,0.626273,0.98249,0.98249,0.68798,0.500002,1.14684,1.14683,0.803269
111,1.925,1000180400,3.56385,3.8081,3.80782,2.66363,-0.880952,2.7639,2.7639,1.93225,-1.34426,1.97908,1.97908,1.38591,-1.36592,1.81356,1.81356,1.27062
111,1.675,1000080160,4.71399,15.9544,3.84611,7.38423,0.450461,1.71558,1.70941,1.22418,0.746754,1.07043,1.07042,0.749156,0.744214,1.21924,1.21917,0.854191
111,1.675,1000180400,3.01903,3.7489,3.74879,2.62687,-0.90708,2.82517,2.82517,1.97843,-1.12136,2.13433,2.13433,1.49521,-1.35347,1.8663,1.8663,1.30745
111,1.425,1000180400,2.30199,3.73864,3.73859,2.61948,-0.818302,2.79493,2.79493,1.95786,-1.28478,1.99972,1.99972,1.40065,-1.43488,1.80027,1.80027,1.2609
111,1.175,1000080160,4.06341,14.9328,4.19075,8.03227,0.518783,1.57871,1.57625,1.11598,0.512552,0.938845,0.938844,0.656697,0.41954,1.03629,1.03629,0.725956
111,0.175,1000080160,0.348568,2.14497,2.0963,1.61965,0.529897,1.40557,1.40491,0.987007,0.629005,1.11283,1.11282,0.779447,0.649524,1.31491,1.31471,0.922407
111,1.425,1000080160,3.93117,12.4582,3.811,6.89087,0.535322,1.65788,1.65322,1.17802,0.591744,0.923215,0.923213,0.645403,0.65475,1.40894,1.4083,0.98877
111,0.425,1000260560,0.20323,3.58559,3.58558,2.51042,-0.166812,2.67237,2.67237,1.86923,0.23913,1.65992,1.65992,1.16283,0.536413,1.73093,1.73093,1.21269
111,1.925,1000080160,4.99527,15.5919,3.55625,6.78598,0.66472,1.4545,1.45344,1.02384,0.5,0.973163,0.973162,0.681681,0.747645,1.47201,1.47049,1.03612
111,0.675,1000260560,0.311985,3.64552,3.64552,2.55388,-0.361767,3.02395,3.02395,2.12005,-0.00143609,1.81991,1.81991,1.27354,0.344236,1.83974,1.83974,1.2863
111,0.925,1000260560,0.834794,3.82519,3.82517,2.67578,-0.585495,2.87742,2.87742,2.01582,-0.162277,2.0073,2.0073,1.40655,0.0124004,1.81875,1.81875,1.27402
111,0.175,1000260560,0.0629727,2.49522,2.49522,1.74552,0.0996386,2.06667,2.06667,1.44758,0.371472,1.50678,1.50677,1.0549,0.603641,1.66169,1.66169,1.16414
111,1.625,1000260560,1.9741,3.9976,3.99746,2.79499,-0.954308,3.22331,3.22331,2.25467,-0.531674,2.24209,2.24209,1.5695,-0.433768,2.01137,2.01137,1.40875
111,1.175,1000260560,1.23752,3.79893,3.79891,2.65415,-0.389655,3.15649,3.15649,2.20611,-0.312968,2.09107,2.09107,1.46169,-0.0513256,1.89309,1.89309,1.32625
111,1.875,1000260560,2.40765,3.97657,3.97638,2.78465,-0.715488,3.48805,3.48805,2.43865,-0.646617,2.1437,2.1437,1.50389,-0.591938,2.00292,2.00292,1.40283
111,0.975,1000060120,2.55024,7.64221,3.72197,5.81507,0.449372,1.41102,1.41062,0.990615,0.482989,0.809928,0.809878,0.566687,0.574109,1.28115,1.28105,0.897079
111,0.225,1000060120,0.393308,2.7414,2.55357,2.30197,0.504379,1.28522,1.28514,0.899344,0.547529,0.925861,0.925859,0.648533,0.593664,1.24943,1.24936,0.875639
-211,0.475,1000260560,-1.58781,3.55945,3.55945,2.50064,-1.81655,2.63062,2.63062,1.84233,-1.24301,1.686,1.686,1.1809,-0.86662,1.68859,1.68859,1.18293
111,0.725,1000060120,1.90139,6.26226,3.67407,5.47784,0.461729,1.35984,1.35963,0.951928,0.520635,0.844359,0.844341,0.590851,0.509672,1.26671,1.26665,0.887908
111,1.475,1000060120,3.85975,9.15172,3.36317,5.25965,0.564937,1.13267,1.13267,0.794061,0.616887,0.881944,0.88194,0.617193,0.560242,1.10143,1.10143,0.77171
111,1.975,1000060120,5.14786,14.7356,3.41654,6.25294,0.425143,1.40397,1.40362,0.985578,0.558824,0.905435,0.905432,0.634212,0.634668,1.28626,1.28614,0.901631
-211,1.975,1000260560,0.886282,3.92089,3.92087,2.74665,-2.19099,3.33378,3.33378,2.33549,-2.15888,2.43325,2.43325,1.70313,-2.29209,2.11139,2.11139,1.47931
111,1.225,1000060120,3.23313,7.61421,3.35796,4.97872,0.475114,1.4118,1.41137,0.991302,0.606414,0.805001,0.804956,0.563253,0.586545,1.16115,1.16114,0.813544
111,0.725,1000080160,2.1003,6.7765,3.69785,5.68218,0.502248,1.65933,1.65485,1.17827,0.601449,1.00734,1.00734,0.705661,0.618924,1.25744,1.25736,0.880402
111,1.725,1000060120,5.36831,18.8183,4.04575,14.2495,0.368673,1.4729,1.47222,1.03511,0.851368,0.844449,0.844459,0.590556,0.62766,1.044,1.044,0.731318
111,0.475,1000060120,1.28668,5.90258,3.85119,5.93607,0.560715,1.35584,1.35558,0.950312,0.57567,0.88726,0.887256,0.621464,0.491762,1.27301,1.27294,0.892181
-211,0.975,1000260560,-0.863336,3.81935,3.81934,2.67299,-1.96161,3.0268,3.0268,2.1204,-1.7286,2.07351,2.07351,1.45261,-1.53981,1.9494,1.9494,1.36565
111,0.225,1000180400,0.108079,2.8105,2.8105,1.96394,-0.03784,2.03984,2.03984,1.4269,-0.486226,1.53361,1.53361,1.07433,-0.229399,1.67501,1.67501,1.17333
-211,1.725,1000260560,0.320908,3.91428,3.91427,2.74559,-2.3697,3.10416,3.10416,2.17356,-2.148,2.45046,2.45046,1.7136,-2.12469,2.13973,2.13973,1.50307
-211,0.225,1000260560,-1.56089,2.79112,2.79112,1.95314,-1.67789,2.1551,2.1551,1.50695,-1.02854,1.50047,1.50047,1.051,-0.720257,1.51098,1.51098,1.05856
111,1.225,1000180400,2.06561,3.76905,3.76901,2.6351,-0.584291,2.85988,2.85988,2.00314,-1.02381,2.06839,2.06839,1.44883,-1.34768,1.70911,1.70911,1.19776
111,0.475,1000180400,0.44901,3.46622,3.46622,2.42748,-0.38777,2.43565,2.43565,1.70631,-0.600067,1.64046,1.64046,1.15164,-0.443318,1.73316,1.73316,1.21776
111,0.475,1000080160,1.17446,6.11204,3.95748,6.33757,0.42696,1.68659,1.68058,1.19985,0.602619,1.05766,1.05766,0.740828,0.627334,1.34186,1.34159,0.940402
111,1.425,1000260560,1.46698,3.79849,3.79846,2.66109,-0.823699,3.20251,3.20251,2.24335,-0.252518,2.18634,2.18634,1.53007,-0.187764,1.97688,1.97688,1.38132
-211,1.225,1000260560,-0.560472,3.92008,3.92006,2.74088,-1.94918,3.02903,3.02903,2.12122,-2.05319,2.06294,2.06294,1.44486,-1.82461,2.05368,2.05368,1.4387
111,0.725,1000180400,0.949578,3.55651,3.55651,2.49154,-0.643931,2.57368,2.57368,1.80182,-0.814915,1.81157,1.81157,1.27004,-0.886352,1.80604,1.80604,1.26512
111,0.975,1000180400,1.50365,3.59311,3.5931,2.51545,-0.758475,2.72452,2.72452,1.9087,-1.01627,1.95047,1.95047,1.36643,-1.21753,1.78163,1.78163,1.24783
-211,0.725,1000260560,-1.25261,3.63054,3.63054,2.544,-1.76101,2.93474,2.93474,2.05523,-1.5033,1.94311,1.94311,1.36128,-1.25923,1.85005,1.85005,1.29936
111,1.725,1000080160,5.95705,25.1218,4.20163,13.895,0.64781,1.6683,1.66233,1.18917,0.789856,1.0508,1.0508,0.736043,0.468576,1.40274,1.40236,0.983779
111,0.975,1000080160,2.71561,8.25474,3.7265,6.02756,0.588324,1.63726,1.6303,1.16304,0.618722,0.990393,0.990393,0.693502,0.578612,1.19786,1.19783,0.839418
-211,1.475,1000260560,0.00558112,3.84623,3.84622,2.69443,-2.40184,3.16368,3.16368,2.21498,-1.88489,2.30505,2.30505,1.61404,-1.93592,2.00574,2.00574,1.40512
111,1.975,1000180400,3.73092,3.8702,3.86975,2.70839,-1.24879,2.75551,2.75551,1.92884,-1.18,2.10367,2.10367,1.47377,-1.37462,1.80521,1.80521,1.26442
111,1.725,1000180400,3.04767,3.70861,3.70851,2.5988,-1.03878,2.51488,2.51488,1.76112,-0.964865,2.16358,2.16358,1.51575,-1.45056,1.87868,1.87868,1.31591
111,1.225,1000080160,4.05497,13.5446,3.99032,7.33628,0.55023,1.53949,1.53763,1.08637,0.561033,0.997972,0.997971,0.699066,0.554058,1.16099,1.16098,0.813073
111,0.225,1000080160,0.372104,2.75838,2.56017,2.32195,0.532858,1.44908,1.44834,1.01662,0.617191,1.10479,1.10478,0.774709,0.681588,1.27711,1.27699,0.894058
111,1.475,1000080160,4.39754,14.9888,3.97162,7.49322,0.444434,1.58325,1.58099,1.11889,0.583334,0.953458,0.953457,0.667458,0.636788,1.26014,1.26005,0.883234
111,1.475,1000180400,2.61978,3.67983,3.67978,2.57436,-0.568966,2.67928,2.67928,1.87623,-1.2781,1.98972,1.98972,1.39384,-1.29397,1.88062,1.88062,1.31741
111,1.975,1000080160,7.04714,35.0793,4.39347,12.9653,0.343959,1.59562,1.59346,1.12744,0.558826,0.872347,0.87234,0.610842,0.65497,1.26317,1.26307,0.885412
111,0.475,1000260560,0.209084,3.51612,3.51612,2.46327,-0.155644,2.76655,2.76655,1.93772,0.172201,1.67895,1.67895,1.17621,0.560433,1.814,1.814,1.27351
111,1.675,1000260560,2.1118,3.88693,3.88684,2.72175,-0.723377,3.17865,3.17865,2.22263,-0.608808,2.33986,2.33986,1.63922,-0.398518,2.09514,2.09514,1.469
111,0.725,1000260560,0.507881,3.74476,3.74475,2.62354,-0.571885,3.07055,3.07055,2.15096,-0.0444504,1.90251,1.90251,1.33279,0.312894,1.85575,1.85575,1.30394
111,0.975,1000260560,0.840961,3.70896,3.70895,2.59782,-0.555242,2.85694,2.85694,2.00141,-0.199268,2.03636,2.03636,1.42596,-0.0258532,1.86681,1.86681,1.31053
111,0.225,1000260560,0.0124051,2.92319,2.92319,2.04726,0.12282,2.22485,2.22485,1.55561,0.349591,1.54556,1.54556,1.08217,0.62275,1.67552,1.67551,1.1705
111,1.225,1000260560,1.27438,3.81305,3.81303,2.67146,-0.737389,2.92337,2.92337,2.04513,-0.335937,2.16059,2.16059,1.51361,-0.25704,1.91334,1.91334,1.34015
111,1.925,1000260560,2.38985,3.93051,3.93036,2.75435,-0.652174,3.39797,3.39797,2.37989,-0.665254,2.3546,2.3546,1.64943,-0.562049,1.98625,1.98625,1.39139
111,1.025,1000060120,3.16768,9.01438,3.72727,5.98992,0.500058,1.32633,1.32618,0.929168,0.547495,0.749705,0.749462,0.522468,0.470591,1.15853,1.15853,0.81175
111,0.275,1000060120,0.682782,4.12269,3.31556,4.1173,0.512554,1.34093,1.34049,0.940198,0.548433,0.924528,0.924526,0.647604,0.545846,1.2471,1.24705,0.873899
111,0.775,1000060120,2.13513,6.70298,3.6977,5.59901,0.585218,1.37951,1.37913,0.968002,0.574522,0.81894,0.818905,0.572461,0.465667,1.13405,1.13404,0.794447
111,2.025,1000060120,6.15422,21.9088,3.8434,12.9447,0.214364,1.36773,1.36759,0.958641,0.307317,0.734397,0.734263,0.512611,0.225813,1.24648,1.24646,0.873288
-211,0.525,1000260560,-1.39461,3.5749,3.57489,2.50713,-1.76906,2.72489,2.72489,1.90859,-1.30095,1.68637,1.68637,1.18075,-0.860686,1.73047,1.73047,1.21269
111,1.275,1000060120,4.14183,14.0493,4.02349,7.46585,0.467764,1.25044,1.2504,0.876291,0.646861,0.867949,0.867943,0.60683,0.541237,1.02402,1.02402,0.7165
111,1.525,1000060120,4.9603,15.9372,3.86809,7.1646,0.669878,1.48546,1.48401,1.04495,0.438434,0.782236,0.782136,0.547256,0.630458,1.22664,1.2266,0.859516
111,0.775,1000080160,2.02204,6.78429,3.74207,5.80409,0.480799,1.64928,1.64524,1.17079,0.620468,1.01817,1.01817,0.713111,0.766095,1.28576,1.28558,0.901196
111,0.525,1000060120,1.47379,5.6972,3.69135,5.43153,0.50035,1.44407,1.44342,1.01471,0.552191,0.858332,0.85832,0.601083,0.561663,1.20853,1.2085,0.84671
-211,2.025,1000260560,0.864783,3.70913,3.70912,2.59859,-2.1449,3.09956,3.09956,2.16712,-2.16842,2.38886,2.38886,1.67047,-2.16667,2.07195,2.07195,1.45154
-211,1.025,1000260560,-0.804025,3.82712,3.82711,2.67434,-1.92398,2.97957,2.97957,2.08686,-1.77413,2.01548,2.01548,1.41081,-1.58189,2.00391,2.00391,1.40509
111,1.775,1000060120,4.74105,12.682,3.49439,6.02747,0.210814,1.7172,1.71229,1.22295,0.613638,0.884428,0.884424,0.619458,0.454546,1.10647,1.10646,0.774535
111,0.275,1000180400,0.0748568,3.22987,3.22987,2.26293,-0.106324,2.17881,2.17881,1.52438,-0.497971,1.54992,1.54992,1.08583,-0.321502,1.69754,1.69754,1.19141
-211,1.775,1000260560,0.305312,3.84571,3.8457,2.69428,-2.03179,3.26422,3.26422,2.28187,-2.00898,2.22266,2.22266,1.56046,-2.23625,2.03922,2.03922,1.4317
-211,0.275,1000260560,-1.67239,3.26368,3.26368,2.2857,-1.71996,2.30179,2.30179,1.61082,-1.05715,1.5292,1.5292,1.07127,-0.807718,1.57009,1.57009,1.09776
111,1.275,1000180400,2.21363,3.69364,3.69361,2.58445,-0.828713,2.77652,2.77652,1.94502,-1.13273,2.04618,2.04618,1.43293,-1.39157,1.83067,1.83067,1.28225
111,0.525,1000080160,1.21077,5.36439,3.65527,5.31823,0.391359,1.64748,1.64397,1.168,0.588053,1.05449,1.05449,0.738654,0.659934,1.25291,1.25283,0.877237
111,0.525,1000180400,0.614352,3.43164,3.43164,2.39934,-0.432127,2.44748,2.44748,1.7139,-0.704201,1.65789,1.65789,1.16285,-0.552293,1.75786,1.75786,1.2315
-211,1.275,1000260560,-0.398642,3.77572,3.77572,2.64518,-1.93845,3.0781,3.0781,2.15586,-1.99048,2.13214,2.13214,1.49153,-1.80775,2.04697,2.04697,1.43152
111,1.475,1000260560,1.82982,3.80857,3.80853,2.66677,-0.692623,3.11922,3.11922,2.18029,-0.382943,2.20381,2.20381,1.54312,-0.400426,1.99059,1.99059,1.39411
111,1.025,1000080160,2.86339,9.12303,3.84606,6.46448,0.386009,1.53865,1.53728,1.0824,0.592958,0.96068,0.96068,0.672356,0.604485,1.18173,1.18171,0.827622
111,1.025,1000180400,1.61843,3.84476,3.84472,2.69369,-0.680704,2.54721,2.54721,1.78063,-1.08934,1.90709,1.90709,1.33574,-1.22769,1.75947,1.75947,1.23251
-211,0.775,1000260560,-1.07094,3.8078,3.80778,2.66774,-1.75716,2.86009,2.86009,2.00368,-1.55906,1.85009,1.85009,1.29528,-1.34221,1.92298,1.92298,1.34689
111,2.025,1000180400,3.63518,3.78982,3.78954,2.65064,-1.37283,2.71382,2.71382,1.89576,-0.947059,1.85499,1.85499,1.297,-1.41018,1.85475,1.85475,1.29903
111,1.775,1000180400,3.08557,3.74073,3.74061,2.62142,-0.787554,2.71134,2.71134,1.89603,-1.12941,2.02266,2.02266,1.41671,-1.35112,1.76311,1.76311,1.23487
-211,1.525,1000260560,-0.163907,3.80799,3.80799,2.66289,-2.41724,3.28156,3.28155,2.2987,-2.09963,2.16564,2.16564,1.51697,-2.08302,1.9582,1.9582,1.37474
111,0.775,1000180400,1.11432,3.60723,3.60722,2.5267,-0.468032,2.64154,2.64154,1.84881,-0.908988,1.85011,1.85011,1.29584,-0.981639,1.74043,1.74043,1.21738
111,1.775,1000080160,5.34717,17.7153,3.72603,13.3409,0.264324,1.84844,1.83677,1.33557,0.715687,0.956149,0.956149,0.669842,0.743675,1.29289,1.29269,0.906693
111,0.275,1000080160,0.435586,3.93423,3.24823,3.93204,0.483613,1.58535,1.5829,1.11965,0.605741,1.09538,1.09537,0.767402,0.69538,1.29221,1.29204,0.905619
111,1.275,1000080160,3.46222,10.556,3.76524,6.50407,0.684281,1.52561,1.52345,1.07753,0.474843,0.983546,0.983546,0.688624,0.55756,1.17997,1.17995,0.826829
111,1.525,1000080160,5.2303,20.8074,4.18368,14.5724,0.241574,1.62807,1.62554,1.1517,0.55814,0.956075,0.956075,0.668883,0.358407,1.05377,1.05377,0.736608
111,1.525,1000180400,2.74585,3.65425,3.6542,2.56042,-0.797468,2.75003,2.75003,1.92674,-0.913428,2.09611,2.09611,1.46692,-1.39552,1.68791,1.68791,1.18094
111,2.025,1000080160,5.69052,21.989,3.80536,13.0793,0.567968,1.37645,1.3761,0.965681,0.596774,0.930757,0.930756,0.653947,0.784506,1.38248,1.38181,0.971647
111,0.525,1000260560,0.133114,3.6586,3.6586,2.56376,-0.407781,2.74155,2.74155,1.92035,0.14023,1.71503,1.71503,1.20154,0.471045,1.76574,1.76574,1.23699
111,1.725,1000260560,2.16206,3.79487,3.79482,2.65625,-0.600304,3.34368,3.34368,2.33676,-0.455307,2.19899,2.19899,1.54045,-0.341307,1.91075,1.91075,1.34058
111,0.775,1000260560,0.634872,3.81085,3.81084,2.66541,-0.401706,2.95435,2.95435,2.06924,-0.161795,1.91218,1.91218,1.34183,0.186209,1.84073,1.84073,1.28983
111,1.025,1000260560,0.898142,3.8364,3.83639,2.6877,-0.511792,3.10031,3.10031,2.16822,-0.172195,2.05962,2.05962,1.4421,-0.0792988,1.84869,1.84869,1.29509
111,0.275,1000260560,-0.136721,3.42048,3.42047,2.39646,0.0332022,2.33542,2.33542,1.63378,0.324288,1.56614,1.56614,1.09702,0.571332,1.67339,1.67339,1.17127
111,1.275,1000260560,1.26656,3.82893,3.8289,2.68197,-0.913174,3.12791,3.12791,2.18536,-0.328249,2.1119,2.1119,1.4793,-0.165488,2.01595,2.01595,1.41232
111,1.975,1000260560,2.52901,3.96861,3.96841,2.77882,-0.952001,3.5432,3.5432,2.48117,-0.479167,2.28198,2.28198,1.59859,-0.455385,2.12925,2.12925,1.4913
111,1.525,1000260560,1.84193,3.8693,3.86924,2.71004,-0.899543,3.17707,3.17707,2.22359,-0.312844,2.40128,2.40128,1.67856,-0.493464,1.96772,1.96772,1.37853
111,1.775,1000260560,2.311,3.94949,3.94934,2.7678,-1.0241,3.35666,3.35666,2.35019,-0.3,2.3905,2.3905,1.67159,-0.257381,2.01117,2.01117,1.40891
111,2.025,1000260560,2.73935,3.92741,3.9272,2.75274,-1.01986,3.2093,3.2093,2.24654,-0.359375,2.45319,2.45319,1.71586,-0.534539,2.00083,2.00082,1.4016
