probe,ke,target,meanhA,meanErrhA,stdhA,stdErrhA,meannhN,meanErrhN,stdhN,stdErrhN,meanINCL,meanErrINCL,stdINCL,stdErrINCL,meanGeant4,meanErrGeant4,stdGeant4,stdErrGeant4211,1.075,1000060120,5.21659,1.64217,1.54039,1.28327,5.86836,10.7982,4.32325,14.6583,4.28073,4.61069,2.57142,3.45676,3.54568,17.2072,4.42208,13.7757
211,0.825,1000060120,4.92635,1.38603,1.3234,1.07041,7.61696,4.97916,3.51837,6.16768,4.79762,2.77903,2.04692,2.16754,2.49833,15.8546,4.67282,13.3675
211,0.075,1000060120,2,11.9563,0.648916,0.461465,2.00001,17.5735,2.96628,2.12496,2.43472,13.4893,1.36839,2.30979,2.46193,14.7745,1.67212,2.75414
211,1.325,1000060120,5.58342,1.63459,1.57418,1.25797,8.3451,6.13886,3.61893,6.66585,3.4312,13.9819,3.39245,6.13902,2,16.6411,3.78369,3.12004
211,0.325,1000060120,4.46857,1.04571,1.02031,0.789967,4.17663,9.47474,3.38508,5.87784,3.69787,2.70728,1.60588,1.91702,3.36566,11.2138,2.78637,4.37458
211,1.825,1000060120,6.07933,1.83381,1.77141,1.42938,8.38277,4.25656,2.79299,3.92637,3.70487,3.50739,1.90064,2.40989,2,15.7316,3.12316,2.34344
211,0.575,1000060120,4.71175,1.27659,1.22049,0.984667,6.49831,5.17971,3.71919,6.86494,4.16372,3.07607,1.93944,2.24522,2.00012,17.6237,3.35092,2.53382
211,1.575,1000060120,5.86558,1.67607,1.62975,1.28223,9.14656,14.3075,7.97882,21.2336,3.42436,14.2077,3.40557,6.22839,2.00028,16.6764,4.34917,3.94544
211,1.125,1000060120,5.37111,1.57769,1.51097,1.21759,6.41886,4.43977,3.31443,5.30399,4.98934,3.0552,2.22597,2.43102,2.00003,14.7571,3.89861,3.26623
211,0.125,1000060120,2,11.9322,1.2247,0.854349,2.00024,17.9977,2.99427,2.14948,2.9402,3.06323,1.35988,1.94052,2.00571,9.13396,2.03253,1.62918
211,0.875,1000060120,4.99661,1.53213,1.43615,1.19669,6.73873,3.89105,3.10484,4.53703,4.58554,3.21682,2.15456,2.4433,3.24663,9.21315,5.41563,14.3764
211,1.375,1000060120,5.64369,1.70772,1.63559,1.32281,7.08568,6.23067,4.24047,14.7892,3.87637,11.2222,3.38887,6.10046,2,17.9917,3.7169,3.03915
211,0.375,1000060120,4.51206,1.05651,1.03195,0.797,5.57937,4.31707,2.96427,4.17135,3.79127,2.67548,1.63849,1.91946,2.00012,12.4327,3.23089,2.39017
211,1.875,1000060120,6.12608,1.691,1.65831,1.28095,10.0615,10.8928,5.01702,13.1997,2.00013,12.0072,4.90066,5.05125,2.00008,17.3889,4.33457,3.92327
211,0.625,1000060120,4.80366,1.25346,1.21116,0.957956,6.01991,10.5967,4.86465,13.993,4.17803,3.27549,2.02054,2.37994,2.0004,15.6477,3.71216,2.98712
211,1.625,1000060120,5.96519,1.66345,1.62619,1.26534,8.29137,5.13274,3.20673,5.22698,3.58264,10.5708,2.83691,4.56579,2.00026,16.0036,4.57999,4.42714
211,1.175,1000060120,5.43405,1.56912,1.51034,1.20622,6.72028,4.80326,3.47712,6.09693,4.23735,4.68619,2.58126,3.50825,3.00859,16.7717,3.30482,5.95683
211,0.925,1000060120,5.14272,1.4465,1.38985,1.11217,7.51943,6.8269,4.45084,14.6667,4.7275,3.54674,2.34232,2.74185,2.0019,17.3868,6.32472,9.02972
211,0.175,1000060120,2.00006,16.5388,1.71934,1.19732,2.00028,9.3548,3.35711,2.51685,3.192,2.85172,1.41603,1.87682,2.60658,15.5733,2.19446,3.5635
211,1.425,1000060120,5.7122,1.61891,1.5724,1.23639,7.15445,11.573,4.9277,13.5859,3.35568,13.1887,3.14074,5.38795,2,17.6668,3.05183,2.2351
211,0.425,1000060120,4.55037,1.1619,1.11873,0.890724,4.45368,10.0329,3.87181,14.0908,3.80911,2.98051,1.75302,2.10637,2.00056,14.8552,3.15636,2.316
211,1.925,1000060120,6.23179,1.76828,1.72917,1.35818,9.11046,5.69174,3.00677,4.6929,2.28679,15.7852,2.43221,4.01574,2,17.9379,3.25244,2.4036
211,0.675,1000060120,4.81205,1.35912,1.29168,1.05304,7.06915,6.54139,4.45885,14.7172,4.21636,3.57787,2.15486,2.59354,2.00001,17.0056,3.74319,3.01189
211,1.675,1000060120,6.04278,1.6995,1.66088,1.29664,6.52796,9.58411,6.23711,20.9441,2.00025,16.0776,3.79198,3.05985,2.00002,17.76,3.94911,3.39873
211,1.225,1000060120,5.39901,1.63722,1.55811,1.27002,7.98004,6.3093,3.93322,14.6584,4.28056,3.97045,2.3259,2.90319,2,11.1986,4.22467,3.8432
211,0.975,1000060120,5.09282,1.48899,1.41666,1.15323,6.92848,10.7432,6.02571,19.0135,4.83074,2.88847,2.1008,2.24861,4.72368,9.97829,3.36095,5.786
211,0.225,1000060120,3.13186,3.44053,1.60967,2.23725,2.71402,16.5428,3.43523,6.50237,3.3364,3.08205,1.57047,2.05405,3.16024,10.9927,2.40675,3.65563
211,1.475,1000060120,5.80732,1.611,1.57232,1.2196,7.67974,4.05314,3.01592,4.4028,3.88962,9.12013,2.78157,4.16753,2.00059,13.8014,4.0806,3.62757
211,0.475,1000060120,4.61842,1.16522,1.12697,0.889456,5.36882,5.86766,3.54608,6.27769,3.91729,2.94225,1.78986,2.10904,2.00011,12.4012,3.24497,2.41228
211,1.975,1000060120,6.20549,1.78873,1.74439,1.3799,11.6949,13.1338,5.7314,17.3384,3.63669,9.83983,2.7685,4.30084,2,16.1997,3.95514,3.33699
211,0.725,1000060120,4.83489,1.30017,1.24997,0.998483,6.26656,4.48587,3.27247,5.20473,4.72712,2.7692,2.01602,2.13751,2.00032,9.80004,4.61336,4.55499
211,1.725,1000060120,6.05231,1.79842,1.74147,1.39428,19.5369,9.50845,10.3173,16.8744,3.86039,9.94558,3.124,5.13789,2,17.7313,3.63776,2.99151
211,1.275,1000060120,5.48544,1.69439,1.60933,1.31774,7.08336,5.95916,4.2071,14.8991,4.4843,3.62907,2.27535,2.71915,2.00039,11.9342,4.35643,4.0936
211,1.025,1000060120,5.20792,1.61133,1.51771,1.25646,6.81794,6.11104,4.20017,14.8171,4.73627,3.74344,2.41662,2.92069,3.12558,17.4176,3.79756,13.18
211,0.275,1000060120,4.24091,1.27466,1.15777,1.00632,3.99747,9.32649,3.10265,5.02575,3.53769,2.90434,1.60363,1.99788,3.39852,10.2822,2.6054,3.92829
211,1.525,1000060120,5.82171,1.74731,1.68238,1.3524,7.14103,5.10744,3.6779,6.81383,3.28043,15.7645,3.51555,6.55716,2.00163,9.37729,3.45211,2.74202
211,0.525,1000060120,4.66839,1.19438,1.15386,0.912796,4.39044,11.1095,4.07295,14.2286,4.143,2.77347,1.81479,2.04631,2.00096,13.3948,3.48388,2.67823
211,2.025,1000060120,6.32642,1.7866,1.74958,1.37441,8.61815,5.87456,3.35728,5.71999,2.80701,13.6955,2.31295,3.66063,2.00033,17.8945,4.10238,3.55705
211,0.775,1000060120,4.93102,1.46106,1.37833,1.13715,6.7418,5.42772,3.8643,7.51778,4.68495,2.87109,2.04846,2.21367,2.00051,11.3433,4.86958,5.12084
211,1.775,1000060120,6.04723,1.73865,1.69322,1.33488,9.21124,4.69966,2.65899,3.62973,4.45273,3.85917,2.33816,2.88052,2.00005,17.8315,2.38947,1.68618
211,0.075,1000180400,2.00001,2.86647,1.06161,0.741074,2.00014,9.53983,4.82271,3.39901,3.07531,9.2508,1.75151,2.5129,2.00001,15.7894,2.16346,1.50748
211,0.325,1000180400,6.15081,2.59136,2.2957,2.06079,6.87369,11.3604,5.20394,7.4524,3.39793,13.382,3.51512,5.31755,4.44335,9.96198,3.09226,4.04024
211,0.575,1000180400,7.05073,3.31202,2.89947,2.65399,11.9052,6.43351,5.3196,7.51217,4.20159,14.2038,4.96654,7.99273,5.75972,10.6231,4.48772,5.96906
211,0.825,1000180400,8.14572,3.95876,3.51212,3.25883,12.5525,6.87068,5.36095,7.84814,6.56042,10.5145,5.54336,8.9446,9.52031,4.54193,4.14245,4.14506
211,1.075,1000180400,8.94294,4.46645,3.97469,3.91426,12.9252,13.8196,6.14617,11.1248,7.62556,11.2715,6.26333,11.5666,11.0656,5.21562,4.74955,5.49181
211,1.325,1000180400,10.1774,4.69617,4.31255,4.49121,14.8492,15.1238,6.84478,25.2645,8.12306,11.4906,6.53804,13.085,12.1729,7.24058,5.88678,9.24615
211,1.575,1000180400,10.9758,5.03653,4.53723,5.08873,16.8959,9.40295,8.3873,23.3516,5.44027,10.6769,9.78749,28.814,12.2737,13.0871,6.05254,9.95365
211,1.825,1000180400,11.6909,5.57127,4.80551,5.90425,15.273,15.4354,5.33228,9.61231,2.00143,9.3279,11.4676,30.853,12.2725,10.9876,10.5691,33.634
211,0.075,1000080160,2,11.3987,0.697417,0.489496,2.00048,17.8176,3.19124,2.34641,2.00009,14.3303,3.46033,2.67779,2.9315,9.42463,1.58195,2.31128
211,0.325,1000080160,4.70385,1.25877,1.20638,0.969042,4.8036,9.22329,3.87616,14.257,3.34922,3.37297,1.68338,2.23976,4.18746,4.05896,2.31818,2.94106
211,0.575,1000080160,5.00809,1.56929,1.46316,1.22856,7.98194,11.7903,5.1772,14.8091,3.90878,3.55419,2.00729,2.49268,2.75263,14.6988,3.7284,12.8331
211,0.825,1000080160,5.38227,1.88803,1.72773,1.49502,8.46493,12.0633,3.86624,14.3567,4.64622,2.7939,2.00132,2.14034,5.56739,5.78015,3.5454,6.38461
211,1.075,1000080160,5.85477,2.08045,1.92374,1.68089,7.92339,11.9193,4.32772,14.3416,4.65504,3.43652,2.26683,2.63001,5.13722,10.471,3.44803,6.10256
211,1.325,1000080160,6.21367,2.27249,2.09832,1.91471,8.29491,12.0583,4.09064,14.4425,4.01612,9.62569,2.67158,3.8191,2.98035,12.0701,4.34225,13.3952
211,1.575,1000080160,6.74687,2.37129,2.21424,2.08586,19.9339,17.4457,11.0445,19.4049,4.04585,9.4862,2.81354,4.15832,2.00037,10.1391,4.03538,3.50766
211,0.075,1000260560,2,2.8225,1.32715,0.927476,2.00048,11.0845,5.29304,3.79997,3.67901,3.17284,1.76506,2.19416,2.475,17.329,2.18947,3.66217
211,0.575,1000260560,8.63424,4.37201,3.86026,3.74774,13.2234,13.6771,5.78382,9.68094,6.92889,3.83978,3.1433,3.07381,6.88294,5.83262,4.14327,4.77011
211,1.075,1000260560,11.1912,5.68659,4.97635,6.29712,15.0563,15.5121,6.07148,12.0768,9.70763,4.67967,4.02718,4.22298,12.3608,5.71444,4.85454,5.95911
211,0.825,1000260560,9.90491,4.78425,4.34477,4.57509,13.7759,14.3118,5.8135,10.3024,8.66424,4.07937,3.59181,3.40508,10.5199,4.52317,4.24393,4.28537
211,1.825,1000080160,7.32504,2.50728,2.29431,2.26055,10.6016,12.1177,4.00836,12.8725,2.0016,10.9312,3.84773,3.20809,2.00017,10.6157,4.9442,5.22208
211,0.325,1000260560,7.3922,3.34159,2.98487,2.68191,7.81865,11.904,5.48627,8.16259,5.34552,3.44818,2.5182,2.65811,5.34746,4.34976,2.91661,3.27595
211,1.575,1000260560,13.1608,13.6763,5.85504,9.86713,19.9992,13.7584,7.66365,9.59915,10.3194,7.0547,5.18294,8.26102,15.0853,15.2226,6.93606,25.4289
211,1.825,1000260560,13.6536,14.5756,6.21319,11.905,17.3627,9.50336,5.96353,21.6271,9.87139,6.52559,4.68232,6.80283,17.1795,10.1777,7.52373,24.2977
211,1.325,1000260560,12.2686,7.12765,5.61491,8.69054,17.1871,14.9324,8.52633,26.1802,10.3447,5.57514,4.50878,5.61392,13.9518,14.0201,5.71809,9.15046
211,0.125,1000180400,2.00007,11.8602,2.0244,1.4144,2.0012,9.75202,5.07124,3.6108,3.59597,3.45323,1.83036,2.34964,2.00001,15.9669,2.39607,1.66958
211,0.375,1000180400,6.40085,2.78223,2.45717,2.21711,8.4582,6.18159,4.82301,5.97061,3.61669,12.7531,3.66548,5.54603,4.60976,9.99442,3.3327,4.36349
211,0.625,1000180400,7.30039,3.4646,3.04052,2.78444,12.4835,6.17795,4.97993,6.57708,4.74482,12.0787,5.13891,8.24259,6.65276,6.43648,4.36615,5.33997
211,0.875,1000180400,8.31482,3.85791,3.47862,3.17404,13.263,13.3773,5.54797,8.67596,6.6971,11.1004,5.18779,7.83653,9.97638,4.11112,3.90442,3.62545
211,1.125,1000180400,9.27567,4.28053,3.92158,3.74885,13.8253,14.8854,6.74227,25.6704,7.02285,9.59278,6.8547,25.3421,11.1065,5.25846,4.75204,5.55423
211,1.375,1000180400,10.2261,5.00827,4.52532,5.00031,15.1108,14.6179,6.95371,25.0588,7.24836,11.9447,10.6982,36.3681,11.6008,13.1039,6.49461,11.6546
211,1.625,1000180400,11.1342,4.77306,4.38602,4.66949,15.1288,15.1125,5.17959,8.96293,2.40444,10.2682,13.3618,32.7637,12.5729,13.9883,6.94221,13.6886
211,1.875,1000180400,11.9803,5.87812,4.93699,6.33658,14.959,15.0037,5.04143,8.96273,2.00169,12.4631,19.8969,41.3665,12.8016,14.3811,8.00968,26.2624
211,0.125,1000080160,2,11.7517,1.31404,0.916773,2.0001,17.815,3.36009,2.52795,2,14.8628,2.11727,1.48021,2.81784,10.9962,1.80195,2.77004
211,0.375,1000080160,4.81091,1.36887,1.29862,1.06166,5.80164,5.3357,3.46521,6.02381,3.49057,3.4069,1.76356,2.29554,3.86763,9.45841,2.57916,3.65737
211,0.625,1000080160,5.14781,1.62644,1.52073,1.27236,8.31188,6.35492,3.58544,6.89212,4.16414,3.12131,1.95586,2.27511,3.36312,15.511,3.56792,6.75521
211,1.125,1000080160,5.88849,2.09227,1.93621,1.69468,9.04874,12.3001,4.48231,13.6839,4.73497,4.77384,2.81148,3.92129,6.07696,3.8231,2.89641,3.93909
211,0.875,1000080160,5.52696,1.869,1.73704,1.47576,8.26692,6.67209,3.77052,7.55858,4.86458,2.8686,2.10286,2.24133,5.65328,5.02514,3.24179,5.24348
211,1.625,1000080160,6.88298,2.28934,2.15643,1.97573,19.9455,17.0611,8.55662,10.3361,2.09368,12.1194,3.81577,6.47729,2,15.035,4.67102,4.65618
211,1.375,1000080160,6.37367,2.16064,2.04172,1.79453,8.5468,11.8582,4.92948,14.159,4.6136,5.24795,2.96406,4.39696,2.87794,15.9954,3.92712,13.3046
211,0.125,1000260560,2,12.2399,2.61367,1.82665,2.00007,9.01493,5.63032,4.10686,4.03138,3.31358,1.98051,2.3595,2.30026,13.8753,2.57569,4.41634
211,0.625,1000260560,8.87952,4.50433,3.99161,3.94918,13.1886,13.3105,5.44459,8.52481,7.37881,3.85471,3.25034,3.11501,7.58872,6.0537,4.48325,5.3073
211,1.875,1000080160,7.27089,2.38048,2.21297,2.09067,8.682,3.97344,2.41407,3.29054,3.21194,17.319,3.8851,13.4424,2.00148,13.9802,5.25961,5.99281
211,0.375,1000260560,7.4751,3.67744,3.20119,2.96895,9.61922,5.96273,4.98582,6.36841,5.54973,3.69121,2.69158,2.85161,5.28697,5.42836,3.36548,4.07175
211,1.125,1000260560,11.376,5.75119,4.96782,6.35083,17.9553,16.5309,8.13465,22.6812,9.71389,4.62571,3.98047,4.13506,12.8187,5.70448,4.72186,5.67403
211,0.875,1000260560,10.4349,5.2276,4.69905,5.43078,14.568,15.2825,6.39602,12.8485,8.86024,3.95287,3.52134,3.27606,11.1122,4.68055,4.36204,4.55467
211,1.625,1000260560,12.9758,13.5342,5.77951,9.72835,17.256,10.2934,6.81679,22.1375,11.0604,12.8324,5.68072,9.99862,16.853,10.2283,7.85543,24.4328
211,1.875,1000260560,13.7872,14.3927,5.84186,10.5351,15.9541,15.648,5.24386,21.4141,10.1825,12.6527,5.5989,9.84248,19.9319,14.0744,11.5408,29.7332
211,0.175,1000180400,2,15.3241,2.97324,2.07228,2.03783,11.4687,5.53647,17.0208,2.78142,16.3122,2.86666,4.53741,2.46064,17.6206,2.75392,4.43325
211,0.675,1000180400,7.35788,3.62966,3.14894,2.9245,12.621,6.80979,5.33659,7.68826,5.62531,9.75929,4.87648,7.20941,7.40792,5.80447,4.30692,4.93498
211,1.175,1000180400,9.26828,4.4453,4.02162,3.95456,14.0475,14.9085,6.39166,12.3142,7.14277,11.8624,7.72058,25.5141,11.2646,5.26906,4.75336,5.54724
211,0.425,1000180400,6.59825,2.90317,2.56768,2.31546,9.63388,5.66023,4.82966,5.87272,2.95877,16.7064,4.38155,7.28946,4.2941,9.6672,3.82549,5.39976
211,0.425,1000080160,4.85995,1.38555,1.31608,1.07384,6.0516,6.30072,4.02667,14.6825,3.53585,3.45652,1.80296,2.33836,3.93712,9.64362,2.54434,3.55114
211,0.675,1000080160,5.14864,1.75885,1.60869,1.38728,7.38798,5.23997,3.61947,6.78727,4.40331,3.02833,2.01387,2.26627,2.31354,17.8428,4.58563,13.8434
211,1.175,1000080160,6.07317,2.16207,2.00917,1.77858,11.3237,13.5851,7.23554,22.5455,4.75649,4.05434,2.54199,3.20316,3.62541,15.3211,3.83978,13.567
211,1.675,1000080160,6.96027,2.21596,2.10997,1.88245,9.14225,5.83615,2.85488,4.69728,4.42578,4.99851,2.78826,3.95207,2.00022,15.0805,4.19314,3.84287
211,0.925,1000180400,8.50474,4.11709,3.6775,3.45428,13.2232,7.2013,5.27996,7.81748,6.79163,9.58936,6.24546,11.5286,10.3556,4.64568,4.31975,4.45956
211,1.925,1000180400,12.1558,6.08822,5.03336,6.65358,14.7733,13.8419,4.59808,6.94385,2.00181,9.23427,12.9575,30.9771,12.8462,13.9343,8.63409,24.7702
211,1.425,1000080160,6.51048,2.24581,2.1106,1.90566,7.82934,5.85065,3.54596,6.93555,4.00978,9.38494,3.15246,5.14266,3.29699,14.0473,4.79915,13.4582
211,0.925,1000080160,5.5483,1.84122,1.72082,1.45018,8.46476,12.2205,4.48987,14.0193,4.91732,3.19211,2.26326,2.52005,5.93818,4.08757,2.93409,4.16783
211,0.175,1000080160,2.00005,15.2005,1.80667,1.26149,2.00026,10.4344,3.86166,3.17368,2.00072,9.07336,2.02149,1.44112,3.43466,3.75739,1.87529,2.51782
211,1.425,1000180400,10.4907,4.67105,4.30868,4.48492,14.6489,14.7926,7.06905,25.3419,8.77189,12.2669,6.70223,13.3338,12.2046,7.21813,5.84452,9.13739
211,1.675,1000180400,11.132,5.35213,4.7504,5.64795,16.1269,14.8772,6.24036,23.6901,2.00383,9.0241,12.848,31.7729,14.4133,14.3352,7.89776,25.9616
211,0.175,1000260560,2,16.0267,3.69194,2.57628,3.08287,12.094,5.76605,10.1145,4.4516,3.28034,2.13264,2.41727,3.2199,11.332,2.62982,3.92081
211,0.675,1000260560,9.18017,4.37827,3.96605,3.85242,13.9222,14.1674,5.68566,9.51462,7.77481,3.92725,3.36282,3.19809,8.51232,5.16987,4.29302,4.6397
211,0.425,1000260560,7.68257,3.843,3.34233,3.12215,10.4177,6.8595,5.66472,8.65923,5.82399,3.76097,2.80229,2.92316,5.58857,5.58245,3.55821,4.25363
211,1.925,1000080160,7.44291,2.38078,2.19366,2.07149,9.81353,7.22538,3.03336,5.25573,4.4016,4.81472,2.7019,3.73149,2.00134,10.9763,4.36363,4.37701
211,1.675,1000260560,13.6605,14.5266,6.2658,11.7588,18.4572,16.364,6.64055,21.2321,10.6713,12.8719,5.91669,10.8346,16.1924,9.74194,7.82299,24.8512
211,1.925,1000260560,14.2682,14.9023,5.91337,11.0299,15.5747,14.5869,5.83036,22.6319,10.7078,13.2458,6.31891,25.4437,15.7803,10.6747,7.76418,24.6972
211,1.175,1000260560,11.6535,6.27168,5.26785,7.31333,14.7389,15.2824,6.28477,24.4673,9.88828,4.78398,4.07381,4.37126,12.9092,6.59228,5.21318,7.10657
211,0.925,1000260560,10.1321,5.07522,4.53648,5.07072,14.5308,15.261,6.31408,12.4958,9.18297,4.10302,3.65675,3.4638,11.5065,4.62812,4.29481,4.42815
211,1.375,1000260560,12.295,6.51996,5.2173,7.3434,19.4223,10.8696,9.21244,23.253,10.6954,5.44595,4.38135,5.37283,14.6166,15.1921,6.2944,11.4932
211,0.475,1000180400,6.70056,2.95258,2.61674,2.35637,10.3897,6.63405,5.59506,8.23277,3.61901,15.552,4.43115,6.98501,4.90052,9.86775,3.8961,5.20952
211,0.225,1000180400,2.00112,16.716,3.66021,2.60153,3.93714,16.6552,5.44367,9.17542,2.96427,15.8154,3.12558,4.96089,3.53693,10.0208,2.78039,4.00272
211,0.725,1000180400,7.41484,4.09999,3.42226,3.32361,12.0188,6.92556,5.59502,8.49389,5.79233,9.18191,5.36855,8.51907,8.3256,5.15483,4.236,4.55255
211,1.225,1000180400,9.52149,5.01953,4.43516,4.81701,13.7705,14.5593,6.07985,11.3587,7.0746,12.5701,7.86026,25.4519,11.2151,5.82385,5.13461,6.64397
211,0.975,1000080160,5.65329,2.04647,1.87218,1.64145,7.66322,5.74001,3.74359,7.31596,4.8249,3.34084,2.28839,2.61305,6.33628,4.63146,3.33976,5.53532
211,0.725,1000080160,5.224,1.86344,1.68694,1.47571,8.99684,12.0358,4.78215,13.265,4.60975,2.9425,2.05265,2.23791,3.55241,17.081,4.22693,13.8358
211,1.475,1000080160,6.50263,2.39247,2.20822,2.09316,13.0195,14.4589,6.2532,21.9781,3.80197,10.2351,3.11283,5.16293,2.51034,17.7447,4.82543,12.8079
211,1.975,1000180400,12.2417,6.27188,5.10566,6.92619,16.3998,15.1238,6.05763,12.1233,2.0181,17.8018,11.3656,30.1406,12.8173,14.2182,8.3339,25.749
211,0.475,1000080160,4.95564,1.46529,1.38424,1.13972,6.61416,11.2425,4.90727,13.6498,3.65415,3.60994,1.9158,2.4663,3.24852,14.5074,3.23323,5.67228
211,1.725,1000180400,11.4523,5.43846,4.77897,5.75685,15.961,14.7851,6.22652,23.6647,2.02422,12.201,14.0835,30.3129,13.2349,13.4606,8.91894,24.3802
211,0.225,1000080160,3.03923,9.80977,1.88535,2.77474,2.85792,15.1605,3.88475,13.1541,2.79387,10.8954,1.73794,2.66898,3.9772,3.39146,1.97723,2.40356
211,1.225,1000080160,6.09304,2.09161,1.96233,1.70183,7.96717,6.96221,4.08681,14.5447,4.75027,3.6403,2.37984,2.83811,2.55984,15.279,4.67507,13.0854
211,0.975,1000180400,8.52271,4.37385,3.83396,3.72879,13.8079,14.779,6.57677,12.7429,7.13359,11.0739,5.79586,9.83273,10.604,5.03221,4.60429,5.13334
211,0.725,1000260560,9.0344,4.75084,4.171,4.29007,13.8642,14.3981,5.88225,10.4158,7.93759,3.98884,3.42704,3.26414,9.12999,5.23027,4.48718,4.97411
211,0.225,1000260560,2.00085,11.6057,4.68558,3.31258,4.85944,13.1533,5.68467,9.53028,4.78252,3.31212,2.27011,2.48727,4.21074,4.94239,2.72415,3.53584
211,1.475,1000180400,10.7376,4.75025,4.3797,4.64127,17.8213,11.8145,7.7489,23.3653,2.82421,9.22093,10.8701,31.2512,12.5044,14.0894,7.2663,26.5612
211,0.475,1000260560,8.14987,3.75013,3.38099,3.06161,11.7057,7.26539,5.89054,9.5452,6.18212,3.82029,2.94612,2.99959,5.93249,5.69315,3.74091,4.4037
211,1.725,1000080160,6.85957,2.30392,2.16577,1.99463,9.33641,7.39267,3.29923,6.17313,2.90252,17.4372,3.3134,6.05491,3.75398,11.0618,3.18643,5.56667
211,1.975,1000080160,7.46555,2.59221,2.33234,2.35536,10.335,9.27083,4.74957,14.0208,4.42268,3.72016,2.27451,2.76365,2.43327,9.21496,3.52215,12.0903
211,1.725,1000260560,13.66,13.7017,5.42037,8.67266,18.5529,15.9021,7.02163,20.8539,10.5637,6.42412,4.93354,7.13648,15.3051,12.2325,7.78075,25.0262
211,1.975,1000260560,14.2092,14.5979,5.5828,9.90746,16.9443,9.39092,6.26853,21.8642,10.4815,13.2399,6.7818,25.4602,14.2703,15.0024,7.0029,25.5729
211,1.225,1000260560,11.7048,6.05779,5.10847,6.83428,18.612,9.8639,8.66149,23.7039,10.1635,4.71624,4.0593,4.31087,13.4031,7.0305,5.26563,7.4462
211,0.975,1000260560,10.6026,5.30675,4.73917,5.57003,14.9342,15.4416,6.28454,12.5579,9.32003,4.05355,3.61769,3.40378,11.7112,4.74204,4.35706,4.58394
211,1.425,1000260560,12.2702,6.44993,5.16919,7.21416,17.8144,12.1281,7.3883,22.5073,10.5652,5.57565,4.4484,5.57312,14.4084,14.7156,5.9049,10.0763
211,0.525,1000180400,6.76705,3.31938,2.84421,2.65257,11.1286,6.70894,5.65496,8.50977,3.63593,16.6288,4.81218,7.86155,5.13447,9.91515,4.20543,5.6843
211,0.275,1000180400,5.45516,3.36093,2.5173,2.59935,5.48526,9.2416,5.26178,8.07488,3.41574,11.8212,3.17057,4.69672,4.29743,9.91124,2.90655,3.79845
211,0.775,1000180400,7.8716,3.71752,3.3076,3.01952,12.2548,6.37706,5.14086,7.09288,5.99365,9.0201,5.63122,9.36045,8.95888,4.78821,4.18654,4.32112
211,1.025,1000080160,5.72668,2.16042,1.95572,1.75515,7.77278,10.3051,6.25214,21.9702,4.87437,3.48764,2.36601,2.76099,4.20263,14.5203,4.41801,13.9972
211,1.275,1000180400,9.81925,4.8514,4.36997,4.64889,16.2739,9.9703,7.98477,24.0629,8.63342,11.9612,6.87346,25.8962,11.7341,7.50257,6.19802,10.3847
211,0.775,1000080160,5.32929,1.78587,1.65328,1.40606,7.78099,6.03512,3.79828,7.58136,4.59037,3.02383,2.07871,2.29819,5.23976,10.5387,3.51035,6.34538
211,1.525,1000080160,6.7097,2.28521,2.1521,1.96814,8.8044,6.12771,3.16756,5.54254,4.3136,9.84086,2.93716,4.40941,2,13.6997,3.84143,3.25315
211,0.525,1000080160,4.9797,1.50266,1.41352,1.17142,7.36561,10.7002,6.15849,20.9313,3.8942,3.0643,1.82714,2.17726,3.15459,15.8287,3.31944,5.99214
211,2.025,1000180400,12.6161,6.10107,4.89583,6.35552,19.8808,10.0567,7.69981,13.2111,2.0001,16.4544,13.6495,33.0697,10.9567,13.3054,8.77037,25.1051
211,1.775,1000180400,11.9151,6.07484,5.10162,6.78904,15.4868,15.6464,5.99444,11.884,2.00131,13.992,15.2847,28.4998,11.7096,13.47,6.89883,13.4971
211,0.275,1000080160,4.35928,1.49469,1.30926,1.18375,3.8599,13.5546,3.91051,13.8561,3.1098,9.08801,1.73511,2.46449,4.23608,3.49755,2.12827,2.53664
211,1.275,1000080160,6.12402,2.10043,1.97206,1.71281,8.4421,5.40006,3.1562,5.2667,4.27236,9.77462,2.94841,4.41658,2,12.6196,5.30061,6.1047
211,1.775,1000080160,7.08679,2.38191,2.22257,2.10184,9.71049,6.64417,2.78553,4.75634,4.51883,4.12896,2.47857,3.14174,2.00045,9.53308,3.98226,3.42666
211,1.025,1000180400,8.78011,4.09013,3.70644,3.45316,13.097,13.3165,5.55768,8.76394,6.73585,9.88589,6.66612,25.0458,10.7866,4.54511,4.26871,4.33704
211,0.775,1000260560,9.77608,4.65615,4.2435,4.35522,14.1812,14.7021,5.91993,10.5872,8.46066,3.8922,3.44904,3.1986,9.94023,4.75285,4.34845,4.54797
211,0.525,1000260560,8.45959,4.038,3.62208,3.36736,12.1787,7.43115,5.81425,9.45102,6.53254,3.82971,3.04107,3.03746,6.23626,6.12782,4.06676,4.87782
211,2.025,1000080160,7.53592,2.42089,2.21041,2.11337,9.49714,12.4118,3.22907,6.02112,2.00127,10.4062,3.56534,2.83319,2.00426,13.4644,4.02269,3.77396
211,0.275,1000260560,6.20224,4.72203,3.37937,3.68034,6.71697,11.0477,5.42155,8.19412,5.09365,3.23718,2.34341,2.47293,5.04307,4.15281,2.71453,3.09563
211,1.525,1000180400,10.9373,5.04433,4.57623,5.13025,16.4738,12.8321,6.53582,23.7839,6.37775,10.6111,9.74195,30.3669,12.7305,14.1958,7.19171,26.4868
211,1.775,1000260560,13.6936,14.4055,5.99339,10.9541,16.838,14.5589,5.41169,21.1433,11.2494,7.48149,5.50878,9.47625,15.2826,14.9161,6.91874,25.1836
211,2.025,1000260560,15.0715,15.466,6.28431,12.6487,15.6362,15.2357,4.36545,7.98155,9.71334,9.13523,9.18491,30.7794,17.9229,10.0385,10.1879,32.7206
211,1.275,1000260560,11.9148,6.9381,5.62067,8.5937,15.9661,12.6387,6.81967,24.1587,10.3185,5.07015,4.23461,4.81255,13.6698,13.3754,5.38748,7.96724
211,1.025,1000260560,10.7541,5.26203,4.70086,5.49339,15.8087,15.5355,6.16309,12.2568,9.24634,3.92206,3.48231,3.23398,11.9517,4.99346,4.48253,4.92343
211,1.475,1000260560,12.5517,7.31781,5.60091,8.75715,16.4542,14.5504,5.92078,22.7055,10.5401,5.74806,4.51249,5.82483,15.3295,15.3323,6.81543,25.2257
-211,0.575,1000060120,4.5863,1.31909,1.23689,1.02991,6.1266,4.23262,3.12424,4.64922,4.26955,2.86478,1.89765,2.12675,2.00004,17.2025,3.51049,2.71084
-211,0.325,1000060120,4.45729,1.02672,1.00396,0.773275,4.45943,9.65,3.2599,5.39641,3.64586,2.82725,1.62566,1.97717,2.08778,17.9431,3.31684,5.17905
-211,0.075,1000060120,2.00006,12.4481,0.614998,0.447002,2.00118,16.8578,2.94343,2.11437,2.36635,14.6161,1.32737,2.28756,2.00069,10.8102,1.85381,1.33496
-211,1.075,1000060120,4.99271,1.57827,1.46724,1.23703,6.76778,4.07796,3.18658,4.86395,4.98739,2.96636,2.18654,2.36053,3.58439,17.2055,4.4875,13.8577
-211,1.575,1000060120,5.2363,2.08937,1.82451,1.667,19.9819,12.0359,12.3311,20.6715,2.01857,14.4895,4.41665,4.976,2.00007,11.8933,3.83975,3.23588
-211,0.825,1000060120,4.80314,1.41891,1.33327,1.10643,7.21254,4.48374,3.38873,5.60386,4.59619,2.93173,2.04343,2.2395,3.11048,16.8062,4.06865,13.5191
-211,1.325,1000060120,5.14029,1.93024,1.71232,1.53238,8.0231,5.21465,3.42769,5.8831,4.51958,3.50967,2.23934,2.63714,2.00002,17.8316,4.91512,5.1948
-211,0.075,1000180400,2,2.74232,0.993184,0.693542,2.00128,9.13543,4.5877,3.2348,3.16764,9.02477,1.77012,2.49446,2.03549,11.2386,2.20208,2.67654
-211,0.325,1000180400,6.08827,2.65467,2.32025,2.112,6.95126,11.4604,5.04924,6.99522,3.92443,9.655,3.2529,4.60712,4.85834,5.20525,3.09674,3.8297
-211,1.825,1000060120,5.38467,2.08877,1.85234,1.67267,11.2587,13.5607,3.47539,12.2767,4.41842,5.07939,2.82096,4.0433,2,17.0205,4.13916,3.6592
-211,0.575,1000180400,6.97861,3.41399,2.9454,2.73426,10.7945,5.53641,4.86828,5.99575,4.37183,13.1092,4.98309,7.84001,6.44974,11.2218,4.36741,5.40558
-211,0.825,1000180400,7.93548,4.13644,3.56869,3.4086,12.0524,6.50045,5.30494,7.52292,7.05464,11.5166,5.02309,7.11462,9.7512,4.6476,4.25041,4.34849
-211,1.575,1000180400,10.452,5.9341,5.15219,6.76212,16.6292,14.1867,6.23303,23.3797,2.41869,10.6656,14.033,39.6558,12.4132,13.5175,6.43051,11.6012
-211,1.075,1000180400,8.53075,5.00829,4.20096,4.44955,13.9884,14.0527,5.57016,9.06205,7.63643,11.7164,5.63069,9.39131,11.2474,4.74722,4.40134,4.65382
-211,1.325,1000180400,9.67947,5.1538,4.55073,5.07601,15.2407,15.6203,6.0279,11.4251,7.64772,10.0166,6.96169,25.6627,12.0005,6.63136,5.54233,8.01735
-211,0.575,1000080160,4.91039,1.595,1.46629,1.25478,7.44259,4.6704,3.31762,5.61179,3.87784,3.45744,1.95849,2.42147,2.00087,9.43245,4.24575,3.81634
-211,0.075,1000080160,2.00001,11.5285,0.686849,0.483445,2.00059,17.1123,3.22806,2.38411,2.0005,10.4358,1.37121,0.976818,2.17601,14.3172,1.80249,3.17925
-211,0.325,1000080160,4.6888,1.23125,1.18409,0.945079,5.15179,10.4804,3.48513,6.15935,3.27639,3.52887,1.7105,2.327,3.51135,9.84215,2.64195,3.95292
-211,1.825,1000180400,10.9452,5.81971,5.03661,6.53555,16.2119,15.8255,5.61,10.9875,4.97469,16.4417,10.7725,36.7064,11.4631,12.8713,9.64502,27.2692
-211,1.075,1000080160,5.57091,2.14611,1.92077,1.73298,9.59819,12.43,4.34249,13.7354,4.82238,3.72581,2.44345,2.94222,5.82597,10.8533,4.0648,14.6194
-211,0.825,1000080160,5.17909,2.02145,1.77309,1.60886,7.67757,4.4606,3.16398,5.0159,4.84353,2.87198,2.09767,2.23969,5.24964,5.75327,3.37331,5.81325
211,1.525,1000260560,12.7802,7.32055,5.48609,8.47085,18.5252,16.6523,7.25192,21.4756,10.9424,6.78693,5.15951,7.93717,15.0679,15.4178,6.69505,25.1758
-211,1.325,1000080160,5.73955,2.40996,2.10579,2.00776,12.686,10.9694,7.04592,22.0365,4.05319,9.42245,2.86499,4.28958,3.03957,14.8433,4.27231,13.6022
-211,0.625,1000060120,4.64257,1.31711,1.2424,1.02491,6.81264,3.50057,2.89255,3.85223,4.14749,3.46701,2.08177,2.50078,2,17.6432,3.83191,3.1495
-211,0.125,1000060120,2,11.9506,1.25415,0.874786,2,15.1441,3.03693,2.18872,2.80219,9.51364,1.39227,2.07437,2.00052,16.6162,2.0585,1.44179
-211,0.375,1000060120,4.49967,1.08216,1.052,0.821333,5.55373,4.15641,2.89354,3.93965,3.76462,2.76232,1.65897,1.96703,2.0004,11.1464,3.39586,2.57306
-211,1.625,1000060120,5.27771,1.92624,1.73506,1.52931,9.20493,12.3326,3.55271,6.74072,2.52539,17.4382,2.8023,4.88219,2.00001,16.642,4.1298,3.66343
-211,1.125,1000060120,5.05871,1.67678,1.54183,1.31959,6.83877,4.96694,3.61179,6.58524,4.60778,3.98083,2.46597,3.06787,2.00002,14.944,4.59981,4.59783
-211,1.875,1000060120,5.51045,1.96621,1.79911,1.56432,8.81691,3.32726,2.31351,2.67839,4.22011,4.17644,2.37683,3.04434,2.00004,17.6975,3.44,2.61013
-211,0.375,1000180400,6.33611,2.7095,2.40318,2.15596,8.4672,5.8126,4.63884,5.46865,3.5312,13.7081,3.8677,5.85308,5.02562,5.46571,3.28567,4.06577
-211,0.875,1000060120,4.84491,1.51741,1.40583,1.19047,6.98807,3.86744,3.08655,4.51349,4.60222,3.65803,2.33295,2.79033,4.62944,10.0014,3.19697,5.26847
-211,0.625,1000180400,7.1511,3.72722,3.15958,2.99452,11.6787,6.10593,5.15542,6.95712,5.14773,9.50994,4.89926,7.35137,7.24782,5.92038,4.31269,4.99561
-211,0.125,1000180400,2.00008,11.816,2.05125,1.43316,2.00021,9.85936,4.99895,3.53784,3.54046,3.7594,1.92351,2.53915,2.01564,10.6362,2.54725,2.93167
-211,1.375,1000060120,5.04666,1.8524,1.64975,1.46725,8.42944,3.90162,2.68483,3.49109,2.84591,17.5222,3.40895,6.38876,2.00001,14.9225,3.96953,3.31644
-211,0.875,1000180400,8.1933,4.11765,3.614,3.41887,12.3963,13.1657,5.91824,9.83585,7.42981,11.704,5.01091,7.00535,10.4749,4.49439,4.2223,4.23607
-211,1.125,1000180400,8.74742,4.7058,4.08147,4.15626,14.0217,14.8818,6.30029,12.1371,7.58086,11.6522,5.68287,9.51701,11.0856,5.24476,4.75529,5.5426
-211,1.625,1000180400,10.5452,6.0366,5.21108,6.97888,15.1657,14.822,4.95167,8.16063,5.61102,9.42848,10.3854,34.3721,12.0918,13.4428,6.62132,12.2444
-211,1.375,1000180400,9.51544,5.06193,4.4465,4.86797,15.4675,15.6835,6.18124,11.8732,8.82984,10.7759,7.99457,25.2793,12.2033,13.2268,6.30104,10.8727
-211,0.125,1000080160,2,11.9491,1.35588,0.945141,2.00001,15.9973,3.45054,2.62431,2.44218,13.7774,1.43275,2.40903,2.00195,9.12652,2.08012,1.52504
-211,0.625,1000080160,5.03484,1.58786,1.47936,1.24359,7.85816,5.16081,3.41713,5.96187,4.15708,3.21609,1.99128,2.33267,2.00024,17.8681,4.3416,3.98003
-211,0.375,1000080160,4.73266,1.31691,1.25238,1.01977,6.12903,4.88758,3.40429,5.75554,3.33091,3.63375,1.77914,2.41126,3.30857,11.7379,2.81015,4.47103
-211,1.875,1000180400,11.0676,6.65821,5.5803,8.34082,15.4173,15.2523,5.07792,8.64501,3.2441,14.3808,10.828,34.8751,11.8681,13.9325,8.10048,26.1242
-211,1.125,1000080160,5.70986,2.1765,1.96433,1.77048,9.37934,9.43925,5.63982,18.2149,4.64158,4.0947,2.50838,3.17451,5.55416,5.78296,3.52579,6.33798
-211,0.875,1000080160,5.18985,2.01261,1.7698,1.60195,7.82177,4.57891,3.11458,4.98215,4.81788,2.6231,1.98011,2.04669,6.39846,4.18298,3.11813,4.75921
-211,1.575,1000080160,6.11198,2.63564,2.30873,2.3384,11.0158,11.8653,4.17411,13.0483,2.75322,16.4251,3.53361,12.4582,3.97596,9.76944,3.16897,5.36486
-211,1.375,1000080160,5.9501,2.42306,2.15582,2.05586,7.8877,6.29429,3.72143,14.3601,4.02599,9.14701,2.96247,4.58103,3.36327,17.2717,4.17693,13.6535
-211,1.825,1000080160,6.4338,2.78961,2.45504,2.62855,9.25003,3.55388,2.04331,2.70197,2.00571,17.3931,3.91078,3.45274,2.00001,17.9013,4.11584,3.6014
-211,0.675,1000060120,4.65212,1.31855,1.24457,1.02569,6.59013,3.55468,2.89736,3.87092,4.25008,3.44281,2.11384,2.51239,2,17.9914,3.61484,2.85224
-211,0.425,1000060120,4.49495,1.08133,1.051,0.820889,5.52258,4.35196,2.95899,4.16743,3.75583,3.10437,1.77467,2.17037,2.00004,14.0008,3.31918,2.47862
-211,1.175,1000060120,4.95961,1.69227,1.53612,1.33559,7.39134,11.6673,4.6684,14.3804,4.92197,3.17117,2.25464,2.5039,3.85714,12.7376,3.66406,7.12689
-211,0.175,1000060120,2.00014,16.7145,1.75609,1.22307,2.0031,9.74471,3.4364,2.69811,3.11105,3.13515,1.47672,2.0286,2.00484,17.9291,2.45082,2.01945
-211,0.925,1000060120,4.79541,1.51252,1.39545,1.18831,6.90765,3.06775,2.64549,3.12905,4.48181,3.40148,2.18936,2.54665,3.64434,9.04175,6.00353,17.942
-211,1.675,1000060120,5.28175,1.93883,1.74411,1.5397,8.33219,3.44936,2.52011,3.04397,3.96245,3.59074,2.03685,2.53674,2.00032,12.6636,3.5387,2.74866
-211,0.175,1000180400,2,15.1849,2.95627,2.06234,3.09378,14.7092,5.20604,8.93424,3.5791,9.00147,2.43367,3.38529,3.00221,13.4492,2.68975,4.16652
-211,0.675,1000180400,7.34519,3.72454,3.20183,3.00183,12.0945,6.65512,5.42197,7.862,5.94803,10.6088,4.70221,6.60715,8.08531,5.57171,4.39208,4.95766
-211,1.425,1000060120,5.08882,2.15195,1.82757,1.71204,2.62576,14.5885,13.2782,19.824,4.36126,4.84759,2.69993,3.74275,2.00072,13.8888,4.15214,3.86215
-211,0.425,1000180400,6.53107,2.89897,2.55173,2.31201,9.1858,5.45071,4.6106,5.31482,4.11072,10.3681,3.78863,5.47066,5.03964,10.376,3.58636,4.57728
-211,0.925,1000180400,8.24312,4.4056,3.7916,3.71407,12.9358,13.2443,5.68657,8.97011,7.57483,11.7843,5.18335,7.5486,10.415,4.29546,4.07182,3.92718
-211,1.675,1000180400,10.8068,6.52823,5.50987,8.05198,16.4615,16.2258,5.19289,9.42307,2.14049,15.3529,14.7924,34.3141,12.4282,13.3631,6.20949,10.7817
-211,1.425,1000180400,9.90217,4.96086,4.45006,4.83846,15.1972,15.5375,6.24339,12.4027,7.97158,11.1524,6.66628,25.5018,12.0409,6.77131,5.57305,8.21787
-211,1.925,1000060120,5.35628,2.07215,1.838,1.65684,10.9265,13.3167,3.77207,13.0947,2.00019,15.4667,2.87478,2.04791,2,15.6696,3.40724,2.59771
-211,1.175,1000180400,9.33752,4.65988,4.17788,4.2535,14.77,15.3096,6.54447,24.9821,8.36802,12.1825,5.94849,10.2186,11.3011,5.666,5.0335,6.32806
-211,0.175,1000080160,2.00001,15.4758,1.87576,1.30718,2.01697,9.00092,3.83003,4.28948,2.72258,10.5318,1.5125,2.34564,2.55112,16.4099,2.22356,3.63081
-211,0.675,1000080160,4.9768,1.71881,1.55537,1.35765,7.8586,4.85099,3.27945,5.43812,4.40431,2.95941,1.98698,2.21901,2.0051,17.4842,4.8003,5.13346
-211,0.425,1000080160,4.79179,1.4349,1.34292,1.12104,6.37547,4.80239,3.43186,5.85853,3.56104,3.26631,1.74465,2.22407,2.77234,17.6137,3.20289,5.77244
-211,1.925,1000180400,11.5707,6.78124,5.62207,8.49063,16.5258,15.7616,5.60191,10.885,2.01485,17.3596,17.1795,30.6944,12.6187,9.40521,10.9463,36.284
-211,1.625,1000080160,6.14624,2.81618,2.41503,2.57451,9.98219,11.9772,4.40601,13.316,4.34397,4.57182,2.58407,3.45614,2.00003,9.91327,4.12295,3.72647
-211,0.925,1000080160,5.23931,2.04073,1.79588,1.62663,7.8593,4.30757,2.9779,4.50308,4.61827,3.28908,2.19496,2.50445,5.70966,10.7753,3.93307,14.4871
-211,1.175,1000080160,5.58982,2.2076,1.96222,1.79141,19.9957,13.6436,11.7231,19.9388,4.83493,3.96088,2.5423,3.17042,5.18047,10.5278,3.42735,5.99101
-211,1.425,1000080160,6.02255,2.4244,2.16878,2.06886,9.86314,12.7865,4.01567,13.7061,4.29849,4.96286,2.68897,3.79493,3.05915,16.9829,3.86906,13.2074
-211,1.875,1000080160,6.51444,2.78361,2.46243,2.63807,10.647,9.71813,4.62416,14.1591,2.49591,9.40143,4.18609,13.367,2.01613,13.6738,4.12832,4.51063
-211,0.725,1000060120,4.78841,1.29487,1.24163,0.996519,6.56993,4.10559,3.18446,4.83147,4.46338,3.04771,2.04571,2.28592,2.00188,17.9616,4.3695,4.15036
-211,0.475,1000060120,4.54972,1.19165,1.14118,0.917928,5.86776,3.91215,2.88899,3.90026,3.77977,3.30903,1.86027,2.30319,2.00014,17.9271,3.48369,2.67787
-211,1.225,1000060120,5.05505,1.70647,1.56043,1.34509,9.26237,11.7658,5.00684,13.3346,4.45748,4.66185,2.66034,3.60555,2.00014,14.4999,4.86043,5.08492
-211,0.975,1000060120,4.84267,1.50621,1.39805,1.18089,6.85796,4.24065,3.26447,5.17411,4.79487,3.01823,2.14509,2.34297,2.8326,9.30645,5.086,13.4463
-211,1.725,1000060120,5.428,2.02775,1.82426,1.61903,7.47167,3.6995,2.91312,4.0117,5.03932,2.94585,2.19994,2.34972,2.00001,17.8399,4.54819,4.36959
-211,0.225,1000060120,3.17714,3.35985,1.59799,2.19112,3.20277,14.9679,3.24172,5.71471,3.28757,3.11035,1.55664,2.05866,2.56832,17.4797,2.6328,4.31311
-211,0.225,1000180400,2.00085,9.06589,3.77959,2.7323,5.22915,9.0822,4.87709,7.14357,3.4442,10.981,2.9245,4.29831,4.04716,9.6559,2.74132,3.65503
-211,1.475,1000060120,5.19376,1.92103,1.71769,1.5244,9.39864,12.4358,3.55283,6.60246,2.20576,17.7353,3.51184,11.9481,2.00003,15.265,4.17272,3.67167
-211,0.725,1000180400,7.73295,3.68052,3.2596,2.97981,12.2895,6.64814,5.36525,7.68613,6.27801,10.9436,4.80767,6.73244,8.73103,4.79192,4.13251,4.25696
-211,0.475,1000180400,6.79677,2.99911,2.66412,2.39404,9.6486,5.6944,4.85546,5.93451,4.15315,10.982,4.04235,5.93686,5.4063,10.6029,3.88366,4.92892
-211,0.975,1000180400,8.56958,4.45449,3.89664,3.82736,12.9181,7.33635,5.45569,8.41014,7.4174,11.5545,5.71081,9.30731,10.8498,4.26898,4.07278,3.91498
-211,1.975,1000060120,5.41055,2.19509,1.91942,1.76859,11.841,13.04,3.53218,11.7665,2.00078,15.9095,3.26235,2.42243,2.00003,17.7698,3.86003,3.23981
-211,0.475,1000080160,4.87851,1.41225,1.33744,1.0966,6.49919,5.59628,3.83996,7.54725,3.6384,3.44622,1.84702,2.35629,2.30169,9.03319,3.50192,6.42996
-211,0.725,1000080160,5.12052,1.71416,1.57556,1.34967,7.71007,6.71957,4.14562,14.6151,4.47602,3.10308,2.06785,2.3331,3.21715,16.9961,4.12435,13.5586
-211,1.475,1000180400,10.1637,5.24681,4.66415,5.37617,15.4495,15.074,5.04892,8.20655,6.96192,11.4795,12.0102,42.8312,12.5445,13.3577,6.17421,10.5234
-211,0.225,1000080160,3.11069,9.36271,1.84766,2.66577,3.29495,16.7003,3.74749,13.2775,2.94651,9.37612,1.59098,2.31557,3.24529,10.2104,2.35549,3.48018
-211,1.225,1000180400,9.38662,5.01632,4.40963,4.76448,14.1747,13.9304,5.28547,8.25636,8.21585,12.0223,6.04576,10.9838,11.5171,5.65757,5.00254,6.25606
-211,1.725,1000180400,10.6266,6.54659,5.5133,8.06071,15.7355,15.6914,5.18171,9.07323,8.44932,11.728,9.06593,27.0757,11.471,13.31,6.84985,13.1439
-211,1.975,1000180400,11.8264,7.04386,5.70502,8.89973,19.9731,13.8837,7.51613,9.73169,2.00961,9.05846,14.8795,29.7895,11.0435,13.1565,9.06777,24.5185
-211,0.975,1000080160,5.34457,2.10071,1.85132,1.68204,8.64653,6.97914,3.5856,7.03585,4.45406,4.30163,2.51285,3.25953,6.12374,4.52127,3.18226,5.02761
-211,1.675,1000080160,6.40562,2.51051,2.2767,2.23736,9.3863,12.5816,3.47701,13.4459,3.6347,9.62378,2.7307,4.13158,2.00028,13.056,4.53823,4.4392
-211,1.225,1000080160,5.62921,2.38298,2.07086,1.96569,14.6154,11.6917,8.75175,16.5379,4.362,9.86424,2.98286,4.53747,4.33222,10.3643,3.73383,7.3416
-211,1.475,1000080160,5.9793,2.66261,2.30091,2.33804,9.97397,12.7782,3.97823,13.561,3.68439,11.1815,3.18665,5.43267,4.33799,9.52812,3.52913,6.54266
-211,1.925,1000080160,6.46204,2.67,2.3819,2.4625,8.68328,3.87252,2.40862,3.19573,2.0003,12.422,4.3625,3.97849,2.00006,9.48304,4.35931,3.99983
-211,0.775,1000060120,4.74203,1.37519,1.29517,1.07114,6.79619,3.45138,2.85246,3.74919,4.71517,2.82062,2.03583,2.17329,2,14.0152,4.44555,4.20143
-211,0.525,1000060120,4.61085,1.141,1.10723,0.867842,5.70791,5.12886,3.35791,5.52864,3.97205,3.10481,1.8742,2.21942,2.00042,14.9471,3.23216,2.39828
-211,1.275,1000060120,5.02959,1.84721,1.64302,1.46322,9.34401,11.3016,5.16124,14.0656,4.60007,4.9302,2.81797,3.98466,2.54525,10.5249,4.5967,13.7225
-211,0.275,1000060120,4.22246,1.23728,1.13138,0.975429,4.10955,9.22866,3.02624,4.74973,3.50885,2.87651,1.58028,1.97427,2.96164,14.2796,2.70346,4.40732
-211,1.775,1000060120,5.32811,2.03867,1.81179,1.62686,9.80398,12.7055,3.49242,6.45357,4.2336,9.91568,2.72475,3.90244,2,17.0186,2.94157,2.18459
-211,1.025,1000060120,4.90771,1.51871,1.41533,1.18904,7.72634,4.48757,3.24899,5.14751,4.86114,3.43968,2.34107,2.70596,4.60083,9.72945,3.34042,5.79833
-211,1.525,1000060120,5.20823,2.02915,1.78339,1.61596,19.9741,9.15088,10.7206,19.6476,4.51344,4.05136,2.44322,3.06476,2.00002,17.3865,3.63538,2.8703
-211,0.775,1000180400,7.85519,3.95951,3.44958,3.23717,11.7784,6.39752,5.2503,7.41889,6.05194,9.90646,5.34685,8.33562,9.17958,4.86807,4.28547,4.49578
-211,0.275,1000180400,5.63277,3.15264,2.4686,2.46946,6.21019,10.9419,4.76991,6.49279,3.71226,10.1749,3.1027,4.47859,4.75666,4.60658,2.79456,3.3686
-211,0.525,1000180400,6.92132,3.20619,2.81098,2.56536,10.2972,6.40252,5.41175,7.65012,4.54333,10.0617,4.30633,6.25289,5.7608,10.8266,4.12169,5.21775
-211,1.025,1000180400,8.40875,4.64418,3.96639,4.00097,13.9598,14.4214,5.89503,10.2852,7.22059,10.7,6.20683,11.2736,10.9164,4.5492,4.26656,4.34013
-211,2.025,1000060120,5.45607,2.09037,1.86697,1.67684,8.82113,5.15903,2.9296,4.47013,2,17.8745,4.67137,4.57636,2.37201,9.12019,3.55284,12.2403
-211,0.525,1000080160,4.88214,1.56103,1.43994,1.22668,7.03488,5.21661,3.71401,7.05395,3.67714,3.72781,1.97165,2.55066,2.03865,14.8824,3.61009,4.58522
-211,0.275,1000080160,4.36015,1.46207,1.29088,1.15764,4.46983,9.1118,3.5144,6.33688,3.24255,3.21627,1.57276,2.11327,3.7731,9.50333,2.41168,3.33146
-211,0.775,1000080160,5.1129,1.86847,1.67047,1.48084,7.92173,5.01696,3.30999,5.60544,4.48483,3.33453,2.16322,2.49854,3.54655,17.0282,4.19285,13.8264
-211,1.525,1000180400,10.0957,5.31156,4.68139,5.45272,15.555,15.7564,5.70517,10.3799,7.43804,11.3149,7.63301,25.0649,12.6713,13.5778,9.07774,24.4476
-211,1.775,1000180400,11.0679,5.95182,5.13675,6.81779,16.8467,15.4302,5.51272,10.8897,2.36247,10.5334,16.3428,40.9652,11.6571,13.7063,7.48955,26.683
-211,1.275,1000180400,9.34301,5.07997,4.4347,4.83717,15.0953,15.5405,6.27068,12.1337,8.51679,12.2253,6.24623,11.5341,11.6631,6.27993,5.36824,7.4427
-211,2.025,1000180400,11.8731,7.01711,5.66711,8.79044,15.4174,15.0226,4.93291,8.10532,3.41654,14.1657,13.3972,35.9403,14.6999,11.4968,16.0108,33.1342
-211,1.025,1000080160,5.44666,2.10985,1.87651,1.69374,8.8616,12.4181,4.06321,14.2527,4.59851,3.49412,2.26696,2.65503,6.28336,3.42808,2.67901,3.40488
-211,1.275,1000080160,5.79658,2.2803,2.04074,1.88162,9.70873,11.9046,4.55315,13.305,4.51012,4.90058,2.7767,3.89301,3.54723,16.8985,4.50412,13.5049
-211,1.725,1000080160,6.24898,2.62406,2.32449,2.35576,16.6204,10.5778,6.80892,21.7428,2.00153,15.4713,3.56679,2.8231,2.00015,17.9929,4.13501,3.75074
-211,1.525,1000080160,6.00384,2.36882,2.12599,2.00019,19.8845,11.7643,7.84721,9.59171,2.0008,16.2976,4.14427,3.61467,2.40848,16.0466,4.78224,13.9695
-211,1.975,1000080160,6.58041,2.5739,2.32949,2.34497,9.18934,6.71774,3.04802,5.51445,2.00041,10.827,3.37949,2.57404,2,17.9168,3.9594,3.37227
-211,0.075,1000260560,2,2.79259,1.37177,0.958806,2.00022,9.51673,5.11018,3.6358,3.39653,3.81544,1.88298,2.55153,2.00155,11.2068,2.27397,1.62342
-211,0.575,1000260560,8.71527,4.24551,3.79774,3.62025,12.3957,6.38876,5.08573,6.98785,6.89463,4.03507,3.23654,3.22693,6.98273,6.18202,4.34571,5.18274
-211,0.325,1000260560,7.35756,3.45494,3.04655,2.77725,8.0952,6.74079,5.00126,6.57772,5.20255,3.85958,2.64646,2.92042,5.07582,5.26483,3.20816,3.90905
-211,0.825,1000260560,9.95928,5.09076,4.55761,5.07426,13.2096,7.25342,5.19731,7.79655,8.69301,4.0577,3.58095,3.38375,10.8721,4.61832,4.32278,4.45597
-211,1.075,1000260560,10.6229,5.53085,4.85114,5.94593,15.6471,15.5369,6.19396,12.3661,9.65108,4.96878,4.2207,4.63305,12.5905,5.70949,4.79701,5.82413
-211,1.325,1000260560,12.0387,6.92368,5.56479,8.44231,15.35,15.5721,5.85149,11.9264,10.1752,5.88995,4.71814,6.17208,14.7421,15.3485,6.48372,12.1561
-211,1.575,1000260560,12.6443,13.1121,5.59567,8.95121,19.1345,11.4418,7.30589,20.8756,10.9637,5.42092,4.38293,5.37315,16.9162,12.1002,6.84047,24.3591
-211,1.825,1000260560,13.0326,13.8784,5.95645,10.779,17.4297,13.4728,4.8828,18.9961,11.6054,13.1772,5.7091,10.602,19.2296,16.7451,9.44406,24.1299
111,0.075,1000060120,2.00007,12.5223,0.624041,0.450047,2.00022,16.865,2.98645,2.14259,2.50814,11.6373,1.28821,2.10388,2.00041,14.1195,1.77442,1.24618
111,0.325,1000060120,4.43428,1.02567,1.00136,0.771278,5.38157,4.29657,2.88255,3.95418,3.67294,2.6782,1.58441,1.894,2.00185,9.20503,2.97154,2.17564
111,0.575,1000060120,4.60819,1.17637,1.13482,0.900303,6.72463,4.44007,3.36094,5.50968,4.27867,2.57962,1.78722,1.94168,2,17.8189,3.26492,2.43772
111,1.075,1000060120,5.03609,1.59062,1.48138,1.24606,7.39625,5.38932,3.78231,7.21231,4.97133,3.07261,2.23048,2.43832,2.00001,9.00821,4.45824,4.20366
111,0.825,1000060120,4.82251,1.39473,1.3185,1.08415,7.14709,3.74609,3.00439,4.25752,4.48709,3.27079,2.13939,2.45556,3.20525,16.9104,3.63881,13.0057
111,1.325,1000060120,5.29628,1.66249,1.5646,1.29761,8.76917,12.2207,3.88186,14.3712,4.5369,3.89729,2.40438,2.9551,2.00042,10.5651,4.42707,4.14013
111,1.575,1000060120,5.61824,1.78719,1.69148,1.39785,8.66492,3.39161,2.38619,2.81259,3.14916,16.1916,3.36481,6.17565,2,17.2263,3.9157,3.23826
111,0.075,1000180400,2,2.79987,0.95389,0.665897,2.00018,9.65504,4.8826,3.44839,3.13444,3.67103,1.70951,2.40857,2.00003,17.9022,2.04611,1.42474
111,1.825,1000060120,5.56929,1.81841,1.70774,1.42848,8.2961,2.82572,2.27542,2.40045,2.00174,9.16187,3.4407,2.6418,2.00004,17.5027,3.36918,2.5325
111,0.325,1000180400,6.03368,2.7207,2.34637,2.16396,7.68538,6.38654,4.67898,5.78735,3.76271,10.7157,3.35497,4.89476,3.33724,13.9525,3.47664,5.32937
111,0.575,1000180400,7.03345,3.47384,2.98845,2.78611,11.9931,6.22569,5.18692,7.04998,4.0272,16.0084,5.2675,8.78107,5.35254,9.80832,4.58321,6.38661
111,0.825,1000180400,7.88767,4.1498,3.56906,3.41415,12.5081,7.19439,5.57514,8.58524,6.81055,11.1861,5.27284,8.00604,9.21342,5.12066,4.44639,4.85702
111,1.075,1000180400,8.68311,4.68187,4.06251,4.11261,14.1108,15.0554,6.74197,25.5122,7.63152,11.4147,6.14996,11.0827,10.5584,5.1897,4.69972,5.40505
111,1.825,1000180400,11.6287,6.39029,5.36952,7.60332,15.1969,14.9251,5.04834,8.35124,4.84704,10.017,8.11472,23.6917,11.3302,11.2905,12.5736,43.835
111,1.575,1000180400,10.4872,5.31254,4.71757,5.54381,19.5368,9.16072,8.74001,23.297,8.06123,9.64824,7.32893,25.4864,12.1738,13.4425,6.53861,11.9562
111,1.325,1000180400,9.5177,5.34088,4.62215,5.29536,14.4296,14.9587,5.84748,10.7176,7.41789,10.9073,7.70778,25.5361,11.6446,6.95315,5.83279,9.01087
111,0.075,1000080160,2,12.0292,0.657866,0.466599,2.00013,16.195,3.32785,2.48413,2.01635,16.8476,1.36148,1.92912,2.25539,17.7833,1.71833,3.00008
111,0.325,1000080160,4.57223,1.30896,1.2281,1.02151,5.80798,4.72927,3.19659,5.00979,3.48766,3.03113,1.62508,2.06184,2.79671,15.817,2.71922,4.44247
111,0.575,1000080160,4.95986,1.51333,1.41847,1.18184,7.90057,5.38955,3.48381,6.25058,3.9751,3.25633,1.93373,2.31642,2.02882,15.5919,3.72004,18.0482
111,0.825,1000080160,5.21747,1.83953,1.67081,1.45516,7.90196,6.14979,3.76613,7.51171,4.46896,3.33967,2.16009,2.50041,5.63117,5.06189,3.26925,5.28512
111,1.075,1000080160,5.63378,1.99516,1.83612,1.59282,8.77083,12.3825,4.17997,14.2749,4.58568,3.74324,2.36022,2.85347,5.01931,5.65275,3.235,5.34575
111,1.325,1000080160,6.03733,2.24579,2.05672,1.8678,10.3536,11.1127,5.38822,16.6801,4.76944,5.44162,3.10539,4.79683,2.45104,16.9514,5.00042,13.8328
111,1.575,1000080160,6.38677,2.23205,2.09234,1.88154,13.9417,9.61751,6.18187,21.8857,3.79427,9.50981,2.92061,4.53592,2.00062,13.817,4.43857,4.18241
111,0.075,1000260560,2,2.84922,1.30212,0.90988,2.00171,13.0227,5.41507,4.05163,3.54449,3.50959,1.82777,2.37381,2.00015,14.0775,2.20605,1.54059
111,1.825,1000080160,6.70092,2.45818,2.26987,2.20129,10.4325,13.1665,3.54659,12.8174,2.00038,13.2273,3.5505,2.73757,2,17.9696,4.1188,3.61649
111,0.325,1000260560,7.17121,3.53843,3.056,2.84249,8.65581,6.67191,5.14955,6.92843,5.30837,3.58556,2.56504,2.73727,4.17285,9.00849,3.34028,4.61443
111,0.575,1000260560,8.38734,4.70601,4.0019,4.06504,12.7304,6.65497,5.10389,7.18278,6.9892,3.74119,3.10585,2.99939,6.2585,11.0949,4.52622,5.87109
-211,1.775,1000080160,6.38813,2.56747,2.30715,2.30812,10.9514,12.9951,3.59626,12.4051,2.00076,11.4972,4.16948,3.64858,2.00463,17.4065,5.17134,5.99171
111,0.825,1000260560,9.62381,5.0434,4.46554,4.88539,13.7358,14.2738,5.86808,10.3471,8.71711,3.95036,3.50855,3.2673,10.1793,5.11101,4.6229,5.19045
111,1.075,1000260560,10.9425,5.89338,5.10815,6.71125,15.3947,14.6027,6.64545,24.5232,9.64613,4.19686,3.73083,3.59046,12.3226,5.82061,4.93788,6.17436
-211,2.025,1000080160,6.63509,2.54811,2.32223,2.31932,13.9592,11.9987,4.30325,10.6353,4.72027,3.53969,2.33206,2.74091,2,16.3006,2.85202,2.08507
111,1.325,1000260560,12.0233,7.2592,5.78935,9.24968,17.9587,14.0676,7.61869,22.6383,10.3423,5.13481,4.24297,4.89311,14.4746,15.2323,6.89709,25.7394
-211,0.375,1000260560,7.61214,3.60838,3.18964,2.914,9.48574,5.94991,4.95851,6.27386,5.44212,4.1355,2.84912,3.14576,5.38381,5.42599,3.41533,4.08594
-211,0.125,1000260560,2,12.2756,2.664,1.86189,2.01257,15.5506,5.61051,4.98447,3.88385,3.60151,2.0165,2.50982,2.00126,12.8849,2.55671,1.80281
-211,0.625,1000260560,8.70371,4.34284,3.85446,3.72668,13.0034,7.17999,5.34591,7.99788,7.34188,3.99345,3.32043,3.22952,7.54554,6.36097,4.6269,5.66583
-211,1.125,1000260560,11.3643,6.04597,5.19206,6.96724,15.9662,14.4747,6.50344,24.1362,10.0651,4.49407,3.93054,4.00192,12.8965,6.55665,5.19861,7.05388
-211,1.375,1000260560,12.127,7.18053,5.70543,8.9654,16.1956,15.372,5.68034,22.3998,10.4635,6.39381,5.04908,7.226,13.9221,14.5856,6.22073,11.2096
-211,0.875,1000260560,10.1078,4.74241,4.33608,4.55101,13.8668,14.0337,5.51099,9.14739,8.87442,4.11845,3.63679,3.46056,11.1657,4.50356,4.2263,4.26029
111,0.125,1000060120,2,12.1445,1.24872,0.870625,2.00001,14.3684,3.08851,2.23578,2.86558,3.69936,1.39702,2.04448,2,17.8457,1.93121,1.34415
-211,1.625,1000260560,13.0388,13.8411,6.04693,10.8087,16.4142,15.3964,5.29015,21.2159,10.7961,6.84778,5.20314,8.07946,15.6043,14.2239,7.126,25.2254
111,0.375,1000060120,4.43879,1.04445,1.0173,0.790827,5.96068,3.65748,2.80314,3.61357,3.7898,2.73796,1.66087,1.95729,2.00192,10.1673,2.95684,2.15871
-211,1.875,1000260560,13.4946,14.7462,6.89305,25.6722,17.2366,13.9003,5.05817,19.7099,10.1678,7.37772,5.29602,8.78512,19.9881,9.00748,12.4732,30.7889
111,0.625,1000060120,4.69732,1.25957,1.20635,0.970216,7.03227,3.78717,3.04632,4.36969,4.53545,2.21513,1.7124,1.72203,2.00006,17.8477,3.38598,2.56078
111,0.875,1000060120,4.78839,1.47809,1.3717,1.15885,6.80615,3.75133,3.00906,4.26916,4.79468,3.51878,2.35067,2.75057,2.00016,13.1347,4.49168,4.31116
111,1.625,1000060120,5.55273,1.89526,1.75829,1.49955,8.10917,3.75678,2.73076,3.58288,3.75102,11.2903,3.31303,5.77183,2.00006,17.8134,3.07023,2.25078
111,1.875,1000060120,5.75125,1.887,1.7784,1.48883,7.79624,1.9723,1.82686,1.5453,2.39171,16.3828,2.57292,4.50116,2.00001,15.639,3.1759,2.33916
111,1.125,1000060120,5.13124,1.58036,1.4866,1.23255,7.08294,4.6224,3.4773,5.93537,4.43609,4.56996,2.61334,3.50315,2.00002,10.4623,5.06247,5.58651
111,0.125,1000180400,2,11.724,2.05778,1.43785,2.00023,9.61755,5.22102,3.73175,3.60542,3.45111,1.83381,2.35055,2,17.7856,2.23172,1.55632
111,1.375,1000060120,5.42234,1.61914,1.54715,1.25255,8.0189,4.29067,3.02442,4.43574,4.76761,3.89723,2.49346,3.07459,2.00017,9.1422,4.20694,3.73758
111,0.625,1000180400,7.22174,3.59791,3.10372,2.89156,11.5844,5.98691,5.06907,6.72357,4.76126,11.6658,5.05798,7.99303,5.92758,10.6209,4.74311,6.51843
111,0.375,1000180400,6.30878,2.74222,2.41574,2.1836,9.01857,5.41524,4.55081,5.17395,3.63508,12.7331,3.697,5.58465,3.54662,13.0613,3.64227,5.50627
111,1.125,1000180400,8.78854,4.69187,4.08651,4.15021,13.4841,14.0803,5.91022,10.4027,7.47162,11.1559,6.15217,11.1793,11.0499,5.34466,4.8403,5.74676
111,0.875,1000180400,7.92938,4.32287,3.67422,3.58349,12.2052,6.095,4.97061,6.57868,6.7351,10.8749,5.4975,8.75097,9.53181,4.77512,4.29525,4.47409
111,1.875,1000180400,11.9279,6.29685,5.22672,7.2165,16.2435,11.192,6.81906,23.7626,4.83763,15.0183,10.9477,38.657,11.533,13.6609,7.48629,26.6244
111,1.625,1000180400,10.9065,6.08628,5.27567,7.1605,15.1923,15.5534,5.692,10.6353,9.46214,12.2831,7.71923,25.793,12.006,13.8028,7.29815,26.6356
111,1.375,1000180400,9.71991,4.78007,4.30899,4.51752,16.3432,15.0806,6.25582,12.4569,9.03161,12.5051,6.52086,12.728,11.8822,7.47413,6.13322,10.1383
111,0.125,1000080160,2,11.8459,1.31826,0.919547,2.00001,15.4684,3.43797,2.61341,2.54901,11.7351,1.39932,2.25936,2.00026,13.4742,1.95526,1.36928
111,0.375,1000080160,4.6953,1.36059,1.27928,1.06057,6.5049,3.88998,3.02584,4.36152,3.50023,3.24489,1.70822,2.19577,2.55327,16.9663,2.99581,5.3246
111,0.625,1000080160,4.97544,1.62116,1.49307,1.27485,7.92989,6.59438,4.00449,14.6355,4.21396,3.03924,1.94557,2.22925,2.1846,10.8385,4.07081,13.0497
111,0.875,1000080160,5.28101,1.84065,1.6819,1.45497,7.88723,4.70846,3.16093,5.11619,4.84991,2.79427,2.06954,2.18006,5.63889,5.37893,3.38734,5.79579
111,1.125,1000080160,5.7374,2.13892,1.94435,1.73474,8.292,12.0821,4.13625,14.4109,5.12397,2.49043,2.00702,1.99021,4.4733,9.71464,3.73181,7.31116
111,1.375,1000080160,6.11777,2.38905,2.16164,2.04186,13.1028,12.8818,8.28906,15.457,4.40457,4.35495,2.51713,3.28513,2.00004,11.1772,6.21409,8.66762
111,0.125,1000260560,2.00002,12.0743,2.54241,1.77666,2.01418,10.7556,5.58202,4.70848,3.9672,3.43766,2.00206,2.42446,2.00048,16.6387,2.41197,1.68329
111,1.625,1000080160,6.3928,2.5832,2.31984,2.33148,11.3153,12.1723,3.81158,12.3659,4.62163,3.47187,2.26266,2.63883,2.00007,9.0046,5.42634,6.58528
111,1.875,1000080160,6.82947,2.40303,2.23538,2.12971,10.223,12.9795,3.20665,6.11824,2,17.2424,3.15773,2.30311,2.00011,16.3625,4.32858,3.98405
111,0.375,1000260560,7.57665,3.40268,3.05756,2.73509,9.91652,5.56573,4.79642,5.80366,5.60351,3.6229,2.68165,2.79863,4.45345,9.41232,3.53815,4.80604
111,0.625,1000260560,8.69868,4.6283,4.02967,4.05131,13.5899,13.5255,5.36935,8.36515,7.28154,3.86393,3.23778,3.11534,6.79932,11.3967,4.66431,5.99199
111,1.575,1000260560,12.7504,7.21983,5.36907,8.24083,19.9864,10.2038,7.97821,10.4701,10.7217,6.78135,5.18539,7.96164,15.6875,11.7522,7.75649,25.143
111,0.875,1000260560,9.95203,5.06669,4.53266,5.02634,14.2246,14.6629,5.79565,10.2506,8.84302,4.08424,3.61143,3.42111,10.6898,4.63123,4.32561,4.4661
111,1.125,1000260560,11.0815,5.88543,5.09724,6.68734,15.7177,15.708,5.88355,11.5855,9.92031,4.71832,4.04218,4.28667,12.5048,6.30463,5.17839,6.93173
111,1.825,1000260560,13.1648,13.8025,5.7949,10.1168,15.5072,15.1165,4.47436,7.96665,10.7857,13.3773,7.26851,25.5352,16.3252,10.1146,9.10571,25.7552
-211,0.425,1000260560,8.03373,3.69865,3.32634,3.00834,10.1766,5.98708,5.10132,6.70725,5.82095,3.93846,2.8888,3.05866,5.49317,5.89056,3.69162,4.50328
111,1.375,1000260560,12.6343,7.14113,5.47419,8.29475,16.6296,11.5908,6.47397,23.2957,10.6028,5.90538,4.66604,6.18349,15.3154,14.199,7.49117,25.6915
-211,0.675,1000260560,9.30788,4.76085,4.23393,4.38427,12.8218,6.95968,5.23077,7.68451,7.77807,3.91107,3.35911,3.18607,8.48217,5.72458,4.60333,5.35347
111,0.175,1000060120,2.00003,16.3331,1.70677,1.18837,2.00239,11.7729,3.52173,2.78978,3.18287,3.01649,1.47017,1.97331,2.00044,16.8238,2.21557,1.54938
111,0.425,1000060120,4.47681,1.13862,1.0943,0.874495,5.85045,4.58757,3.18561,4.88311,3.94515,2.58594,1.66854,1.89492,2.00005,16.2485,2.98023,2.1382
111,0.675,1000060120,4.62683,1.35029,1.26357,1.05498,7.00742,5.01361,3.6539,6.72028,4.55888,2.60663,1.89138,1.99477,2.00001,16.3421,3.84755,3.17784
-211,1.675,1000260560,13.4739,14.4836,6.41043,12.33,19.0901,14.3745,6.16042,20.1706,10.6701,12.9375,6.05391,11.2855,19.9829,17.0833,10.3668,15.0154
-211,1.425,1000260560,12.5205,7.29379,5.60741,8.74807,19.9354,9.71399,7.79804,12.4146,10.7088,6.56013,5.16367,7.61396,14.5335,15.0008,6.07263,10.7828
-211,1.925,1000260560,14.0004,14.9976,6.53855,25.2269,15.6641,14.9964,4.22932,7.52151,10.8657,13.2082,6.37757,12.8689,19.1739,13.0878,10.2008,31.0679
-211,0.925,1000260560,10.8017,4.61435,4.291,4.42405,14.3492,15.0068,6.02367,11.2814,9.133,3.99354,3.56972,3.33041,11.6031,4.64172,4.30254,4.44481
-211,1.175,1000260560,11.5046,6.12788,5.18548,7.05752,15.3823,15.5395,5.98017,12.1776,9.80612,4.95297,4.22554,4.64192,12.8385,6.48576,5.1477,6.94864
-211,0.175,1000260560,2,16.1792,3.74653,2.61303,3.0212,9.784,5.86244,10.6532,4.29745,3.55816,2.18441,2.56819,2.70939,17.0209,2.85747,4.58655
111,0.925,1000060120,4.88333,1.53844,1.42522,1.20741,6.78564,3.67054,2.94829,4.10051,4.92385,2.76395,2.07329,2.17251,2.39126,15.2169,4.84834,13.1472
111,1.175,1000060120,5.1041,1.72408,1.57935,1.35876,6.96767,3.5783,2.92014,3.97948,4.86035,3.62499,2.42133,2.87896,2.00001,16.0189,5.29441,6.16853
111,1.425,1000060120,5.42557,1.65481,1.57346,1.28526,7.57144,11.723,4.51715,14.554,4.79204,2.7139,2.01201,2.11212,2,14.2958,4.20227,3.68761
111,1.675,1000060120,5.62501,1.66828,1.60386,1.28706,10.8239,12.6734,6.61745,22.8893,4.63313,3.7387,2.37784,2.86978,2.00005,17.3672,4.21084,3.84173
111,1.925,1000060120,5.77381,1.87562,1.77308,1.47742,8.84207,4.19906,2.5621,3.44916,3.50471,11.992,3.07991,5.25653,3.6772,4.07898,2.09089,2.80767
111,0.175,1000180400,2.00011,14.9177,2.86693,2.00223,3.18878,16.0538,5.2187,8.78862,3.03824,13.6629,2.80859,4.35022,2.00095,12.6023,2.73909,1.92371
111,0.675,1000180400,7.29923,4.15215,3.42201,3.35633,12.312,6.99228,5.55824,8.39254,5.47758,9.15337,5.15576,7.93998,7.24226,6.19554,4.46201,5.32353
111,0.425,1000180400,6.52729,3.01436,2.61943,2.40402,9.71086,5.3244,4.63638,5.33644,3.76627,13.0605,4.01652,6.0817,3.56221,14.2263,3.97254,6.09144
111,1.175,1000180400,8.94322,4.83991,4.20572,4.37601,14.6372,14.8253,7.26208,25.6638,8.47558,11.9448,6.75705,13.4949,11.1884,5.89395,5.18298,6.79439
111,0.425,1000080160,4.77848,1.32356,1.26207,1.02293,7.04395,4.62774,3.42689,5.86231,3.62944,3.19011,1.74844,2.19349,2.45069,14.1844,3.12062,5.60873
111,0.925,1000180400,8.14609,4.30642,3.71466,3.59646,13.7722,14.1639,5.88602,10.0016,7.0755,10.7937,5.98554,10.373,10.0955,4.71284,4.33946,4.52196
111,0.675,1000080160,5.10032,1.68277,1.55191,1.32341,8.43643,12.0893,4.80469,13.3165,4.42342,2.68038,1.88158,2.02852,2.00136,15.4393,4.28548,3.89939
111,1.925,1000180400,11.9864,6.698,5.47041,8.02618,16.0626,16.0237,5.28184,9.60996,2.00059,17.9568,12.7542,32.4891,11.1696,13.5348,7.6422,26.6478
111,0.175,1000080160,2.00001,15.9835,1.85849,1.29422,2.18793,13.4894,3.85119,12.6362,2.84655,9.52832,1.47187,2.18326,2.21938,12.79,2.21617,3.86456
111,1.675,1000180400,10.9441,5.24142,4.65964,5.43378,15.6924,15.6775,5.3107,9.2542,5.63781,11.9613,10.9877,38.2898,10.6719,13.0458,8.91432,24.8027
111,1.425,1000180400,9.67201,5.52761,4.75169,5.65227,14.7961,15.3866,6.41845,12.742,8.77663,11.8909,7.13495,25.9443,11.4547,6.46887,5.49238,7.88842
111,1.175,1000080160,5.80218,2.29139,2.05053,1.89429,8.48492,6.73514,3.6345,7.09811,4.22501,4.42557,2.47267,3.2585,2.81689,9.07478,4.39207,13.2793
111,0.925,1000080160,5.33633,2.02547,1.80504,1.61554,7.96368,4.7491,3.16161,5.10234,4.70979,3.64177,2.36812,2.82201,5.33941,10.328,3.92698,14.4378
111,1.425,1000080160,6.13656,2.47948,2.2227,2.15464,16.0174,9.12893,9.29385,17.0202,5.27335,3.10919,2.34098,2.57293,2.00108,14.7633,4.68569,4.71701
111,1.675,1000080160,6.49064,2.74343,2.4294,2.57292,9.7128,12.8518,3.47198,13.1084,2.00317,12.6098,3.58771,2.90692,2.00003,9.23622,4.92769,5.25321
111,0.175,1000260560,2.00004,15.5107,3.60076,2.51178,3.57972,16.6352,5.7178,10.0124,4.48355,3.21801,2.12379,2.37905,2.00076,17.407,2.89614,2.06527
111,0.675,1000260560,8.92514,4.71098,4.12128,4.21118,13.8279,14.4267,5.99534,10.7091,7.64459,4.02273,3.39254,3.27454,7.70685,6.37934,4.69625,5.79383
111,0.425,1000260560,7.6666,3.85287,3.34447,3.12954,10.8287,6.00902,5.1617,6.91709,5.85791,3.77022,2.81933,2.93266,4.70678,9.71263,3.72049,4.99197
111,1.925,1000080160,7.12938,2.51087,2.30908,2.2811,9.33946,6.2773,2.93868,4.9034,3.91544,11.8198,3.64337,6.84297,2.00005,17.8781,3.93671,3.39193
111,1.625,1000260560,13.2527,14.0937,6.15272,11.1884,19.6075,10.0964,7.34499,22.0527,11.2899,6.07652,4.70389,6.44496,17.3985,15.7584,9.27136,25.8546
111,0.925,1000260560,10.2135,5.49045,4.83343,5.82105,14.1896,14.8633,6.01854,11.2141,9.05863,4.26388,3.71939,3.62955,11.2313,5.01688,4.58665,5.10839
111,1.175,1000260560,11.2405,5.76129,4.97079,6.37856,16.8891,10.7977,6.65783,23.6188,9.84634,4.53428,3.91488,4.01908,12.6231,6.84446,5.45467,7.87936
111,1.875,1000260560,14.6753,15.316,6.47143,24.9285,16.571,13.4369,5.71512,21.8764,10.479,12.8606,5.85117,10.821,19.807,16.4256,12.2073,25.436
-211,0.475,1000260560,8.24743,3.66578,3.34394,2.98464,10.8554,6.17738,5.29074,7.29377,6.05931,4.16769,3.06608,3.25277,5.73696,6.0096,3.83854,4.65408
111,0.975,1000060120,4.97181,1.53664,1.43607,1.2019,7.20106,3.55861,2.91629,3.93873,4.70211,3.36582,2.25955,2.58675,3.57449,16.8523,4.19798,13.8975
111,0.225,1000060120,3.09968,3.40107,1.57842,2.2036,3.63145,11.0809,3.10525,5.1768,3.43762,2.75715,1.50482,1.88599,2.00564,12.2261,2.68601,2.11472
111,1.475,1000060120,5.34011,1.82696,1.68197,1.44223,8.1557,5.25693,3.40013,5.73813,3.93125,9.15684,2.95562,4.62161,2.00012,17.9931,3.88206,3.22811
111,0.725,1000060120,4.73829,1.34889,1.2761,1.04791,6.74116,5.18876,3.73303,7.02415,4.59395,2.86039,2.01467,2.18249,2.00004,17.9994,3.66383,2.91251
-211,1.975,1000260560,13.3842,14.5306,6.42292,12.821,19.1892,9.8332,6.8104,20.419,10.3505,12.9068,7.74191,24.9502,19.9976,9.03136,9.61453,12.595
111,1.975,1000060120,5.8975,1.88317,1.79198,1.48241,10.5038,13.2465,3.56263,6.88474,2.93156,14.3074,4.12367,13.4749,2,16.1611,3.56743,2.79016
111,1.225,1000060120,5.26738,1.5639,1.49023,1.21077,7.39522,3.69884,2.96562,4.09919,4.9607,3.24616,2.30154,2.58121,2.00951,9.011,4.78124,5.4027
111,0.475,1000060120,4.56691,1.13927,1.10246,0.869162,5.95069,4.75945,3.30292,5.28878,3.87993,2.98636,1.79064,2.12869,2.00051,17.944,3.00465,2.16821
-211,0.975,1000260560,10.345,5.35468,4.74597,5.60556,14.5249,15.0165,5.76722,10.5536,9.32756,4.57909,3.95693,4.05075,12.0271,4.65026,4.25452,4.37942
111,0.225,1000180400,2.00018,10.7813,3.66154,2.55635,5.07983,9.97555,5.01946,7.58644,3.17237,14.0064,3.14602,4.8719,2.70241,17.4863,3.04147,4.91837
111,0.725,1000080160,5.13346,1.76529,1.61028,1.39329,8.14798,5.58794,3.417,6.07869,4.5273,2.92665,2.01577,2.21833,2.5768,11.6838,4.38773,13.1034
111,1.725,1000060120,5.61474,1.70636,1.63171,1.32284,9.97447,12.404,4.47889,13.8823,3.7474,9.6062,2.88054,4.46353,2.00032,14.3909,4.03496,3.42689
-211,1.225,1000260560,12.0419,6.8433,5.5569,8.31939,15.4143,15.5602,5.86382,12.0017,10.2481,4.58813,3.96981,4.12474,13.4052,7.06957,5.29499,7.5408
-211,1.725,1000260560,13.1243,13.7828,5.87424,10.2399,19.3669,9.10372,6.11136,20.0686,10.0346,6.84278,4.99914,7.64333,17.2552,13.9108,8.95911,25.2079
111,1.425,1000260560,12.6537,13.3733,5.98492,10.0758,15.4384,15.71,5.31173,10.3461,10.2707,5.55454,4.43191,5.50278,13.8992,14.8465,6.67703,12.887
111,0.475,1000180400,6.66615,3.0366,2.65977,2.42503,10.3707,5.31114,4.71002,5.52013,4.01914,11.8077,4.08398,6.08171,3.89552,12.682,4.16606,6.2311
-211,0.225,1000260560,2.00166,16.6496,4.6936,3.37919,5.6872,9.44227,5.21394,7.86338,4.67601,3.51554,2.31243,2.60803,4.12302,9.71056,2.81914,3.74315
111,0.475,1000080160,4.79348,1.45732,1.35839,1.14064,7.0518,3.91579,3.06378,4.53555,3.75771,3.16864,1.79883,2.21051,2.0003,16.7872,3.30027,2.47607
111,0.725,1000180400,7.42746,3.72042,3.2154,3.00322,11.7556,6.14253,5.13595,6.96102,6.00126,10.3747,4.97128,7.30029,7.80815,5.95284,4.5152,5.28856
-211,1.475,1000260560,12.5205,6.92183,5.34504,7.90839,19.6658,17.8314,8.24176,22.4375,10.5911,5.47955,4.33664,5.35719,16.2816,9.64806,7.82215,24.8948
-211,0.725,1000260560,9.50337,4.73932,4.25245,4.40531,13.1484,13.5492,5.69679,9.39318,8.08213,4.05169,3.48876,3.33326,9.36527,5.0925,4.46166,4.87579
111,0.975,1000180400,8.43462,4.66738,3.98791,4.0324,13.6846,13.5518,5.40735,8.31904,7.66954,11.8269,5.18874,7.60887,10.0195,5.16909,4.63503,5.23637
111,1.225,1000180400,9.4882,4.79754,4.29217,4.48244,13.9144,14.3169,5.83443,10.0645,7.5285,11.0236,6.28956,11.7779,11.3082,6.10597,5.31876,7.22144
111,0.975,1000080160,5.27749,2.04211,1.80367,1.62861,8.08908,6.07849,3.58201,6.91679,4.7579,3.51418,2.34028,2.7273,6.18006,4.22704,3.10933,4.66067
111,1.725,1000080160,6.54834,2.40515,2.21616,2.11147,19.932,17.9067,7.33035,8.39177,3.26119,17.1365,3.80177,13.3136,2.00022,15.41,5.44702,6.51231
111,1.975,1000180400,11.4924,6.09458,5.11427,6.93121,16.3259,13.3365,6.5544,23.8672,2.03097,12.3778,14.8321,27.482,11.2886,12.7403,13.5126,41.25
111,1.725,1000180400,10.9434,5.81716,5.03455,6.52953,15.1683,15.4961,6.11289,12.3901,5.05136,9.70694,16.9933,32.1387,12.0291,13.8913,7.45518,26.6368
111,1.225,1000080160,5.82952,2.2742,2.04285,1.87862,9.758,12.5055,4.29378,13.7619,4.75471,4.00262,2.53776,3.16632,3.26021,17.3411,3.92868,13.4705
111,1.475,1000080160,6.25006,2.56639,2.29409,2.28466,9.94895,12.1334,4.3517,13.3997,4.59104,4.23101,2.5297,3.26154,3.91965,14.8565,4.14955,13.9699
111,0.225,1000080160,2.88976,10.7328,1.92991,2.89617,3.91405,11.2723,3.49189,6.39242,3.10873,3.33046,1.55157,2.15723,3.01519,11.2393,2.21932,3.37928
111,1.475,1000180400,10.1238,5.02624,4.51657,4.99347,17.6445,11.6638,7.86723,23.0606,8.73046,9.49799,8.42936,24.3785,11.5185,13.6701,7.65453,26.7556
111,1.975,1000080160,6.9509,2.50783,2.30849,2.27983,10.0063,12.9816,3.73028,13.4375,4.27562,4.50494,2.50802,3.35325,2,17.5926,3.98635,3.40919
111,0.475,1000260560,7.9612,4.06028,3.5308,3.33931,11.6761,6.64617,5.49409,8.10107,6.15382,3.85302,2.94994,3.02153,5.11302,10.1283,4.00083,5.29446
111,0.725,1000260560,9.16384,4.77925,4.21696,4.36618,13.6001,13.9276,5.69997,9.54791,8.07182,3.92612,3.41271,3.21489,8.73539,5.4948,4.53946,5.15618
111,1.675,1000260560,13.4875,14.3454,6.1762,11.4965,14.8542,15.4189,5.30858,11.0097,10.9426,7.2342,5.48922,9.01075,15.6344,12.4484,7.5751,25.2056
111,0.975,1000260560,10.6591,5.52867,4.86776,5.97685,14.6635,15.3288,6.22421,12.2707,9.25936,4.24608,3.74007,3.62992,11.7045,4.83489,4.41432,4.72794
111,0.225,1000260560,2.00082,12.516,4.67056,3.30153,6.11102,10.5444,5.06333,7.31786,4.83558,3.1955,2.24,2.41759,2.98066,15.6221,3.118,4.93256
111,1.225,1000260560,11.5271,6.51644,5.42102,7.86428,15.9195,13.682,6.66504,24.2322,10.0833,4.8783,4.11987,4.5226,12.9119,7.19953,5.55137,8.31887
111,1.925,1000260560,14.5371,15.1094,6.75889,25.1488,15.5807,15.7501,5.18708,10.7545,10.9006,12.9777,5.87299,10.9527,15.7732,9.45066,8.32134,23.9813
111,1.025,1000060120,4.97048,1.4951,1.40711,1.16516,7.60891,3.74909,2.93728,4.03399,5.0669,3.96483,2.63072,3.31789,3.80778,10.0588,3.06286,5.0491
111,0.275,1000060120,4.20017,1.1876,1.09619,0.933843,4.6528,5.17923,2.94375,4.33429,3.54589,2.80463,1.57217,1.94042,2.09252,11.4873,2.86972,4.54307
111,0.775,1000060120,4.82107,1.34398,1.28153,1.03875,7.43647,4.29224,3.25371,5.10305,4.55103,3.16254,2.12376,2.38855,2,15.6675,4.15416,3.64143
-211,0.525,1000260560,8.40986,4.14512,3.67486,3.47353,11.2483,6.38772,5.35789,7.65455,6.50132,3.97218,3.10599,3.14227,6.20081,6.20736,4.09627,4.94945
111,2.025,1000060120,5.8186,1.92479,1.81286,1.52425,10.0014,12.842,4.17124,13.9792,2.11182,16.3836,3.24471,5.18368,2.00035,15.3497,3.36778,2.56455
111,1.525,1000060120,5.39725,1.84225,1.70102,1.45387,7.82974,4.00351,2.94595,4.17984,3.06568,11.3837,2.33996,3.5756,2.00067,13.5328,4.41151,4.06384
-211,2.025,1000260560,14.3084,15.0909,6.70475,25.215,18.1041,12.2619,6.31687,20.6,11.1157,13.3082,6.37055,12.9248,19.926,15.7647,12.7134,29.5344
111,1.275,1000060120,5.26387,1.76851,1.63232,1.39264,7.24718,4.46432,3.37511,5.56748,4.87935,4.01514,2.5788,3.24648,2.80832,12.2404,4.07358,13.3148
111,0.775,1000080160,5.24672,1.78683,1.64178,1.40903,8.18484,5.66367,3.44553,6.14682,4.59416,2.76408,1.97269,2.10959,4.99196,4.87603,2.92342,4.25165
111,1.775,1000060120,5.69951,1.9087,1.78715,1.5106,7.91246,2.49854,2.12161,2.1028,4.18738,4.60667,2.53159,3.41298,2.00007,18,3.22479,2.36986
111,0.525,1000060120,4.61112,1.13744,1.10419,0.861712,6.43497,4.95909,3.56289,6.30763,4.10785,2.71346,1.77867,2.00033,2,17.5762,3.11126,2.26516
-211,1.025,1000260560,10.6732,5.60625,4.94505,6.15476,16.6072,10.0719,7.65896,23.9722,9.67592,4.12619,3.68237,3.50398,12.3266,5.54128,4.75106,5.66428
111,0.275,1000180400,5.48934,3.23672,2.46756,2.5159,6.50543,11.1992,4.80765,6.48336,3.2124,14.8259,3.41074,5.33204,3.51052,11.0894,3.07938,4.507
-211,1.775,1000260560,13.5812,14.5096,6.30362,11.9825,19.0662,9.46565,6.45723,19.4031,10.3434,12.7104,5.73177,10.1641,18.0069,16.9985,8.71482,23.6637
-211,0.275,1000260560,6.63484,3.96171,3.14437,3.14675,6.96506,11.4549,5.11475,7.19825,4.95943,3.66356,2.48151,2.74755,4.96967,4.46477,2.82154,3.29954
111,1.275,1000180400,9.75793,4.81889,4.35011,4.59262,14.7212,15.2227,6.04663,11.0164,8.20814,11.8273,6.40357,12.2759,11.5869,7.0465,5.89661,9.2594
111,0.525,1000180400,6.83064,3.42684,2.91565,2.74271,11.4392,6.13813,5.26495,7.17929,3.19981,15.8256,5.14276,8.86111,4.70932,9.3671,4.30783,6.09139
111,0.525,1000080160,4.8823,1.49004,1.39252,1.16498,7.17646,5.46997,3.78879,7.43382,3.85803,3.18909,1.86011,2.2472,2.0001,11.601,3.5645,2.76687
111,1.475,1000260560,12.1986,7.23739,5.63786,8.92482,18.9989,12.3437,6.91069,21.5748,10.0524,6.2926,4.84705,6.75823,14.923,14.4624,7.44569,25.6683
-211,1.275,1000260560,12.0429,7.30444,5.8391,9.35547,17.0033,11.4337,6.29989,22.9657,10.2899,4.77845,4.08202,4.39617,13.5373,13.3255,5.44699,8.08767
111,1.025,1000080160,5.49189,2.02263,1.82986,1.61637,11.4503,9.57532,6.32326,22.591,4.85726,3.62902,2.4204,2.87726,4.56144,10.7976,4.11849,14.2424
111,1.025,1000180400,8.68162,4.3328,3.84606,3.71077,14.7114,14.8354,7.22389,25.61,7.54388,11.515,5.91378,10.1777,10.7111,5.12177,4.67721,5.30802
111,1.775,1000080160,6.68213,2.30201,2.15811,1.98599,8.9251,3.10862,2.12384,2.4462,3.17011,17.3605,3.99052,13.5252,2,17.7742,3.68027,3.08101
-211,1.525,1000260560,13.5408,14.4527,6.34557,11.9263,16.49,12.4376,6.01374,22.3577,10.7351,5.73166,4.50808,5.82035,15.6635,14.4324,7.08649,25.246
-211,0.775,1000260560,9.60336,4.5059,4.11627,4.10394,13.3164,7.27692,5.2149,7.80684,8.37948,4.19478,3.62023,3.49887,10.0901,4.93341,4.48929,4.87059
111,0.775,1000180400,7.73734,4.04272,3.47336,3.30402,12.5285,13.0876,5.78877,9.27823,6.54966,11.0496,5.07397,7.41101,8.49652,5.758,4.61822,5.41497
111,2.025,1000180400,12.2827,6.80214,5.40051,7.95006,14.5579,13.7074,4.42554,6.89427,2.00826,13.0325,14.7376,30.2794,11.5193,13.2408,6.68124,12.576
111,1.775,1000180400,11.2853,5.9524,5.12006,6.787,14.6936,14.3737,4.96732,8.08671,2.03752,17.9614,15.6072,25.6129,12.8365,13.7181,8.89821,24.5155
111,1.275,1000080160,5.86841,2.39441,2.12409,2.0117,8.03948,4.30287,2.94503,4.34716,4.06327,9.52174,2.81095,4.15581,4.1219,11.0399,3.71367,7.11364
111,0.275,1000080160,4.34443,1.53124,1.32651,1.21264,5.0552,10.3751,3.48268,6.14401,3.26742,3.27023,1.60519,2.15379,3.38028,9.61422,2.37232,3.44743
111,1.525,1000080160,6.31632,2.58231,2.31652,2.31981,9.2161,12.5723,3.73757,13.8913,2.843,16.5222,3.67623,12.8103,2.94646,9.46873,4.83789,12.9028
111,1.525,1000180400,10.229,5.02985,4.51825,5.01609,16.4928,14.3353,6.3116,23.6015,9.01316,14.0137,11.1188,39.146,12.0767,14.0328,8.26179,26.2095
111,2.025,1000080160,6.96867,2.513,2.3096,2.28553,11.4757,13.5531,3.26731,11.4245,2.00022,17.9052,3.9611,3.30157,2.00013,17.9828,3.7504,3.12966
111,0.525,1000260560,8.24308,4.29172,3.73058,3.59676,12.3222,6.62237,5.24996,7.50065,6.37949,4.3616,3.24775,3.43571,5.64581,10.6732,4.21453,5.45717
111,1.725,1000260560,12.924,13.516,5.75098,9.73279,16.2475,15.3446,5.52989,21.9466,10.5056,12.8401,5.76427,10.6176,17.521,16.6922,9.49216,27.4541
111,0.775,1000260560,9.64521,4.70597,4.25052,4.39245,13.5838,13.7536,5.49854,8.97095,8.42647,3.84454,3.41713,3.15084,9.55235,5.40313,4.69391,5.42972
111,1.025,1000260560,10.8032,5.438,4.82281,5.81791,15.5049,14.8988,6.5804,24.5367,9.2157,4.36439,3.77675,3.75384,11.9467,5.88019,5.06607,6.47943
111,0.275,1000260560,6.40684,4.09202,3.14739,3.21978,7.49609,11.7226,5.08119,6.95738,5.08672,3.29636,2.36743,2.51159,4.30094,9.84845,2.97486,3.91677
111,1.275,1000260560,11.9884,7.45793,5.93865,9.78773,14.8185,15.3686,6.1414,24.2392,10.038,5.32939,4.3519,5.16133,13.6554,14.5792,6.61412,12.4375
111,1.975,1000260560,14.4845,15.1583,6.67806,25.2067,16.2462,15.5443,5.32115,21.4169,11.5083,13.583,6.35092,25.4344,14.1393,12.8021,8.31255,24.3868
111,1.525,1000260560,12.4453,7.06487,5.42354,8.24403,16.1664,14.1101,6.19715,23.3083,11.3482,6.58407,5.09532,7.56617,15.1919,15.0554,7.02626,25.4593
111,1.775,1000260560,13.3855,14.1124,5.99322,10.7672,15.3669,14.1948,4.01083,6.68708,11.2494,6.68255,4.95002,7.51308,17.6837,15.904,9.58632,27.7342
111,2.025,1000260560,14.2587,15.115,6.31957,12.6723,19.9867,9.56583,7.16164,9.00205,10.2869,7.37311,5.16473,8.66244,16.0235,10.9858,8.92356,25.1773
