probe,ke,target,meanhA,meanErrhA,stdhA,stdErrhA,meannhN,meanErrhN,stdhN,stdErrhN,meanINCL,meanErrINCL,stdINCL,stdErrINCL,meanGeant4,meanErrGeant4,stdGeant4,stdErrGeant4
211,1.075,1000060120,4.64875,13.0016,3.46918,6.16376,2.32204,1.23925,1.23146,0.889838,2.39672,0.843943,0.843895,0.591125,1.77332,1.21317,1.21167,0.854124
211,0.825,1000060120,3.99051,11.0081,3.61953,6.09615,2.17868,1.38293,1.36728,1.00707,2.35607,0.884454,0.884379,0.620048,2.00017,1.05003,1.04967,0.737458
211,0.075,1000060120,2.38691,0.624219,0.620433,0.421586,2.42132,1.15837,1.15161,0.827236,2.08063,0.960531,0.960429,0.67347,1.95033,0.991631,0.991522,0.693909
211,1.325,1000060120,6.12458,21.9676,3.79379,12.7944,2.24015,1.35677,1.34176,0.98496,2.41206,0.912039,0.91187,0.639018,1.82354,1.20236,1.20082,0.848565
211,0.325,1000060120,2.72851,7.81723,3.69401,5.72686,2.37904,1.33947,1.31971,0.977473,2.27102,0.958771,0.958549,0.672902,2.15505,1.0214,1.02099,0.716866
211,1.825,1000060120,7.12975,28.158,3.64265,11.1308,2.13835,1.34783,1.33627,0.974542,2.15222,0.913977,0.913925,0.64038,1.25027,1.19909,1.19883,0.840914
211,0.575,1000060120,3.6528,10.2472,3.71488,6.14277,2.20859,1.27376,1.26589,0.915391,2.31326,0.957171,0.956914,0.673954,2.02508,1.04726,1.04688,0.734974
211,1.575,1000060120,6.8894,27.3242,3.79418,11.8894,2.02443,1.39043,1.37822,1.00582,2.50001,0.791785,0.791688,0.553937,1.44535,1.39956,1.39562,0.993888
211,1.125,1000060120,4.79288,12.6192,3.43944,5.9593,2.19148,1.31654,1.30603,0.950441,2.33947,0.910782,0.910664,0.63877,1.8982,1.04636,1.04612,0.734321
211,0.875,1000060120,3.82469,8.67499,3.27637,5.02588,2.1734,1.34518,1.33297,0.972343,2.36009,0.954728,0.954431,0.670472,2.0555,1.12867,1.12738,0.795748
211,0.125,1000060120,2.18087,1.44681,1.42189,1.05925,2.41234,1.14045,1.13377,0.812342,2.16062,0.961081,0.960935,0.67434,1.97741,1.02029,1.02008,0.716003
211,1.375,1000060120,5.58213,18.2712,3.56486,12.6049,2.26577,1.26996,1.26122,0.913844,2.35599,0.895315,0.895221,0.627785,1.76105,1.05851,1.05834,0.742133
211,0.375,1000060120,2.7582,7.66734,3.642,5.57357,2.30039,1.4031,1.37977,1.02913,2.31778,0.970781,0.97045,0.683877,2.08605,1.03793,1.03752,0.729315
211,1.875,1000060120,8.31552,42.5396,4.12024,10.8707,1.86618,1.12214,1.12148,0.789343,2.36198,0.775518,0.77543,0.542226,1.4771,1.3197,1.31763,0.932685
211,0.625,1000060120,4.09541,12.7466,3.8846,6.89583,2.11082,1.23833,1.23141,0.882415,2.23673,0.9947,0.994339,0.698636,2.09067,1.01931,1.019,0.714282
211,1.625,1000060120,6.30725,21.8908,3.51112,11.6852,2.1402,1.04499,1.03422,0.733052,2.45914,0.943418,0.943053,0.662808,1.65467,1.37815,1.37286,0.982255
211,1.175,1000060120,5.8707,21.6142,3.95954,13.5153,2.2946,1.29082,1.28005,0.933212,2.30505,0.87943,0.879378,0.616359,2.04449,1.09138,1.09061,0.767177
211,0.925,1000060120,4.73539,14.4663,3.72659,6.78983,2.29838,1.42892,1.40345,1.05092,2.35364,0.916063,0.915922,0.640773,1.98046,1.03406,1.0338,0.725666
211,0.175,1000060120,2.03923,2.34345,2.08345,1.83287,2.36582,1.16657,1.16133,0.830472,2.21255,0.965509,0.965312,0.678797,2.05475,1.01266,1.01242,0.710842
211,1.425,1000060120,5.7522,19.3769,3.63153,12.6628,2.12491,1.28578,1.27228,0.921147,2.41896,0.902216,0.902072,0.632996,1.61948,1.04406,1.04399,0.731606
211,0.425,1000060120,2.728,7.27073,3.55338,5.30509,2.40587,1.37723,1.35235,1.01132,2.32412,0.964344,0.96404,0.677232,2.08892,1.03428,1.03388,0.726551
211,1.925,1000060120,7.29775,29.7618,3.57401,10.6312,2.14058,1.1378,1.13594,0.804526,2.27778,0.852529,0.852504,0.596697,1.56334,1.30437,1.30215,0.922386
211,0.675,1000060120,3.61732,9.75592,3.60503,5.84866,2.11733,1.31121,1.30261,0.942625,2.32571,0.957406,0.957135,0.6741,1.94608,1.02062,1.02044,0.715644
211,1.675,1000060120,8.22866,39.3761,4.09067,11.146,2.0472,0.962755,0.962662,0.674905,2.46827,0.815997,0.815932,0.571495,1.65617,1.15421,1.1537,0.810196
211,1.225,1000060120,5.4684,17.5933,3.73611,7.07917,2.36921,1.47391,1.43395,1.0964,2.46684,0.934393,0.934071,0.656053,1.81984,1.28146,1.2781,0.910363
211,0.975,1000060120,5.22537,17.3518,3.8887,7.35944,2.07845,1.29624,1.28922,0.928544,2.33221,0.884202,0.884135,0.619064,2.10429,1.00536,1.0051,0.705687
211,0.225,1000060120,2.1336,3.54388,2.6472,2.79805,2.38218,1.26452,1.25193,0.912285,2.25226,0.957078,0.956879,0.671301,2.12212,1.00697,1.00668,0.705651
211,1.475,1000060120,7.01968,29.7935,3.97169,12.2286,1.95588,1.27668,1.27219,0.909579,2.4565,0.752412,0.75218,0.526586,1.50465,1.39996,1.39545,0.99582
211,0.475,1000060120,3.40412,10.5723,3.91877,6.68309,2.38635,1.39664,1.36921,1.02914,2.32028,0.958803,0.958531,0.673833,2.02326,1.03524,1.03493,0.725711
211,1.975,1000060120,5.99437,18.1811,3.15221,10.8389,2.29823,1.45958,1.43014,1.08041,2.63054,0.901969,0.901613,0.635061,1.70567,1.19992,1.19885,0.844941
211,0.725,1000060120,3.93581,11.0302,3.69688,6.2169,2.09368,1.24082,1.23622,0.884129,2.33823,0.951831,0.951572,0.666871,2.15929,0.928235,0.928161,0.650532
211,1.725,1000060120,6.51455,23.2964,3.49243,11.3774,2.19005,1.33747,1.3255,0.968325,2.28046,0.811871,0.811855,0.568733,1.78687,1.244,1.24184,0.87991
211,1.275,1000060120,5.30367,15.4107,3.51803,6.47771,2.36248,1.19359,1.18771,0.854126,2.38439,0.861333,0.861276,0.603671,1.88269,1.30412,1.29934,0.928261
211,1.025,1000060120,4.61619,14.2352,3.7424,6.83387,2.0603,1.34955,1.33957,0.973061,2.41051,0.889278,0.889171,0.623581,1.97985,1.09038,1.08976,0.765391
211,0.275,1000060120,2.32386,5.89093,3.38106,4.64897,2.36291,1.32532,1.30679,0.963628,2.28199,0.959501,0.959266,0.673052,2.17842,1.01382,1.01343,0.710713
211,1.525,1000060120,6.45749,24.2725,3.76227,12.3016,2.23648,1.22511,1.21945,0.875777,2.52634,0.760805,0.760611,0.531702,1.90113,1.40435,1.39374,1.01226
211,0.525,1000060120,3.32681,8.68485,3.57883,5.59215,2.43598,1.33107,1.30756,0.97159,2.26257,0.941682,0.941526,0.660564,2.02156,0.974873,0.974768,0.682407
211,2.025,1000060120,7.21605,28.889,3.5071,10.5079,1.82044,1.26306,1.26019,0.894619,2.3067,0.998013,0.997517,0.701107,1.73181,1.28416,1.28136,0.910012
211,0.775,1000060120,4.60937,16.4199,4.13678,7.90136,2.13186,1.39991,1.38379,1.01867,2.36703,0.955455,0.955145,0.670969,2.02877,1.02953,1.02924,0.722089
211,1.775,1000060120,6.34806,22.2025,3.48559,11.54,2.02982,1.31704,1.30965,0.943429,2.34921,0.960068,0.959755,0.674311,1.54586,1.26684,1.26539,0.893408
211,0.075,1000180400,2.33009,0.909395,0.909393,0.636905,1.95822,1.77158,1.77158,1.24076,0.872245,1.33942,1.33942,0.938337,1.17411,1.2845,1.2845,0.899796
211,0.325,1000180400,1.73056,3.3648,3.3648,2.35701,1.55984,2.20904,2.20904,1.54704,0.99057,1.49506,1.49506,1.0473,1.14425,1.47701,1.47701,1.03517
211,0.575,1000180400,2.1763,3.51919,3.51918,2.46531,0.831579,2.53885,2.53885,1.77836,0.791888,1.72002,1.72002,1.20491,0.799899,1.57378,1.57378,1.10249
211,0.825,1000180400,2.83547,3.49645,3.49643,2.44968,0.66722,2.58022,2.58022,1.80702,0.638211,1.83859,1.83859,1.28745,0.497286,1.65025,1.65025,1.15599
211,1.075,1000180400,3.22088,3.63843,3.63836,2.55575,0.811582,2.4771,2.4771,1.73252,0.726712,1.96602,1.96602,1.37728,0.350834,1.65705,1.65705,1.16238
211,1.325,1000180400,4.07755,3.71264,3.71233,2.60456,0.716152,2.7034,2.7034,1.89365,0.56263,2.20319,2.20318,1.53984,0.276892,1.73915,1.73915,1.22099
211,1.575,1000180400,4.68267,3.68268,3.68216,2.57958,0.664794,2.5971,2.5971,1.81961,0.666667,2.03385,2.03385,1.42401,0.154917,1.69149,1.69149,1.18277
211,1.825,1000180400,5.10889,3.73891,3.73788,2.62468,0.125,2.78599,2.78599,1.95176,0.555556,1.73248,1.73248,1.21082,0.0897436,1.77375,1.77375,1.24261
211,0.075,1000080160,2.37692,0.681286,0.680128,0.471643,2.35965,1.25991,1.24729,0.908955,1.94463,1.24257,1.23848,0.880302,2.0681,1.03763,1.03725,0.727399
211,0.325,1000080160,2.6804,8.01559,3.75459,5.94493,2.25134,1.54922,1.50125,1.15598,2.24127,1.08714,1.08576,0.767318,2.27028,1.10921,1.10725,0.78381
211,0.575,1000080160,3.80149,13.2185,4.12036,7.59768,2.09532,1.53343,1.49826,1.13327,2.26045,1.10522,1.1034,0.78151,2.14854,1.08809,1.08706,0.765949
211,0.825,1000080160,4.74677,17.84,4.17864,15.0216,2.07629,1.71466,1.64806,1.29309,2.26142,1.10956,1.10765,0.785933,2.13067,1.29576,1.28793,0.92894
211,1.075,1000080160,5.19697,17.7693,3.80394,13.687,2.19594,1.71974,1.64491,1.30512,2.31422,1.1468,1.14344,0.815036,2.06913,1.23396,1.22989,0.878237
211,1.325,1000080160,6.46926,28.6495,4.22976,13.4079,2.11887,1.585,1.54178,1.17976,2.34176,1.03273,1.03179,0.727525,1.87849,1.30322,1.29384,0.928226
211,1.575,1000080160,7.04806,31.9989,3.97433,11.9729,2.12913,1.53936,1.49282,1.13877,2.56126,0.954897,0.954242,0.670829,1.79933,1.28601,1.28265,0.912919
211,0.075,1000260560,2.28705,1.08075,1.08075,0.756397,2.10662,1.84782,1.84782,1.29417,1.64384,1.33637,1.33637,0.93592,1.85205,1.32204,1.32204,0.926046
211,0.575,1000260560,1.90986,3.51691,3.5169,2.45895,1.15138,2.81956,2.81956,1.97524,1.57019,1.71978,1.71978,1.20483,1.8116,1.6634,1.6634,1.16531
211,1.825,1000080160,7.49282,39.0882,4.13125,11.3918,1.83771,1.31615,1.31135,0.938103,2.33883,0.968762,0.968414,0.678779,1.92621,1.33266,1.32603,0.952858
211,1.075,1000260560,2.96461,3.8265,3.82634,2.67844,1.10939,3.13093,3.13093,2.19161,1.24364,2.17226,2.17226,1.52053,1.53408,1.84908,1.84908,1.29529
211,0.825,1000260560,2.55874,3.72566,3.72561,2.6105,0.967785,2.99578,2.99578,2.09796,1.36395,1.92508,1.92508,1.34858,1.65223,1.79696,1.79696,1.25888
211,0.325,1000260560,1.62286,3.53348,3.53348,2.47551,1.68761,2.41432,2.41432,1.68922,1.77801,1.50747,1.50747,1.0561,2.03053,1.56577,1.56577,1.09852
211,1.575,1000260560,3.79703,3.78529,3.78496,2.65244,0.56872,3.27329,3.27329,2.29241,0.93129,2.35163,2.35163,1.64284,1.33282,1.9392,1.9392,1.35802
211,1.825,1000260560,4.21074,3.87577,3.87501,2.71836,0.709231,3.3999,3.3999,2.37706,1.06989,2.40618,2.40618,1.68452,1.12616,1.93388,1.93388,1.35481
211,1.325,1000260560,3.33543,3.864,3.86371,2.70852,0.775676,3.06493,3.06493,2.14578,1.08469,2.24153,2.24153,1.56995,1.39164,1.89397,1.89397,1.32649
211,0.125,1000180400,2.04787,1.73742,1.73742,1.21422,1.93753,1.78497,1.78497,1.24996,0.969437,1.37076,1.37076,0.960292,1.22832,1.30125,1.30125,0.911607
211,0.375,1000180400,1.59329,3.3622,3.3622,2.35484,1.48465,2.39816,2.39816,1.67994,0.987805,1.52597,1.52597,1.069,1.06112,1.45962,1.45962,1.02254
211,0.625,1000180400,2.288,3.52908,3.52907,2.47269,0.922947,2.5704,2.5704,1.79966,0.790226,1.7334,1.7334,1.2142,0.697353,1.50269,1.50269,1.05461
211,0.875,1000180400,2.90722,3.49375,3.49373,2.44989,0.771752,2.57796,2.57796,1.8046,0.690271,1.90374,1.90374,1.33364,0.396386,1.59646,1.59646,1.11913
211,1.125,1000180400,3.33828,3.5029,3.50286,2.45182,0.815708,2.75842,2.75842,1.93148,0.603248,2.13964,2.13964,1.49839,0.302521,1.70019,1.70019,1.19002
211,1.375,1000180400,4.02089,3.59277,3.59262,2.51798,0.80179,2.80735,2.80735,1.96623,0.409953,2.02807,2.02807,1.42007,0.247934,1.63547,1.63547,1.14674
211,1.625,1000180400,4.68547,3.64608,3.64564,2.5566,0.290378,2.57438,2.57438,1.79888,0.361925,2.11406,2.11406,1.4809,0.138132,1.71998,1.71998,1.20665
211,1.875,1000180400,5.25813,3.61681,3.61611,2.53449,0.415179,2.52917,2.52917,1.7712,0.775168,2.096,2.096,1.46564,-0.0026455,1.70312,1.70312,1.19312
211,0.125,1000080160,2.1287,1.49614,1.46623,1.10247,2.35252,1.25959,1.24696,0.908432,2.0661,1.06456,1.0639,0.748268,2.07272,1.06411,1.06354,0.746862
211,0.375,1000080160,3.08088,9.22107,3.80387,6.24595,2.25575,1.69754,1.62101,1.28853,2.23712,1.07138,1.07026,0.755376,2.19874,1.13435,1.13196,0.801371
211,0.625,1000080160,3.49048,10.0144,3.71256,6.17474,2.10406,1.67247,1.61414,1.25757,2.20035,1.13455,1.13242,0.803039,2.11512,1.19407,1.19005,0.846484
211,1.125,1000080160,5.49849,23.0675,4.16873,14.2053,2.12928,1.63854,1.58113,1.22794,2.4266,1.02935,1.02815,0.726274,2.02315,1.13347,1.13223,0.797684
211,0.875,1000080160,4.44723,13.9566,3.79826,6.93961,2.05929,1.79472,1.7164,1.36401,2.23987,1.11791,1.11592,0.791021,2.10524,1.10728,1.10612,0.779779
211,1.625,1000080160,6.15911,22.0962,3.41604,11.4048,1.73294,1.62966,1.60222,1.19897,2.17097,1.03903,1.03846,0.730051,1.7685,1.3894,1.37393,0.994701
211,1.375,1000080160,5.70018,21.4892,3.78049,13.0036,2.23553,1.58586,1.53002,1.18722,2.44437,1.10098,1.09799,0.782083,2.06995,1.26098,1.25582,0.900202
211,0.125,1000260560,2.01558,1.90662,1.90668,1.34333,2.0236,1.93047,1.93047,1.35205,1.73376,1.38668,1.38668,0.972503,1.84695,1.38114,1.38114,0.967513
211,0.625,1000260560,2.12662,3.57823,3.57822,2.50058,1.05459,2.8839,2.8839,2.01918,1.48121,1.7502,1.7502,1.22636,1.79289,1.66538,1.66538,1.16657
211,0.375,1000260560,1.65834,3.51275,3.51275,2.46096,1.43007,2.58128,2.58128,1.80819,1.73029,1.55103,1.55103,1.08938,2.00038,1.55731,1.55731,1.09081
211,1.875,1000080160,7.81202,41.1565,3.9983,10.5739,1.84534,1.49023,1.47401,1.08217,2.24453,0.756989,0.756994,0.530343,1.80366,1.35533,1.34934,0.970754
211,1.125,1000260560,3.07723,3.77765,3.77751,2.64589,1.00126,2.98863,2.98863,2.09343,1.29882,2.01501,2.01501,1.41356,1.52375,1.82097,1.82097,1.27542
211,0.875,1000260560,2.52897,3.77375,3.77368,2.64597,0.892328,2.92908,2.92908,2.05146,1.30412,1.99625,1.99625,1.39853,1.60197,1.77842,1.77842,1.24581
211,1.875,1000260560,4.3653,3.88365,3.88273,2.72624,0.281759,3.56754,3.56754,2.49721,1.45437,2.24454,2.24454,1.57191,1.08358,2.02968,2.02968,1.4219
211,1.625,1000260560,3.73793,3.81646,3.81611,2.67609,0.571429,3.20631,3.20631,2.24328,1.11048,2.28403,2.28403,1.60002,1.19697,1.94482,1.94482,1.36235
211,0.175,1000180400,1.88571,2.35847,2.35847,1.64679,1.86824,1.8849,1.8849,1.32029,1.02282,1.40793,1.40793,0.986064,1.19846,1.37236,1.37236,0.958954
211,0.675,1000180400,2.32579,3.44661,3.4466,2.41315,0.842342,2.4777,2.4777,1.73216,0.712322,1.80795,1.80795,1.26795,0.752817,1.60959,1.60959,1.12763
211,1.175,1000180400,3.63212,3.6242,3.62408,2.53893,0.81758,2.45253,2.45253,1.71576,0.588825,2.10469,2.10469,1.47424,0.291757,1.68217,1.68217,1.18114
211,0.425,1000180400,2.02727,3.38596,3.38595,2.37045,1.26764,2.40285,2.40285,1.68318,0.94991,1.56908,1.56908,1.09919,0.993991,1.46635,1.46635,1.02729
211,0.675,1000080160,3.68249,10.8297,3.758,6.39747,2.00085,1.67959,1.62711,1.25779,2.23468,1.13196,1.12967,0.801861,2.04661,1.05875,1.05718,0.743187
211,1.675,1000080160,6.89852,29.7298,3.66803,11.1634,2.22596,2.16146,1.94547,1.68469,2.46314,1.00739,1.00639,0.71005,1.7165,1.42743,1.41885,1.02408
211,1.425,1000080160,5.62376,19.6087,3.65902,12.8159,2.05777,1.99802,1.86321,1.54147,2.42369,1.08662,1.08421,0.770399,2.03291,1.35013,1.34057,0.972422
211,0.925,1000080160,4.33705,13.7811,3.79773,6.98455,2.24092,1.7535,1.66303,1.33682,2.30999,1.11247,1.11017,0.788209,2.23858,1.10731,1.10558,0.785119
211,1.175,1000080160,5.46186,20.7866,3.99135,13.8817,2.32559,1.59756,1.53131,1.2001,2.34789,1.10698,1.10457,0.784531,2.24344,1.25538,1.24794,0.901127
211,0.175,1000080160,2.01499,2.28673,2.05084,1.78505,2.31892,1.3536,1.33314,0.987752,2.13866,1.06073,1.06004,0.746209,2.19529,1.0888,1.08759,0.766427
211,1.925,1000180400,5.42357,3.7328,3.73143,2.61586,0.559524,2.6562,2.6562,1.86099,0.430435,2.19314,2.19314,1.5361,-0.112536,1.8149,1.8149,1.26969
211,1.425,1000180400,4.40932,3.62876,3.62847,2.54365,0.652672,2.67048,2.67048,1.8708,0.598191,1.97351,1.97351,1.38161,0.245739,1.70309,1.70309,1.19026
211,0.425,1000080160,3.04984,10.3423,4.03678,7.07262,2.17235,1.65207,1.59039,1.24287,2.21661,1.08625,1.08499,0.76628,2.2202,1.09353,1.09177,0.771081
211,1.675,1000180400,4.88396,3.78035,3.77937,2.65314,0.419355,2.74754,2.74754,1.92465,0.509259,2.32283,2.32283,1.62651,0.0169492,1.63735,1.63735,1.14977
211,0.925,1000180400,3.05071,3.43789,3.43788,2.4084,0.880519,2.63726,2.63726,1.84609,0.627043,1.92275,1.92275,1.34673,0.359441,1.68045,1.68045,1.17714
211,0.175,1000260560,1.84707,2.47102,2.47102,1.7292,1.87986,2.05497,2.05497,1.43935,1.79331,1.41183,1.41183,0.989089,1.9323,1.44122,1.44122,1.00977
211,0.675,1000260560,2.3093,3.68542,3.68538,2.58195,1.01049,2.80174,2.80174,1.961,1.45186,1.86581,1.86581,1.30771,1.73926,1.70485,1.70485,1.19416
211,0.425,1000260560,1.69092,3.54077,3.54077,2.48054,1.49722,2.73305,2.73305,1.91277,1.69336,1.59376,1.59376,1.1165,1.92198,1.58218,1.58218,1.1084
211,1.925,1000080160,8.91259,49.6863,4.06429,9.89379,1.68041,1.51452,1.48747,1.09386,2.70074,0.920533,0.919881,0.647411,1.8579,1.17371,1.17248,0.82725
211,1.675,1000260560,3.95243,3.78753,3.78714,2.65417,0.67233,3.18884,3.18884,2.23151,1.24873,2.26342,2.26342,1.58431,1.17374,1.95408,1.95408,1.37173
211,1.925,1000260560,4.26105,3.77271,3.77221,2.64544,0.662712,3.26383,3.26383,2.28365,1.23256,2.33164,2.33164,1.63105,1.13059,1.95155,1.95155,1.3672
211,1.175,1000260560,2.97337,3.87078,3.87057,2.71303,0.878049,3.12327,3.12327,2.188,1.28045,2.11954,2.11954,1.48445,1.41366,1.88289,1.88289,1.32023
211,0.925,1000260560,2.61433,3.75256,3.75249,2.62763,0.940808,2.9997,2.9997,2.10135,1.26097,2.04368,2.04368,1.43051,1.61111,1.80564,1.80564,1.26487
211,1.375,1000260560,3.42256,3.85982,3.85951,2.69967,1.01712,3.19741,3.19741,2.23961,1.10472,2.34985,2.34985,1.64485,1.34932,1.98616,1.98616,1.39425
211,0.475,1000180400,1.99913,3.28362,3.28362,2.30041,1.03502,2.41978,2.41978,1.69055,0.85273,1.60029,1.60029,1.12178,0.963499,1.48832,1.48832,1.04158
211,0.225,1000180400,1.66111,2.74288,2.74288,1.91939,1.79659,2.04859,2.04859,1.4353,1.01734,1.4421,1.4421,1.01017,1.15942,1.40712,1.40712,0.985758
211,0.725,1000180400,2.51762,3.52954,3.52952,2.47651,0.95098,2.56109,2.56109,1.79165,0.722134,1.84277,1.84277,1.29066,0.572398,1.60469,1.60469,1.12379
211,1.225,1000180400,3.80255,3.51653,3.51645,2.46399,0.856108,2.63678,2.63678,1.84693,0.553459,2.17723,2.17723,1.52237,0.308585,1.74249,1.74249,1.22026
211,0.975,1000080160,4.48753,14.2179,3.78093,6.98023,2.11191,1.60108,1.55483,1.19221,2.34123,1.16874,1.16427,0.8338,2.20982,1.19731,1.19314,0.852499
211,0.725,1000080160,4.22492,14.5851,4.05976,7.60683,2.04608,1.58759,1.54166,1.17455,2.26326,1.12165,1.11894,0.794276,2.10775,1.16506,1.16278,0.824848
211,1.475,1000080160,5.85228,20.8267,3.66153,12.5933,2.01165,1.74852,1.67877,1.31928,2.30268,1.0833,1.08171,0.764629,1.98755,1.3049,1.292,0.931878
211,1.975,1000180400,5.64827,3.61082,3.60979,2.5346,0.521739,2.72395,2.72394,1.90791,0.553097,2.03867,2.03867,1.42819,0.0319149,1.74924,1.74924,1.22345
211,0.475,1000080160,3.45178,11.3948,4.00228,7.09528,2.26409,1.6583,1.58649,1.25349,2.24476,1.08994,1.08849,0.769614,2.22478,1.13734,1.135,0.804539
211,1.725,1000180400,4.91219,3.70788,3.70714,2.6001,0.462121,2.62968,2.62968,1.83787,0.74537,2.00655,2.00655,1.40519,0.0631929,1.69592,1.69592,1.18537
211,0.225,1000080160,2.06542,3.92578,2.81655,3.14075,2.29231,1.38028,1.35651,1.00938,2.1853,1.06037,1.05956,0.746283,2.24662,1.1349,1.13247,0.803598
211,1.225,1000080160,5.47112,19.2372,3.80737,13.4344,2.10308,1.55097,1.50871,1.14846,2.41328,1.16989,1.16446,0.836561,2.06479,1.18157,1.17916,0.836944
211,0.725,1000260560,2.11714,3.58496,3.58495,2.51137,0.979368,2.94116,2.94116,2.05884,1.40554,1.84219,1.84219,1.28777,1.75906,1.76014,1.76014,1.23462
211,0.975,1000180400,3.21061,3.65997,3.65988,2.56465,0.951657,2.647,2.647,1.85455,0.676373,1.98324,1.98324,1.38721,0.426635,1.65196,1.65196,1.1593
211,0.475,1000260560,1.68961,3.60134,3.60133,2.51589,1.23156,2.69294,2.69294,1.88534,1.63393,1.6515,1.6515,1.15795,1.94973,1.57884,1.57884,1.10607
211,0.225,1000260560,1.64017,2.8896,2.8896,2.02345,1.88234,2.13612,2.13612,1.49661,1.78254,1.45629,1.45629,1.01868,2.01116,1.48657,1.48657,1.04314
211,1.725,1000080160,6.48366,24.5767,3.55332,11.4949,1.97216,1.39605,1.37491,1.00797,2.43456,1.08217,1.07982,0.766758,1.88715,1.42946,1.41725,1.03425
211,1.975,1000080160,6.2393,22.4955,3.18435,10.4038,2.43317,1.59375,1.52158,1.20598,2.14466,1.08726,1.08625,0.765815,1.71409,1.27833,1.2758,0.905145
211,1.475,1000180400,4.34567,3.67916,3.67881,2.57922,0.636364,2.69748,2.69748,1.88971,0.573973,2.14336,2.14336,1.50438,0.223642,1.71861,1.71861,1.2039
211,1.725,1000260560,4.12158,3.88127,3.88056,2.7209,0.719942,3.54925,3.54925,2.48604,1.16289,2.2081,2.2081,1.54325,1.09736,1.96814,1.96814,1.38174
211,1.975,1000260560,4.41021,3.92318,3.92205,2.7526,0.972868,3.07231,3.07231,2.14827,0.903756,2.64912,2.64911,1.85568,1.08685,1.93512,1.93512,1.35569
211,1.225,1000260560,3.14572,3.75714,3.757,2.63219,0.677584,3.15361,3.15361,2.20872,1.18551,2.12821,2.12821,1.4904,1.44295,1.86721,1.86721,1.30626
211,0.975,1000260560,2.65377,3.77538,3.7753,2.64682,0.879917,3.20857,3.20857,2.24775,1.33823,2.04373,2.04373,1.43061,1.54858,1.79736,1.79736,1.25915
211,1.425,1000260560,3.65368,3.83945,3.83909,2.69122,0.681053,3.12017,3.12017,2.18488,1.24889,2.30746,2.30746,1.61596,1.31969,1.91794,1.91794,1.34366
211,0.525,1000180400,2.03181,3.36804,3.36804,2.36603,1.04762,2.51475,2.51475,1.76162,0.877062,1.63869,1.63869,1.14719,0.924107,1.5085,1.5085,1.05392
211,0.275,1000180400,1.63505,3.16958,3.16958,2.21948,1.67933,2.12546,2.12546,1.48914,1.04402,1.46409,1.46409,1.02563,1.12693,1.46914,1.46914,1.03159
211,0.775,1000180400,2.73561,3.52009,3.52007,2.46619,0.979283,2.59152,2.59152,1.81511,0.661109,1.82472,1.82472,1.27818,0.46892,1.61898,1.61898,1.13422
211,1.025,1000080160,4.31314,11.837,3.47523,6.08057,2.13297,1.625,1.56604,1.21536,2.28945,1.14176,1.13879,0.810599,2.09659,1.33038,1.3209,0.958011
211,1.275,1000180400,3.85406,3.60936,3.60922,2.5288,0.638211,2.70301,2.70301,1.89932,0.439962,1.98448,1.98448,1.38719,0.312279,1.63448,1.63448,1.14492
211,0.775,1000080160,4.14344,12.1252,3.71696,6.49406,2.11435,1.58821,1.54375,1.1828,2.29269,1.09763,1.0958,0.776039,2.22173,1.10782,1.10615,0.782075
211,1.525,1000080160,6.71631,29.9142,4.0553,12.6038,1.93376,1.59342,1.55627,1.17698,2.21287,1.07916,1.07802,0.760715,1.7732,1.26754,1.26489,0.898013
211,0.525,1000080160,3.39693,10.7012,3.89825,6.73981,2.22487,1.61246,1.55035,1.21111,2.2532,1.10664,1.10482,0.782475,2.11483,1.17656,1.17395,0.832865
211,2.025,1000180400,5.66633,3.68019,3.67878,2.58508,0.747368,2.88492,2.88492,2.0211,0.795238,1.96092,1.96092,1.37344,0.0973597,1.67967,1.67967,1.17674
211,1.775,1000180400,5.12289,3.72597,3.72498,2.61539,0.625523,2.64879,2.64879,1.85402,0.505814,2.23076,2.23076,1.56068,0.123188,1.77416,1.77416,1.24075
211,0.275,1000080160,2.25722,5.93144,3.4139,4.74834,2.29117,1.46805,1.43181,1.08629,2.20584,1.09206,1.09075,0.770513,2.26932,1.12925,1.12641,0.798918
211,1.275,1000080160,5.43593,18.0159,3.68674,13.1346,2.06138,1.90271,1.79258,1.45798,2.39954,1.12804,1.12454,0.802382,1.91337,1.29631,1.29143,0.923392
211,1.775,1000080160,8.2841,45.2784,4.28427,10.985,1.81765,1.80351,1.7425,1.36019,2.50378,1.09492,1.09157,0.778279,1.69985,1.31716,1.31369,0.933951
211,1.025,1000180400,3.21649,3.72651,3.72639,2.60403,0.753776,2.6997,2.6997,1.88844,0.593539,1.9168,1.9168,1.34217,0.37728,1.64107,1.64107,1.15086
211,0.775,1000260560,2.3116,3.79658,3.79651,2.65684,1.08627,2.88045,2.88045,2.01751,1.37805,1.90117,1.90117,1.33041,1.73003,1.78609,1.78609,1.25128
211,0.525,1000260560,1.89868,3.60302,3.60301,2.53095,1.09194,2.79498,2.79498,1.95684,1.58341,1.66711,1.66711,1.16714,1.91985,1.62628,1.62628,1.13928
211,2.025,1000080160,8.3234,47.7599,3.97194,10.2549,1.92907,1.63663,1.59902,1.21619,2.41495,0.895196,0.895073,0.627578,1.82236,1.54756,1.52621,1.13039
211,0.275,1000260560,1.39871,3.30891,3.30891,2.31727,1.76376,2.3265,2.3265,1.62779,1.77973,1.4745,1.4745,1.033,2.081,1.5232,1.5232,1.06938
211,1.525,1000180400,4.37108,3.48911,3.48898,2.44476,0.585714,2.49418,2.49418,1.74632,0.482877,2.11052,2.11052,1.4783,0.0946903,1.68183,1.68183,1.17824
211,1.775,1000260560,4.06691,3.89718,3.89646,2.73259,0.442693,3.01124,3.01124,2.10974,1.14923,2.18359,2.18359,1.52938,1.184,1.88601,1.88601,1.32115
211,2.025,1000260560,4.54238,3.79582,3.79508,2.66328,0.45122,3.25022,3.25022,2.27585,0.842995,2.54615,2.54615,1.7828,1.12632,1.9404,1.9404,1.35854
211,1.275,1000260560,3.15237,3.7977,3.79752,2.66054,0.733577,3.06946,3.06946,2.14572,1.21553,2.27254,2.27254,1.59026,1.44638,1.98293,1.98293,1.38911
211,1.025,1000260560,2.87099,3.69565,3.69558,2.58941,0.879733,3.01131,3.01131,2.10901,1.29952,2.0824,2.0824,1.45847,1.44383,1.84091,1.84091,1.29041
211,1.475,1000260560,3.61794,3.89955,3.89909,2.7339,0.886667,2.99758,2.99758,2.09938,0.970494,2.15512,2.15512,1.50658,1.19007,1.94007,1.94007,1.36053
-211,0.575,1000060120,-0.0953317,4.86978,3.75811,5.4963,-1.31014,1.3245,1.3215,0.9334,-1.21824,0.9727,0.972698,0.681376,-0.923003,1.03252,1.03252,0.722949
-211,0.075,1000060120,-1.40488,0.558415,0.539817,0.343324,-1.40901,1.12288,1.12274,0.787402,-0.901654,0.980481,0.98048,0.688043,-0.813969,1.00985,1.00985,0.706749
-211,0.325,1000060120,-0.842813,4.798,3.59834,4.9761,-1.354,1.30901,1.30766,0.922658,-1.15475,0.978882,0.97888,0.685763,-1.01667,1.0353,1.03529,0.724226
-211,1.075,1000060120,1.19634,5.5012,3.76766,5.56632,-1.08115,1.38575,1.38429,0.977111,-1.40583,0.992001,0.991991,0.695764,-1.01065,1.12849,1.12846,0.791571
-211,1.575,1000060120,2.21696,5.962,3.47604,4.84131,-0.718205,1.18619,1.18616,0.831247,-1.30519,0.866781,0.866777,0.60598,-0.445478,1.242,1.24196,0.870323
-211,0.825,1000060120,0.497513,5.19398,3.85544,5.8275,-1.25447,1.40014,1.39761,0.990295,-1.2567,0.909667,0.909666,0.637067,-1.08379,1.05764,1.05763,0.741087
-211,1.325,1000060120,1.7528,5.67344,3.58685,5.08547,-1.07019,1.34434,1.34341,0.948557,-1.33999,0.821164,0.821145,0.574997,-0.662302,1.28409,1.28396,0.899736
-211,1.825,1000060120,2.71345,5.93303,3.25225,4.32988,-1.06765,1.21984,1.21965,0.854703,-1.17647,0.962435,0.962434,0.674886,-0.23077,1.14626,1.14626,0.803663
-211,0.075,1000180400,-1.44301,0.740905,0.740606,0.515844,-1.74765,1.68568,1.68568,1.18065,-1.41015,1.3448,1.3448,0.941293,-1.17225,1.3483,1.3483,0.944026
-211,0.325,1000180400,-1.23329,3.2517,3.2517,2.27224,-1.897,2.20133,2.20133,1.54077,-1.86088,1.52355,1.52355,1.06713,-1.85062,1.63792,1.63792,1.14746
-211,0.575,1000180400,-0.78489,3.50365,3.50364,2.45457,-2.08195,2.43205,2.43205,1.70316,-2.10175,1.72326,1.72326,1.20723,-2.08145,1.765,1.765,1.23606
-211,0.825,1000180400,-0.524601,3.60293,3.60293,2.524,-1.94444,2.47224,2.47224,1.73141,-2.23218,1.91992,1.91992,1.34498,-2.606,1.82176,1.82176,1.27939
-211,1.575,1000180400,0.921726,3.8225,3.82249,2.67737,-2.24074,2.91422,2.91421,2.04104,-2.43455,2.00743,2.00743,1.4055,-3.04747,1.93955,1.93955,1.35843
-211,1.075,1000180400,-0.0394346,3.65378,3.65378,2.55964,-2.13378,2.68421,2.68421,1.88045,-2.35291,1.94518,1.94518,1.3624,-2.81954,1.87255,1.87255,1.31445
-211,1.325,1000180400,0.482927,3.76893,3.76893,2.64014,-2.29211,2.77436,2.77436,1.94246,-2.6047,1.8894,1.8894,1.3199,-2.93617,1.86896,1.86896,1.30929
-211,0.575,1000080160,-0.307889,4.72628,3.64548,5.18051,-1.12067,1.58113,1.57215,1.13041,-1.03032,1.13543,1.13539,0.795701,-0.897674,1.10382,1.1038,0.773113
-211,0.075,1000080160,-1.39064,0.678337,0.677209,0.468892,-1.42135,1.2598,1.25821,0.886728,-0.752746,1.05633,1.05633,0.740041,-0.702294,1.03462,1.03462,0.724806
-211,0.325,1000080160,-0.968787,4.90491,3.5851,4.98931,-1.25877,1.53173,1.52376,1.09421,-1.02671,1.09371,1.09369,0.766334,-0.929514,1.13088,1.13085,0.792322
-211,1.825,1000180400,1.47214,3.67433,3.67432,2.5678,-2.47872,2.85761,2.85761,2.00099,-2.38618,2.01286,2.01286,1.41311,-3.02897,1.95854,1.95854,1.37207
-211,1.075,1000080160,0.71813,4.58196,3.45587,4.68395,-1.10386,1.55009,1.54408,1.1056,-1.17084,1.09921,1.09918,0.770153,-0.991418,1.22433,1.22417,0.858536
-211,0.825,1000080160,0.168487,4.43109,3.50249,4.73374,-1.18902,1.68449,1.66429,1.21827,-1.06577,1.12261,1.12257,0.786617,-0.926118,1.31011,1.30969,0.919847
211,1.525,1000260560,3.82027,3.75966,3.75937,2.63299,0.591954,3.25449,3.25449,2.27958,0.985401,2.35779,2.35779,1.64889,1.21219,1.87545,1.87545,1.31385
-211,1.325,1000080160,1.94421,7.92643,4.0677,7.03248,-1.10548,1.63385,1.62359,1.17262,-1.1039,1.02826,1.02825,0.720374,-0.778023,1.34374,1.34333,0.943392
-211,0.625,1000060120,-0.300615,4.65109,3.63649,5.09252,-1.1132,1.35691,1.35573,0.958606,-1.2231,0.935772,0.935772,0.655575,-0.880349,1.12484,1.12483,0.788081
-211,0.125,1000060120,-1.33554,1.31129,1.30984,0.923805,-1.36923,1.14601,1.14584,0.803774,-1.02259,0.987262,0.987261,0.691657,-0.829935,1.03472,1.03472,0.724085
-211,0.375,1000060120,-0.673069,4.28922,3.39906,4.36792,-1.3233,1.38077,1.3773,0.976827,-1.18759,0.974871,0.974869,0.68298,-1.01239,1.03659,1.03659,0.724857
-211,1.625,1000060120,2.65841,7.50535,3.67905,5.6039,-1.66685,1.13237,1.13198,0.794512,-1.21014,0.852803,0.852807,0.59739,-0.364436,1.30764,1.30757,0.916106
-211,1.125,1000060120,1.17995,5.37303,3.71693,5.40014,-1.21649,1.26358,1.26303,0.887214,-1.26389,1.00682,1.00681,0.70541,-0.975103,1.26421,1.26395,0.885646
-211,0.375,1000180400,-1.19307,3.29249,3.29249,2.30502,-1.93249,2.33087,2.33087,1.63243,-1.92646,1.55048,1.55048,1.08615,-1.86426,1.66198,1.66198,1.16121
-211,1.875,1000060120,3.61094,10.616,3.84683,6.4335,-1.02643,1.20847,1.20833,0.847423,-1.15714,0.923987,0.923987,0.647253,-0.166728,1.41449,1.41424,0.992136
-211,0.875,1000060120,0.447933,4.89059,3.72556,5.40062,-1.17029,1.41384,1.4115,1.00029,-1.30693,0.960904,0.960901,0.675215,-0.996063,0.979025,0.979024,0.685788
-211,1.375,1000060120,1.86117,6.68466,3.84529,5.99174,-1.08047,1.28519,1.28472,0.901819,-1.28998,0.816022,0.816012,0.571578,-0.589583,1.20564,1.20561,0.844071
-211,0.125,1000180400,-1.42557,1.55232,1.55232,1.08566,-1.74055,1.75232,1.75232,1.22726,-1.54578,1.36183,1.36183,0.953325,-1.25986,1.43353,1.43353,1.00312
-211,0.625,1000180400,-0.784269,3.48719,3.48719,2.44303,-2.09196,2.56789,2.56789,1.79867,-2.14307,1.77785,1.77785,1.24551,-2.23968,1.79825,1.79825,1.25944
-211,0.875,1000180400,-0.303584,3.7272,3.72719,2.61121,-2.0868,2.53567,2.53567,1.77534,-2.30985,1.87227,1.87227,1.31152,-2.72838,1.86717,1.86717,1.30881
-211,1.625,1000180400,1.08656,3.8571,3.85708,2.70205,-2.43254,2.87405,2.87405,2.01324,-2.44043,1.96888,1.96888,1.37906,-2.90583,2.00642,2.00642,1.40564
-211,1.125,1000180400,0.143888,3.65705,3.65704,2.56207,-2.16894,2.7818,2.7818,1.9487,-2.43026,1.9949,1.9949,1.3974,-2.8039,1.89075,1.89075,1.32424
-211,1.375,1000180400,0.841731,3.72875,3.72875,2.61231,-2.19492,2.63366,2.63366,1.84448,-2.76555,2.1391,2.1391,1.49789,-2.9693,1.92841,1.92841,1.35421
-211,0.125,1000080160,-1.32164,1.36886,1.3661,0.967292,-1.39887,1.32171,1.31951,0.932876,-0.851788,1.05128,1.05128,0.734652,-0.762582,1.07478,1.07477,0.752529
-211,0.625,1000080160,-0.32665,5.041,3.79324,5.67081,-0.909296,1.60224,1.59629,1.14136,-1.05232,1.12539,1.12536,0.788671,-0.825512,1.11974,1.11972,0.78334
-211,0.375,1000080160,-0.901008,5.23615,3.75298,5.52167,-1.17844,1.59813,1.58709,1.14558,-1.02172,1.0871,1.08708,0.76165,-0.897555,1.15157,1.15153,0.806195
-211,1.875,1000180400,1.63744,3.77239,3.77237,2.64302,-1.98108,2.44175,2.44175,1.70864,-2.43985,2.01736,2.01736,1.41265,-3.00138,1.99079,1.99079,1.39466
-211,1.125,1000080160,1.25388,6.18934,3.93984,6.29912,-1.03374,1.54644,1.54139,1.10269,-1.26557,1.10806,1.108,0.776529,-0.839726,1.29706,1.29678,0.910186
-211,0.875,1000080160,0.443001,4.92703,3.69927,5.40781,-1.14439,1.61334,1.6037,1.15698,-1.08173,1.06419,1.06418,0.745545,-0.979218,1.25739,1.25715,0.881957
-211,1.575,1000080160,2.37333,6.93797,3.5947,5.45581,-1.09915,1.4928,1.48893,1.06198,-1.23077,1.00216,1.00215,0.702045,-0.558178,1.30779,1.30765,0.918106
-211,1.375,1000080160,1.8047,5.89346,3.55746,5.19633,-1.07975,1.55609,1.55015,1.10825,-1.31884,0.993186,0.993179,0.69494,-0.763532,1.4247,1.42371,1.00272
-211,1.825,1000080160,3.08786,8.4993,3.58098,5.71542,-1.16542,1.62192,1.61131,1.16542,-1.00909,0.891618,0.891623,0.624384,-0.320903,1.19582,1.19581,0.837433
-211,0.675,1000060120,0.142641,4.6004,3.62575,5.05983,-1.15203,1.32469,1.32376,0.932311,-1.17647,0.976785,0.976783,0.684313,-0.977712,1.08871,1.0887,0.762673
-211,0.425,1000060120,-0.774144,4.38141,3.4243,4.43622,-1.2663,1.40017,1.39756,0.99071,-1.17601,0.966297,0.966296,0.676978,-1.02246,1.03078,1.03077,0.721088
-211,1.175,1000060120,1.69136,6.04847,3.73025,5.56159,-1.3453,1.2456,1.24497,0.87423,-1.23099,0.979362,0.979359,0.68702,-1.01582,1.16855,1.16848,0.818899
-211,0.175,1000060120,-1.21212,1.9565,1.90548,1.46093,-1.36866,1.22094,1.22044,0.857957,-1.09231,0.978051,0.97805,0.685216,-0.886622,1.04787,1.04787,0.733151
-211,0.925,1000060120,0.651305,4.98296,3.71945,5.39063,-1.33297,1.36414,1.36194,0.963614,-1.32493,0.931851,0.931849,0.65276,-0.940325,1.16867,1.16862,0.818934
-211,1.675,1000060120,2.96184,8.05941,3.65314,5.61623,-1.05367,1.23783,1.2376,0.867425,-1.53572,0.925116,0.925111,0.64811,-0.346157,1.14969,1.14969,0.805024
-211,0.175,1000180400,-1.37649,2.15275,2.15275,1.50572,-1.7829,1.9076,1.9076,1.33612,-1.67558,1.42222,1.42222,0.995775,-1.456,1.5112,1.5112,1.05808
-211,1.425,1000060120,1.83515,5.46825,3.47908,4.77809,-1.12505,1.17204,1.17193,0.821838,-1.32417,0.896779,0.896777,0.628231,-0.558825,1.12774,1.12774,0.790377
-211,0.675,1000180400,-0.755707,3.61543,3.61543,2.53269,-2.01081,2.54538,2.54538,1.78306,-2.19535,1.74957,1.74956,1.2222,-2.36013,1.83803,1.83803,1.28759
-211,0.425,1000180400,-1.0004,3.35742,3.35742,2.35174,-1.99627,2.42762,2.42762,1.69967,-1.92964,1.58199,1.58199,1.10822,-1.8471,1.67808,1.67808,1.17549
-211,0.925,1000180400,-0.150748,3.48397,3.48397,2.44068,-2.01083,2.64353,2.64353,1.85189,-2.46636,1.93998,1.93998,1.35863,-2.68284,1.87482,1.87482,1.31344
-211,1.675,1000180400,1.12163,3.81139,3.81137,2.67027,-2.58235,2.71736,2.71736,1.90341,-2.75789,2.07517,2.07517,1.45355,-2.99266,1.9203,1.9203,1.34513
-211,1.425,1000180400,0.613471,3.70668,3.70667,2.59699,-2.35515,2.83675,2.83675,1.9847,-2.59118,2.17738,2.17738,1.52522,-2.95342,1.96371,1.96371,1.37563
-211,1.925,1000060120,3.02957,7.3077,3.45856,5.02652,-1.29318,1.58627,1.57558,1.14013,-1.40243,0.789151,0.789078,0.551332,-0.255111,1.28813,1.28809,0.904137
-211,1.175,1000180400,0.185634,3.78234,3.78233,2.64984,-2.38148,2.59824,2.59824,1.82008,-2.45238,2.04606,2.04606,1.43327,-2.9328,1.92004,1.92004,1.34853
-211,0.175,1000080160,-1.24607,1.94148,1.88803,1.44842,-1.39686,1.35543,1.35239,0.958832,-0.91407,1.06875,1.06875,0.747747,-0.797313,1.10931,1.1093,0.776903
-211,0.675,1000080160,-0.202607,4.57754,3.58003,4.96846,-1.13556,1.61934,1.60938,1.16286,-1.06246,1.09262,1.0926,0.764547,-0.876474,1.08615,1.08614,0.7609
-211,0.425,1000080160,-0.642129,4.66153,3.5658,4.91342,-1.32189,1.63969,1.62321,1.1867,-0.994994,1.09413,1.09411,0.76706,-0.903936,1.14877,1.14874,0.804326
-211,1.925,1000180400,1.87714,3.96629,3.96619,2.78495,-2.3377,2.5209,2.5209,1.76585,-2.81469,2.2785,2.2785,1.59525,-2.96089,2.11691,2.11691,1.48245
-211,1.625,1000080160,2.6274,8.45694,3.82875,6.33075,-1.05452,1.56816,1.56197,1.1183,-1.18479,1.03132,1.03132,0.722549,-0.426885,1.28564,1.28558,0.900773
-211,0.925,1000080160,0.395738,5.09823,3.77245,5.68053,-1.18161,1.75695,1.73112,1.28165,-1.04421,1.10432,1.10429,0.775454,-0.9164,1.24139,1.24124,0.869192
-211,1.175,1000080160,1.54589,6.51446,3.88856,6.24742,-1.25773,1.75106,1.72699,1.27941,-1.1224,1.16238,1.16229,0.814809,-0.936926,1.27558,1.2753,0.895165
-211,1.425,1000080160,2.28086,8.68372,4.08173,7.11966,-1.19086,1.60922,1.59888,1.1565,-1.19769,1.11187,1.11182,0.779938,-0.648113,1.437,1.43614,1.0108
-211,1.875,1000080160,3.06045,9.55926,3.81435,6.4667,-0.732841,1.50759,1.50557,1.06237,-1.60548,1.11945,1.11919,0.78567,-0.560907,1.41381,1.41328,0.993031
-211,0.725,1000060120,0.296724,4.72581,3.67059,5.20913,-1.14654,1.24861,1.24825,0.876315,-1.16133,0.960455,0.960454,0.672772,-0.925,1.02101,1.02101,0.713881
-211,0.475,1000060120,-0.741463,4.82124,3.6349,5.09033,-1.3037,1.48918,1.48342,1.06165,-1.18835,0.972747,0.972745,0.683044,-0.938505,1.05959,1.05958,0.742009
-211,1.225,1000060120,1.68635,5.86212,3.67063,5.36224,-1.03879,1.34897,1.34808,0.947486,-1.32549,0.825219,0.825204,0.578001,-0.87181,1.12195,1.12193,0.785808
-211,0.975,1000060120,0.613972,4.60869,3.56055,4.87111,-0.994019,1.39412,1.39283,0.982305,-1.26768,0.961854,0.961852,0.673353,-0.718192,1.13916,1.13914,0.798033
-211,1.725,1000060120,2.54271,6.3704,3.43996,4.82885,-0.892897,1.17535,1.1753,0.823688,-1.14583,0.855489,0.855497,0.600795,-0.224164,1.3363,1.33622,0.936376
-211,0.225,1000060120,-1.07193,2.71524,2.47041,2.22103,-1.37547,1.28369,1.2824,0.903637,-1.13908,0.974625,0.974623,0.682807,-0.967513,1.0386,1.0386,0.726564
-211,0.225,1000180400,-1.37339,2.69074,2.69074,1.88293,-1.84186,2.01604,2.01604,1.41226,-1.75947,1.45029,1.45029,1.0156,-1.62711,1.56107,1.56107,1.09343
-211,1.475,1000060120,2.02904,5.88667,3.54017,4.98179,-1.27053,1.39891,1.39632,0.987741,-1.39286,0.873104,0.873098,0.611604,-0.533973,1.31458,1.31444,0.921687
-211,0.725,1000180400,-0.681417,3.59802,3.59801,2.52067,-2.02288,2.58216,2.58216,1.80785,-2.2661,1.75497,1.75497,1.22949,-2.42634,1.85915,1.85915,1.30241
-211,0.475,1000180400,-1.15931,3.46258,3.46258,2.42526,-2.01487,2.4528,2.4528,1.71646,-1.94302,1.61951,1.61951,1.13451,-1.98154,1.7086,1.7086,1.19679
-211,0.975,1000180400,-0.429536,3.64151,3.6415,2.5493,-2.04369,2.7492,2.7492,1.9259,-2.40646,1.91956,1.91956,1.3444,-2.83275,1.8315,1.8315,1.28305
-211,1.975,1000060120,3.44749,8.55097,3.52829,5.3786,-1.22763,1.26289,1.26233,0.88744,-1.39995,0.789407,0.789336,0.552112,-0.500043,1.291,1.29091,0.904784
-211,0.475,1000080160,-0.584313,5.15867,3.799,5.69456,-1.22841,1.61869,1.60386,1.16543,-1.03888,1.12545,1.12542,0.788687,-0.891316,1.14534,1.14531,0.802155
-211,0.725,1000080160,-0.041256,4.73284,3.66753,5.24978,-1.07351,1.48297,1.4781,1.04912,-1.04185,1.16254,1.16247,0.814724,-0.923389,1.1555,1.15546,0.808146
-211,1.475,1000180400,0.922497,3.7597,3.75969,2.6369,-2.43103,2.63938,2.63938,1.84908,-2.6403,1.97658,1.97658,1.3829,-3.0025,1.86541,1.86541,1.30594
-211,0.225,1000080160,-1.09136,2.78507,2.50588,2.29156,-1.32514,1.42227,1.41767,1.008,-0.956407,1.0776,1.07759,0.753152,-0.879637,1.12549,1.12547,0.788327
-211,1.725,1000180400,1.28555,3.71176,3.71174,2.60258,-2.25889,2.91205,2.91205,2.03979,-2.67588,2.09618,2.09618,1.46775,-2.87838,1.99654,1.99653,1.40179
-211,1.225,1000180400,0.168107,3.76604,3.76604,2.63646,-2.14644,2.79728,2.79728,1.95951,-2.60709,2.02592,2.02592,1.41909,-2.91905,1.81784,1.81783,1.27389
-211,1.975,1000180400,1.9762,3.77536,3.77532,2.64302,-2.53333,3.10196,3.10196,2.17214,-2.89048,2.00993,2.00993,1.40675,-2.89752,2.09319,2.09319,1.46614
-211,0.975,1000080160,0.887169,5.81539,3.93302,6.3018,-1.31394,1.4843,1.47862,1.0581,-1.17985,1.10418,1.10414,0.773369,-0.915903,1.21691,1.2168,0.853115
-211,1.675,1000080160,2.57425,8.37258,3.83109,6.33758,-0.919213,1.38013,1.37922,0.973251,-1.17105,0.894112,0.894114,0.62622,-0.727882,1.20076,1.20072,0.841464
-211,1.225,1000080160,1.96962,7.86749,4.06375,6.95398,-1.31494,1.50448,1.49793,1.07371,-1.21154,1.02534,1.02533,0.718339,-0.670212,1.34219,1.34189,0.941328
-211,1.475,1000080160,2.23135,7.1466,3.71971,5.8265,-0.92613,1.65181,1.64326,1.18271,-1.00468,1.06195,1.06194,0.743484,-0.916164,1.28529,1.285,0.901797
-211,1.925,1000080160,4.08522,14.4241,4.08992,7.73087,-0.760364,1.39857,1.39782,0.98332,-1.24473,1.13863,1.13853,0.798005,-0.471015,1.57267,1.57052,1.11073
-211,0.775,1000060120,0.323774,4.91554,3.76227,5.50889,-1.18836,1.349,1.34768,0.948316,-1.24411,0.963145,0.963143,0.674679,-0.87443,1.02269,1.02268,0.715639
-211,0.525,1000060120,-0.349786,4.65772,3.63438,5.08769,-1.29581,1.35155,1.34977,0.953927,-1.22887,0.954115,0.954113,0.670196,-0.956282,1.06339,1.06338,0.744133
-211,1.275,1000060120,1.87975,6.19778,3.70097,5.46645,-1.44802,1.1489,1.14867,0.806163,-1.42034,0.810834,0.810792,0.56766,-0.727447,1.34662,1.34625,0.945294
-211,0.275,1000060120,-1.03055,3.90922,3.1362,3.63412,-1.37754,1.25808,1.25704,0.884395,-1.16818,0.964836,0.964835,0.675932,-1.02938,1.05214,1.05213,0.736029
-211,1.775,1000060120,2.48095,5.62092,3.25616,4.29399,-1.00051,1.36555,1.36458,0.960225,-1.425,0.878187,0.87818,0.615967,-0.37805,1.13038,1.13038,0.79193
-211,1.025,1000060120,0.967249,4.80888,3.55607,4.88165,-1.12598,1.34804,1.34692,0.949383,-1.2603,0.921135,0.921134,0.644992,-1.00607,1.196,1.19589,0.838359
-211,1.525,1000060120,2.22927,5.94291,3.46753,4.80977,-1.11921,1.24033,1.24003,0.870304,-1.24242,0.892476,0.892476,0.624597,-0.311595,1.13441,1.13441,0.795933
-211,0.775,1000180400,-0.68454,3.63573,3.63573,2.54683,-1.99948,2.6683,2.6683,1.8683,-2.22191,1.83172,1.83172,1.28304,-2.56332,1.79408,1.79408,1.25558
-211,0.275,1000180400,-1.268,3.14365,3.14365,2.20132,-1.83395,2.06939,2.06939,1.44706,-1.81768,1.5015,1.5015,1.05163,-1.7919,1.59045,1.59045,1.11265
-211,0.525,1000180400,-0.922816,3.48872,3.48872,2.43739,-1.99072,2.45679,2.45679,1.72065,-2.05363,1.63638,1.63638,1.1464,-2.02363,1.7738,1.7738,1.24257
-211,1.025,1000180400,-0.028436,3.64485,3.64485,2.55498,-2.18839,2.68883,2.68883,1.88085,-2.41463,1.87224,1.87224,1.31146,-2.69125,1.90398,1.90398,1.33371
-211,2.025,1000060120,3.00808,6.3995,3.23746,4.41453,-1.20968,0.956404,0.956403,0.669245,-1.14,1.01495,1.01494,0.710877,-0.788975,1.42073,1.41972,1.00007
-211,0.525,1000080160,-0.572208,4.47076,3.48326,4.66143,-1.22874,1.65393,1.6379,1.19514,-1.03976,1.09118,1.09117,0.764058,-0.91303,1.13562,1.1356,0.795161
-211,0.275,1000080160,-1.20006,4.1263,3.18697,3.80101,-1.31702,1.52347,1.51529,1.08862,-0.994065,1.07922,1.07921,0.755451,-0.934571,1.11817,1.11815,0.783147
-211,0.775,1000080160,0.046329,4.88711,3.72796,5.47572,-1.01704,1.5798,1.57357,1.12659,-1.04319,1.09812,1.0981,0.771308,-0.832491,1.16443,1.1644,0.815891
-211,1.525,1000180400,1.09061,3.82973,3.82971,2.68755,-2.26087,2.63396,2.63396,1.84421,-2.72078,2.05082,2.05082,1.43484,-2.77513,2.01089,2.01089,1.40861
-211,1.775,1000180400,1.55272,3.78259,3.78257,2.65017,-2.57843,2.95719,2.95719,2.07137,-2.36184,2.07685,2.07685,1.45386,-2.9575,1.92391,1.92391,1.34564
-211,1.275,1000180400,0.345792,3.73242,3.73241,2.61655,-2.21028,2.77798,2.77798,1.9455,-2.45281,2.1232,2.1232,1.48692,-2.98529,1.85732,1.85732,1.29859
-211,2.025,1000180400,2.1326,3.95354,3.95341,2.77081,-1.89103,2.64672,2.64672,1.85401,-2.95283,2.38973,2.38973,1.67143,-2.93007,2.0713,2.0713,1.448
-211,1.025,1000080160,0.998454,5.98272,3.96742,6.38873,-1.19115,1.6355,1.62358,1.17599,-1.13472,1.05972,1.05971,0.74248,-0.917971,1.34819,1.34755,0.947431
-211,1.275,1000080160,2.30609,11.3477,4.65998,17.2003,-1.08687,1.72195,1.70561,1.24784,-1.22365,1.10236,1.10231,0.772567,-0.740371,1.29223,1.29205,0.905853
-211,1.725,1000080160,3.16823,10.5091,3.97518,6.95604,-0.893811,1.62491,1.61815,1.15996,-1.29105,1.04432,1.0443,0.73169,-0.284849,1.29905,1.299,0.91013
-211,1.525,1000080160,2.45272,9.57985,4.18974,7.56407,-1.09719,1.49176,1.48791,1.05868,-1.06606,1.12439,1.12435,0.787706,-0.691219,1.37306,1.3726,0.963184
-211,1.975,1000080160,4.3206,15.5856,4.17461,7.96399,-0.839023,1.52946,1.52645,1.0863,-1.2174,1.05583,1.05581,0.739038,-0.333386,1.35517,1.35502,0.950373
-211,0.075,1000260560,-1.46117,0.888886,0.888882,0.622556,-1.66946,1.81301,1.81301,1.26954,-0.649878,1.38928,1.38928,0.973243,-0.442353,1.30224,1.30224,0.912193
-211,0.575,1000260560,-1.33377,3.52189,3.52189,2.46865,-1.84833,2.80933,2.80933,1.96756,-1.25145,1.7821,1.7821,1.24847,-0.994615,1.80679,1.80679,1.2656
-211,0.325,1000260560,-1.55657,3.42997,3.42997,2.39619,-1.71359,2.39241,2.39241,1.67465,-1.05466,1.56386,1.56385,1.09551,-0.829808,1.63796,1.63796,1.14977
-211,1.075,1000260560,-0.840742,3.80099,3.80098,2.66293,-1.96299,3.01425,3.01425,2.11043,-1.68891,2.14062,2.14062,1.49841,-1.62825,1.94004,1.94004,1.35914
-211,1.325,1000260560,-0.377159,3.80151,3.8015,2.66351,-2.22323,3.08905,3.08905,2.15947,-1.75625,2.30717,2.30717,1.61554,-1.88779,2.08192,2.08192,1.45751
-211,0.825,1000260560,-1.18966,3.71959,3.71958,2.60575,-1.80986,3.01204,3.01204,2.10967,-1.55662,1.96127,1.96127,1.37322,-1.3412,1.95203,1.95203,1.36438
-211,1.575,1000260560,0.206124,3.93368,3.93366,2.75629,-1.90052,3.20739,3.20739,2.246,-1.96025,2.37523,2.37523,1.66214,-2.08631,2.15848,2.15848,1.51212
-211,1.825,1000260560,0.524236,3.85868,3.85866,2.69632,-2.19205,3.24547,3.24547,2.27478,-2.13103,2.28499,2.28499,1.59924,-2.06463,2.18666,2.18666,1.53183
111,0.075,1000060120,0.504758,1.06397,1.06396,0.745262,0.498408,1.16234,1.16234,0.814287,0.599024,1.08065,1.08065,0.756263,0.591184,1.29843,1.29829,0.910336
111,0.325,1000060120,0.785696,5.00089,3.6891,5.31145,0.521101,1.36673,1.36645,0.958709,0.551232,1.04302,1.04302,0.731759,0.555092,1.23445,1.23441,0.865039
111,0.575,1000060120,1.33216,5.6114,3.72498,5.52481,0.275381,1.38852,1.38832,0.973921,0.523288,1.00586,1.00586,0.704671,0.521168,1.29592,1.29582,0.908317
111,0.825,1000060120,2.61441,8.40383,3.86653,6.34246,0.58988,1.37993,1.37954,0.968894,0.555777,0.947215,0.947214,0.663549,0.640704,1.06555,1.06555,0.746354
111,1.575,1000060120,4.32331,11.7566,3.5601,6.06789,0.81113,1.20676,1.20669,0.844064,0.578431,1.00788,1.00788,0.706983,0.62245,1.099,1.099,0.768776
111,1.325,1000060120,3.78426,9.50079,3.48938,5.54114,0.377374,1.27122,1.27117,0.890586,0.464912,0.916843,0.916841,0.64208,0.558156,1.23275,1.23271,0.863846
111,1.075,1000060120,3.52723,10.4107,3.80924,6.40574,0.438478,1.43502,1.43451,1.00773,0.609091,0.94254,0.94254,0.660446,0.490106,1.20593,1.20591,0.844259
111,0.075,1000180400,0.372164,1.21293,1.21293,0.849327,0.178154,1.75702,1.75702,1.23045,-0.351337,1.39796,1.39796,0.979114,-0.0856228,1.59296,1.59296,1.11598
111,1.825,1000060120,5.54769,18.5679,3.83065,13.5086,0.858273,1.619,1.61285,1.15487,1.00003,1.17249,1.17241,0.821497,0.872341,1.34741,1.34685,0.945347
111,0.325,1000180400,0.236688,3.28133,3.28133,2.29777,-0.104658,2.23438,2.23438,1.56457,-0.482449,1.57724,1.57724,1.10486,-0.321572,1.67328,1.67328,1.17204
111,0.575,1000180400,0.587754,3.49358,3.49358,2.44732,-0.565502,2.48216,2.48216,1.73471,-0.641516,1.74409,1.74409,1.22246,-0.633626,1.74385,1.74385,1.22168
111,0.825,1000180400,1.10781,3.60521,3.6052,2.52573,-0.586022,2.52131,2.52131,1.76473,-0.837131,1.87996,1.87996,1.3169,-1.05366,1.76998,1.76998,1.23999
111,1.075,1000180400,1.7792,3.77708,3.77705,2.64613,-0.8281,2.63707,2.63707,1.84723,-0.966742,1.86243,1.86243,1.30302,-1.246,1.69329,1.69329,1.18539
111,1.825,1000180400,3.31019,3.86611,3.86583,2.70937,-1.05172,2.78357,2.78357,1.94953,-0.85625,2.1245,2.1245,1.48719,-1.36698,1.86189,1.86189,1.30674
111,1.575,1000180400,2.73243,3.75454,3.75446,2.63057,-0.650538,2.6728,2.6728,1.87198,-1.12455,2.09151,2.09151,1.46363,-1.44972,1.73229,1.73229,1.21348
111,1.325,1000180400,2.13473,3.71682,3.71679,2.6034,-0.798368,2.64685,2.64685,1.85689,-0.925101,1.93239,1.93239,1.35378,-1.46139,1.89721,1.89721,1.32914
111,0.325,1000080160,0.649165,4.64741,3.54607,4.87774,0.505612,1.61405,1.61028,1.14254,0.625827,1.19798,1.19795,0.837589,0.635751,1.32824,1.32801,0.930401
111,0.075,1000080160,0.484387,1.10867,1.10866,0.776524,0.537341,1.27792,1.27784,0.895596,0.667232,1.17792,1.1779,0.825445,0.647857,1.28702,1.28689,0.900533
111,0.575,1000080160,1.41946,6.22183,3.86997,6.10034,0.430116,1.59995,1.59741,1.1315,0.594916,1.19754,1.19752,0.839134,0.635991,1.34529,1.345,0.942815
111,0.825,1000080160,2.23258,7.23067,3.75114,5.91567,0.50826,1.6103,1.60717,1.14066,0.639018,1.17805,1.17803,0.82546,0.457493,1.32376,1.32363,0.927129
111,1.075,1000080160,2.82421,8.36187,3.67262,5.95693,0.437517,1.6999,1.69443,1.21112,0.521944,1.11516,1.11515,0.783229,0.688122,1.13166,1.13165,0.792339
111,1.325,1000080160,4.19406,14.3135,3.98144,7.47146,0.522452,1.57927,1.57678,1.11674,0.296296,1.07218,1.07218,0.750952,0.625066,1.26292,1.26283,0.885264
111,1.825,1000080160,5.7468,24.9196,4.31142,14.3014,0.418495,1.57738,1.57532,1.11421,0.387097,1.06356,1.06356,0.744203,0.715196,1.14357,1.14356,0.800992
111,0.075,1000260560,0.353881,1.28683,1.28683,0.900746,0.237887,1.89913,1.89913,1.33014,0.469468,1.42194,1.42194,0.995874,0.600326,1.58975,1.58975,1.11312
111,1.575,1000080160,4.9032,17.6632,4.01213,14.5065,0.491843,1.53149,1.52993,1.07982,0.476474,1.15778,1.15778,0.81107,0.726291,1.28529,1.28513,0.901401
111,0.325,1000260560,0.0186246,3.49171,3.49171,2.43968,-0.102587,2.47157,2.47157,1.72947,0.31369,1.5883,1.5883,1.11273,0.580945,1.7149,1.7149,1.20198
111,0.575,1000260560,0.179948,3.63847,3.63846,2.54903,-0.33035,2.88881,2.88881,2.02234,0.133973,1.76745,1.76745,1.23822,0.403142,1.80622,1.80622,1.2633
-211,1.775,1000080160,3.13055,8.784,3.61851,5.84199,-1.0795,1.49766,1.49377,1.06313,-1.24603,1.00653,1.00652,0.703838,-0.690495,1.15202,1.15201,0.806076
111,0.825,1000260560,0.582364,3.78918,3.78917,2.65467,-0.437925,2.90502,2.90502,2.04111,-0.110194,2.00625,2.00625,1.40544,0.107213,1.86152,1.86152,1.30756
111,1.075,1000260560,0.960231,3.80865,3.80863,2.66722,-0.656815,3.06923,3.06923,2.15021,-0.155525,2.11987,2.11987,1.48491,-0.0363636,1.88688,1.88688,1.32067
-211,2.025,1000080160,4.23724,13.8139,3.92473,7.19523,-1.06778,1.52183,1.51729,1.08203,-1.3718,0.938597,0.938595,0.657554,-0.4697,1.19177,1.19175,0.833056
111,1.325,1000260560,1.4285,3.87561,3.87558,2.71538,-0.795222,3.15171,3.15171,2.20764,-0.206636,2.08802,2.08802,1.46244,-0.144689,1.95859,1.95859,1.37351
-211,0.125,1000260560,-1.44291,1.74347,1.7501,1.22154,-1.71593,1.918,1.918,1.34341,-0.774317,1.42179,1.42179,0.993707,-0.567194,1.34113,1.34113,0.938886
-211,0.375,1000260560,-1.51426,3.48041,3.4804,2.43831,-1.7466,2.62687,2.62687,1.83932,-1.10725,1.59164,1.59164,1.11489,-0.827508,1.64421,1.64421,1.15154
-211,0.625,1000260560,-1.29581,3.61543,3.61542,2.53266,-1.81172,2.96245,2.96245,2.07471,-1.32917,1.81019,1.81019,1.2672,-1.05639,1.81104,1.81104,1.27005
-211,1.125,1000260560,-0.701117,3.86425,3.86423,2.70587,-1.85318,3.08515,3.08515,2.15908,-1.78243,2.11931,2.11931,1.48358,-1.63093,1.99039,1.99039,1.39434
111,0.125,1000060120,0.417683,1.58799,1.58492,1.12088,0.483071,1.17942,1.17941,0.826201,0.574297,1.06414,1.06414,0.745418,0.589382,1.31723,1.31706,0.923662
-211,0.875,1000260560,-1.1159,3.7529,3.75289,2.62921,-1.71622,2.77442,2.77442,1.94335,-1.52141,1.98504,1.98504,1.39007,-1.44537,1.94185,1.94185,1.36034
-211,1.375,1000260560,-0.173767,3.9377,3.93769,2.75858,-1.86431,3.27811,3.27811,2.2952,-1.92962,2.35241,2.35241,1.64759,-1.89404,2.06296,2.06296,1.44505
111,0.375,1000060120,0.89475,4.86743,3.59607,5.0209,0.44637,1.40843,1.40805,0.988599,0.57852,1.02064,1.02064,0.71503,0.611385,1.24716,1.2471,0.874067
-211,1.625,1000260560,0.0871563,3.86926,3.86925,2.70715,-1.91114,3.31779,3.31779,2.32408,-2.05952,2.18617,2.18617,1.53168,-1.97092,2.00505,2.00505,1.40444
-211,1.875,1000260560,0.430568,3.9187,3.91868,2.75127,-2.09933,3.10646,3.10646,2.17532,-1.956,2.28596,2.28596,1.59934,-2.1198,2.13221,2.13221,1.49305
111,0.625,1000060120,1.71457,5.91348,3.66205,5.36262,0.545467,1.21573,1.2157,0.851555,0.554598,1.02344,1.02344,0.716747,0.549265,1.25249,1.25243,0.877572
111,0.875,1000060120,2.47413,7.26439,3.68112,5.62359,0.622098,1.27851,1.2784,0.895989,0.513123,0.920637,0.920635,0.644953,0.402441,1.15394,1.15393,0.808372
111,1.125,1000060120,3.33622,9.86847,3.79586,6.31469,0.542347,1.37303,1.37272,0.963539,0.565657,0.906439,0.906437,0.636126,0.456522,1.05187,1.05187,0.736668
111,1.875,1000060120,5.00792,13.4036,3.41096,5.99658,0.576923,1.03469,1.03469,0.724776,0.26923,0.946267,0.946267,0.662918,0.625015,1.21755,1.21751,0.852703
111,1.375,1000060120,4.20065,13.5967,3.94935,7.17208,0.635931,1.20614,1.20611,0.843565,0.53125,0.973074,0.973073,0.681676,0.396105,1.1675,1.1675,0.816145
111,1.625,1000060120,5.02383,16.9527,3.94743,7.48098,0.500004,1.19816,1.19815,0.841712,0.735294,0.941065,0.941065,0.659234,0.697435,1.38512,1.38457,0.973071
111,0.125,1000180400,0.252627,1.82012,1.82012,1.27373,0.0486044,1.7991,1.7991,1.26002,-0.360436,1.43442,1.43442,1.00452,-0.0698826,1.63527,1.63527,1.14433
111,0.625,1000180400,0.771068,3.51581,3.51581,2.46998,-0.465445,2.47286,2.47286,1.73181,-0.653661,1.745,1.745,1.22238,-0.721852,1.83019,1.83019,1.28296
111,0.375,1000180400,0.209883,3.42782,3.42782,2.40037,-0.262073,2.38877,2.38877,1.67304,-0.507966,1.58587,1.58587,1.11341,-0.402968,1.7386,1.7386,1.21963
111,1.125,1000180400,1.87977,3.79216,3.79212,2.66499,-0.752708,2.75901,2.75901,1.93016,-0.823666,1.97975,1.97975,1.38695,-1.18244,1.78079,1.78079,1.24843
111,0.875,1000180400,0.983012,3.54037,3.54037,2.48026,-0.613924,2.59392,2.59392,1.81704,-0.855499,1.8419,1.8419,1.29035,-1.07747,1.82095,1.82095,1.27531
111,0.375,1000080160,0.872665,5.27788,3.7579,5.59742,0.381004,1.62701,1.62406,1.15171,0.618892,1.18198,1.18196,0.828191,0.635861,1.31254,1.31236,0.918467
111,0.125,1000080160,0.378742,1.61353,1.60938,1.14025,0.493168,1.31471,1.31439,0.921651,0.644124,1.18011,1.18008,0.82625,0.631985,1.34322,1.34295,0.940351
111,1.375,1000180400,2.33473,3.68542,3.68539,2.577,-0.857647,2.80868,2.80868,1.96583,-0.930588,2.02708,2.02708,1.41937,-1.46862,1.7552,1.7552,1.22963
111,1.875,1000180400,3.48123,3.79944,3.79919,2.6632,-1.42958,2.74748,2.74748,1.92478,-0.979167,2.21851,2.21851,1.55136,-1.47158,1.81377,1.81377,1.27097
111,1.625,1000180400,2.81443,3.74603,3.74594,2.62496,-0.820611,2.65653,2.65653,1.86107,-0.918103,1.97157,1.97157,1.38018,-1.4581,1.84568,1.84568,1.29255
111,0.625,1000080160,1.41257,5.66061,3.68816,5.4437,0.483469,1.61138,1.60835,1.1405,0.59908,1.18283,1.18282,0.830687,0.624858,1.23947,1.23941,0.867155
111,0.875,1000080160,2.27721,7.66295,3.83918,6.22741,0.34673,1.66059,1.65692,1.17741,0.635659,1.19079,1.19076,0.836534,0.698332,1.31199,1.31177,0.919913
111,1.125,1000080160,2.71836,7.63322,3.57774,5.55468,0.41437,1.61535,1.61254,1.14357,0.559301,1.23973,1.23968,0.868544,0.581526,1.18707,1.18705,0.829971
111,1.375,1000080160,4.4128,13.8739,3.78159,6.93264,0.666199,1.61627,1.61201,1.14563,0.586959,1.16291,1.1629,0.813182,0.516185,1.3974,1.397,0.980464
111,0.125,1000260560,0.195618,1.95081,1.95081,1.36466,0.130286,1.93274,1.93274,1.35357,0.439077,1.47704,1.47704,1.03453,0.561788,1.62658,1.62658,1.13886
111,1.625,1000080160,5.49068,24.1699,4.43815,14.8033,0.0762487,1.58528,1.58374,1.1173,0.684229,1.15459,1.15458,0.808036,0.532331,1.33149,1.33132,0.933586
111,1.875,1000080160,5.32078,18.8769,3.81587,13.57,0.544506,1.61143,1.60807,1.14214,0.521748,1.20644,1.20642,0.84521,0.418199,1.49812,1.49714,1.05406
111,0.375,1000260560,0.0872383,3.55296,3.55296,2.48898,-0.193026,2.56718,2.56718,1.79712,0.282076,1.63243,1.63243,1.14172,0.55776,1.71399,1.71399,1.20256
111,0.625,1000260560,0.291469,3.61427,3.61427,2.52776,-0.583682,2.98277,2.98277,2.08933,0.0802262,1.79605,1.79605,1.26026,0.365578,1.81771,1.81771,1.27336
111,1.575,1000260560,2.01186,3.92402,3.92393,2.74951,-0.61811,3.21113,3.21113,2.25182,-0.453157,2.11656,2.11656,1.48261,-0.355159,1.9191,1.9191,1.34329
111,0.875,1000260560,0.852978,3.70814,3.70813,2.59773,-0.462996,2.9336,2.9336,2.05097,-0.200883,2.01548,2.01548,1.40832,0.101579,1.88474,1.88474,1.32034
111,1.125,1000260560,1.13181,3.89701,3.89698,2.72754,-0.477058,3.16353,3.16353,2.21213,-0.142097,2.24524,2.24524,1.57292,0.00096463,1.97091,1.97091,1.38073
111,1.825,1000260560,2.29614,3.91288,3.91276,2.74193,-0.774925,3.40473,3.40473,2.38329,-0.263514,2.33,2.33,1.63183,-0.343669,2.01634,2.01634,1.41282
-211,0.425,1000260560,-1.55932,3.54277,3.54277,2.48192,-1.89589,2.57422,2.57422,1.80118,-1.15938,1.63768,1.63768,1.1472,-0.863636,1.66982,1.66982,1.16924
111,0.425,1000060120,1.19736,5.49756,3.74284,5.54551,0.543105,1.40678,1.4063,0.987868,0.564806,1.01767,1.01767,0.71475,0.537137,1.24852,1.24847,0.874956
111,1.375,1000260560,1.64525,3.9705,3.97042,2.78198,-0.728261,3.15629,3.15629,2.20944,-0.439589,2.33132,2.33132,1.6326,-0.202047,1.94299,1.94299,1.3638
-211,0.925,1000260560,-0.961301,3.76694,3.76693,2.63901,-1.83634,2.89355,2.89355,2.02518,-1.61164,2.04784,2.04784,1.4345,-1.5066,1.94618,1.94618,1.36341
-211,0.675,1000260560,-1.29859,3.62385,3.62385,2.54021,-1.62579,2.95978,2.95978,2.07336,-1.39321,1.83498,1.83498,1.28518,-1.12998,1.81469,1.81469,1.27117
-211,1.925,1000260560,0.693365,3.83227,3.83226,2.69062,-2.21318,3.06786,3.06786,2.1488,-1.77027,2.34118,2.34118,1.63876,-2.02403,2.15026,2.15026,1.5061
111,0.675,1000060120,1.82404,6.18945,3.68341,5.50334,0.45241,1.28466,1.28459,0.900009,0.559537,0.974116,0.974116,0.682346,0.512823,1.17677,1.17675,0.823018
111,0.175,1000060120,0.39001,2.09435,2.05513,1.56944,0.505261,1.23734,1.2371,0.867169,0.56942,1.07075,1.07075,0.751192,0.575443,1.30372,1.30358,0.914044
-211,1.675,1000260560,0.176831,4.00622,4.00619,2.81199,-2.54913,3.11062,3.11061,2.17762,-1.99522,2.24555,2.24555,1.57261,-2.01609,2.21412,2.21412,1.55112
111,0.925,1000060120,2.46196,7.72207,3.78462,6.01463,0.489533,1.4055,1.40509,0.985834,0.493789,0.93244,0.932438,0.65318,0.648388,1.08757,1.08757,0.760808
111,1.675,1000060120,4.93421,14.4588,3.64301,6.54725,0.475614,1.17844,1.17843,0.825418,0.480769,1.00928,1.00928,0.706937,0.556338,1.07272,1.07272,0.751238
111,1.925,1000060120,5.32404,17.1572,3.75965,7.10228,0.177553,1.46846,1.46798,1.03128,0.5,1.03058,1.03058,0.723197,0.992263,1.46791,1.46538,1.03813
111,1.425,1000060120,4.74703,15.5287,3.92977,7.28772,0.150604,1.19667,1.19667,0.838346,0.694815,0.838019,0.838012,0.586993,0.611117,1.16531,1.1653,0.816556
-211,1.175,1000260560,-0.753213,3.92717,3.92715,2.75149,-2.18571,3.18983,3.18983,2.23049,-1.82366,2.12774,2.12774,1.4883,-1.68947,2.05151,2.05151,1.43723
-211,1.425,1000260560,-0.295716,3.89803,3.89801,2.73062,-2.19618,3.21653,3.21653,2.25197,-1.93636,2.20752,2.20752,1.54336,-1.99166,2.07531,2.07531,1.45359
-211,0.175,1000260560,-1.5799,2.30425,2.30399,1.60917,-1.7015,2.00737,2.00737,1.40607,-0.888677,1.4568,1.4568,1.01773,-0.63697,1.44868,1.44868,1.01353
111,1.175,1000060120,2.94396,8.03982,3.61046,5.59777,0.566778,1.33032,1.33013,0.933062,0.64737,0.876795,0.876791,0.614662,0.313187,1.07719,1.07719,0.753811
111,0.175,1000180400,0.194513,2.32507,2.32507,1.62696,0.0707883,1.86719,1.86719,1.30799,-0.417758,1.49838,1.49838,1.04938,-0.156935,1.66973,1.66973,1.17292
111,0.675,1000180400,0.859071,3.53359,3.53359,2.47313,-0.32866,2.5838,2.5838,1.80904,-0.723452,1.76818,1.76818,1.23612,-0.836861,1.80142,1.80142,1.26194
111,0.425,1000180400,0.311783,3.3874,3.3874,2.37272,-0.348794,2.46265,2.46265,1.72095,-0.561749,1.61766,1.61766,1.13428,-0.411956,1.72179,1.72179,1.20614
111,1.175,1000180400,1.90725,3.65563,3.65562,2.56118,-0.743714,2.75854,2.75854,1.9309,-1.04281,2.03467,2.03467,1.42501,-1.25082,1.76899,1.76899,1.23931
111,0.425,1000080160,0.911487,5.31609,3.75111,5.5869,0.547131,1.61899,1.61543,1.1474,0.579491,1.17204,1.17203,0.821179,0.657182,1.24858,1.24851,0.873809
111,0.925,1000180400,1.37536,3.57596,3.57596,2.5004,-0.664179,2.69389,2.69389,1.88528,-0.806726,1.91114,1.91114,1.33611,-1.21896,1.70579,1.70579,1.195
111,0.675,1000080160,2.07134,8.07918,4.06643,6.97405,0.613872,1.53866,1.53657,1.08651,0.616007,1.19786,1.19783,0.839363,0.671151,1.31855,1.31833,0.923188
111,1.925,1000180400,3.56385,3.8081,3.80782,2.66363,-0.880952,2.7639,2.7639,1.93225,-1.32787,2.03005,2.03005,1.42032,-1.31844,1.82096,1.82096,1.27581
111,1.675,1000180400,3.01903,3.7489,3.74879,2.62687,-0.90708,2.82517,2.82517,1.97843,-1.10194,2.19585,2.19585,1.53829,-1.3297,1.87596,1.87596,1.31419
111,1.175,1000080160,4.06341,14.9328,4.19075,8.03227,0.518783,1.57871,1.57625,1.11598,0.508406,1.13747,1.13746,0.796787,0.42353,1.08463,1.08463,0.759847
111,0.925,1000080160,2.8717,9.70098,3.97922,6.89228,0.557743,1.61816,1.61455,1.14755,0.641113,1.1377,1.13769,0.796666,0.515332,1.18077,1.18075,0.827177
111,1.425,1000080160,3.93117,12.4582,3.811,6.89087,0.535322,1.65788,1.65322,1.17802,0.564819,1.13262,1.13261,0.793533,0.690591,1.44058,1.4396,1.01295
111,1.425,1000180400,2.30199,3.73864,3.73859,2.61948,-0.818302,2.79493,2.79493,1.95786,-1.22703,2.03532,2.03532,1.42263,-1.39855,1.80791,1.8079,1.2656
111,0.175,1000080160,0.348568,2.14497,2.0963,1.61965,0.529897,1.40557,1.40491,0.987007,0.632413,1.18778,1.18775,0.832011,0.648799,1.31918,1.31897,0.923219
111,1.675,1000080160,4.71399,15.9544,3.84611,7.38423,0.450461,1.71558,1.70941,1.22418,0.694852,1.22789,1.22782,0.860598,0.738129,1.23062,1.23055,0.862232
111,0.175,1000260560,0.0629727,2.49522,2.49522,1.74552,0.0996386,2.06667,2.06667,1.44758,0.395444,1.50803,1.50803,1.05363,0.604922,1.66251,1.66251,1.16471
111,1.925,1000080160,4.99527,15.5919,3.55625,6.78598,0.66472,1.4545,1.45344,1.02384,0.421055,1.17767,1.17766,0.824062,0.698202,1.47164,1.47028,1.0369
111,0.675,1000260560,0.311985,3.64552,3.64552,2.55388,-0.361767,3.02395,3.02395,2.12005,0.0442765,1.84493,1.84493,1.28882,0.350016,1.85507,1.85507,1.29962
111,0.425,1000260560,0.20323,3.58559,3.58558,2.51042,-0.166812,2.67237,2.67237,1.86923,0.274224,1.66056,1.66056,1.16321,0.540868,1.73367,1.73367,1.21475
111,1.625,1000260560,1.9741,3.9976,3.99746,2.79499,-0.954308,3.22331,3.22331,2.25467,-0.391403,2.23232,2.23232,1.56222,-0.431522,2.04182,2.04182,1.43001
111,0.925,1000260560,0.834794,3.82519,3.82517,2.67578,-0.585495,2.87742,2.87742,2.01582,-0.0971765,2.03833,2.03833,1.42801,0.0146147,1.85631,1.85631,1.30031
111,1.175,1000260560,1.23752,3.79893,3.79891,2.65415,-0.389655,3.15649,3.15649,2.20611,-0.258735,2.08331,2.08331,1.45796,-0.0411285,1.91471,1.9147,1.34132
111,1.875,1000260560,2.40765,3.97657,3.97638,2.78465,-0.715488,3.48805,3.48805,2.43865,-0.56015,2.30145,2.30145,1.61224,-0.565064,2.02225,2.02225,1.41584
111,0.975,1000060120,2.55024,7.64221,3.72197,5.81507,0.449372,1.41102,1.41062,0.990615,0.462585,0.961856,0.961855,0.673103,0.585762,1.30219,1.30205,0.91169
-211,0.475,1000260560,-1.58781,3.55945,3.55945,2.50064,-1.81655,2.63062,2.63062,1.84233,-1.17275,1.6793,1.6793,1.17614,-0.857478,1.68785,1.68785,1.18242
111,0.225,1000060120,0.393308,2.7414,2.55357,2.30197,0.504379,1.28522,1.28514,0.899344,0.543105,1.06056,1.06056,0.743445,0.598961,1.2599,1.25982,0.883068
111,1.475,1000060120,3.85975,9.15172,3.36317,5.25965,0.564937,1.13267,1.13267,0.794061,0.56579,0.922383,0.922381,0.646077,0.524391,1.11415,1.11415,0.779207
111,0.725,1000060120,1.90139,6.26226,3.67407,5.47784,0.461729,1.35984,1.35963,0.951928,0.524965,0.991813,0.991813,0.696772,0.529054,1.26765,1.26759,0.887189
-211,1.975,1000260560,0.886282,3.92089,3.92087,2.74665,-2.19099,3.33378,3.33378,2.33549,-2.08411,2.544,2.544,1.7817,-2.22035,2.11647,2.11647,1.48272
111,1.975,1000060120,5.14786,14.7356,3.41654,6.25294,0.425143,1.40397,1.40362,0.985578,0.676471,0.983961,0.983961,0.688826,0.63732,1.2988,1.29864,0.910602
111,1.225,1000060120,3.23313,7.61421,3.35796,4.97872,0.475114,1.4118,1.41137,0.991302,0.658274,0.930375,0.930374,0.651243,0.618818,1.16277,1.16275,0.814563
111,0.725,1000080160,2.1003,6.7765,3.69785,5.68218,0.502248,1.65933,1.65485,1.17827,0.60403,1.1928,1.19278,0.835458,0.616821,1.29494,1.29481,0.906658
111,1.725,1000060120,5.36831,18.8183,4.04575,14.2495,0.368673,1.4729,1.47222,1.03511,0.932433,0.973661,0.973661,0.682056,0.542554,1.09068,1.09068,0.764066
111,0.475,1000060120,1.28668,5.90258,3.85119,5.93607,0.560715,1.35584,1.35558,0.950312,0.585666,1.02691,1.02691,0.719426,0.496356,1.27568,1.27561,0.894229
-211,0.975,1000260560,-0.863336,3.81935,3.81934,2.67299,-1.96161,3.0268,3.0268,2.1204,-1.63245,2.09236,2.09236,1.46241,-1.51886,1.95931,1.95931,1.37252
-211,1.725,1000260560,0.320908,3.91428,3.91427,2.74559,-2.3697,3.10416,3.10416,2.17356,-1.97733,2.55576,2.55576,1.78724,-2.05926,2.14661,2.14661,1.5007
-211,1.225,1000260560,-0.560472,3.92008,3.92006,2.74088,-1.94918,3.02903,3.02903,2.12122,-1.9564,2.1093,2.1093,1.47759,-1.80047,2.08812,2.08812,1.46287
111,0.225,1000180400,0.108079,2.8105,2.8105,1.96394,-0.03784,2.03984,2.03984,1.4269,-0.442053,1.52477,1.52477,1.06802,-0.22993,1.6791,1.6791,1.17622
111,0.475,1000180400,0.44901,3.46622,3.46622,2.42748,-0.38777,2.43565,2.43565,1.70631,-0.538481,1.63674,1.63674,1.14665,-0.431339,1.73186,1.73186,1.21638
-211,0.225,1000260560,-1.56089,2.79112,2.79112,1.95314,-1.67789,2.1551,2.1551,1.50695,-0.990523,1.49871,1.49871,1.04975,-0.715916,1.51117,1.51117,1.05869
111,1.425,1000260560,1.46698,3.79849,3.79846,2.66109,-0.823699,3.20251,3.20251,2.24335,-0.193525,2.22366,2.22366,1.55628,-0.167511,2.00792,2.00792,1.41026
111,0.475,1000080160,1.17446,6.11204,3.95748,6.33757,0.42696,1.68659,1.68058,1.19985,0.596834,1.18341,1.18339,0.829209,0.634603,1.3522,1.35189,0.947781
111,0.725,1000180400,0.949578,3.55651,3.55651,2.49154,-0.643931,2.57368,2.57368,1.80182,-0.732198,1.81342,1.81342,1.26945,-0.868394,1.80973,1.80973,1.26783
111,0.975,1000180400,1.50365,3.59311,3.5931,2.51545,-0.758475,2.72452,2.72452,1.9087,-0.916096,1.98493,1.98493,1.38999,-1.17532,1.79936,1.79936,1.26017
-211,0.725,1000260560,-1.25261,3.63054,3.63054,2.544,-1.76101,2.93474,2.93474,2.05523,-1.40952,1.94,1.94,1.35903,-1.25037,1.84867,1.84867,1.29512
111,1.225,1000180400,2.06561,3.76905,3.76901,2.6351,-0.584291,2.85988,2.85988,2.00314,-0.915435,2.06249,2.06249,1.44293,-1.3219,1.7229,1.7229,1.20354
-211,1.475,1000260560,0.00558112,3.84623,3.84622,2.69443,-2.40184,3.16368,3.16368,2.21498,-1.81459,2.32889,2.32889,1.63127,-1.90225,2.02864,2.02864,1.41793
111,0.975,1000080160,2.71561,8.25474,3.7265,6.02756,0.588324,1.63726,1.6303,1.16304,0.64646,1.19042,1.19039,0.836039,0.579307,1.20676,1.20673,0.845686
111,1.725,1000080160,5.95705,25.1218,4.20163,13.895,0.64781,1.6683,1.66233,1.18917,0.848095,1.30636,1.30604,0.916858,0.489484,1.43339,1.43282,1.00592
111,1.975,1000180400,3.73092,3.8702,3.86975,2.70839,-1.24879,2.75551,2.75551,1.92884,-0.932,2.12863,2.12863,1.49046,-1.3318,1.78641,1.78641,1.25128
111,1.725,1000180400,3.04767,3.70861,3.70851,2.5988,-1.03878,2.51488,2.51488,1.76112,-0.856757,2.23952,2.23952,1.56788,-1.42809,1.91221,1.91221,1.3392
111,1.475,1000080160,4.39754,14.9888,3.97162,7.49322,0.444434,1.58325,1.58099,1.11889,0.546311,1.23468,1.23464,0.864413,0.647877,1.28019,1.28008,0.89745
111,1.225,1000080160,4.05497,13.5446,3.99032,7.33628,0.55023,1.53949,1.53763,1.08637,0.654939,1.17843,1.17841,0.825412,0.56123,1.17332,1.17331,0.821739
111,0.225,1000080160,0.372104,2.75838,2.56017,2.32195,0.532858,1.44908,1.44834,1.01662,0.616988,1.19345,1.19342,0.836119,0.682639,1.28248,1.28235,0.897965
111,1.475,1000180400,2.61978,3.67983,3.67978,2.57436,-0.568966,2.67928,2.67928,1.87623,-1.15418,1.99202,1.99202,1.39692,-1.25798,1.88512,1.88512,1.31786
111,1.975,1000080160,7.04714,35.0793,4.39347,12.9653,0.343959,1.59562,1.59346,1.12744,0.470588,0.984681,0.98468,0.689764,0.657278,1.3482,1.34788,0.945714
111,0.475,1000260560,0.209084,3.51612,3.51612,2.46327,-0.155644,2.76655,2.76655,1.93772,0.214107,1.68577,1.68577,1.1809,0.563401,1.81849,1.81849,1.27625
111,0.725,1000260560,0.507881,3.74476,3.74475,2.62354,-0.571885,3.07055,3.07055,2.15096,0.0102536,1.93157,1.93157,1.35312,0.3185,1.86839,1.86839,1.31281
111,0.225,1000260560,0.0124051,2.92319,2.92319,2.04726,0.12282,2.22485,2.22485,1.55561,0.372734,1.54571,1.54571,1.08288,0.620677,1.67813,1.67813,1.17289
111,0.975,1000260560,0.840961,3.70896,3.70895,2.59782,-0.555242,2.85694,2.85694,2.00141,-0.133891,2.06759,2.06759,1.44594,-0.016546,1.87603,1.87603,1.31429
111,1.675,1000260560,2.1118,3.88693,3.88684,2.72175,-0.723377,3.17865,3.17865,2.22263,-0.525907,2.34083,2.34083,1.63769,-0.354048,2.09147,2.09147,1.4691
111,1.225,1000260560,1.27438,3.81305,3.81303,2.67146,-0.737389,2.92337,2.92337,2.04513,-0.292969,2.18206,2.18206,1.52859,-0.246562,1.93821,1.93821,1.35777
111,1.925,1000260560,2.38985,3.93051,3.93036,2.75435,-0.652174,3.39797,3.39797,2.37989,-0.614407,2.38035,2.38035,1.66667,-0.55772,1.98092,1.98092,1.38764
111,1.025,1000060120,3.16768,9.01438,3.72727,5.98992,0.500058,1.32633,1.32618,0.929168,0.599141,0.877582,0.877576,0.614589,0.480208,1.2185,1.21847,0.853887
111,0.275,1000060120,0.682782,4.12269,3.31556,4.1173,0.512554,1.34093,1.34049,0.940198,0.547553,1.06146,1.06146,0.743561,0.546983,1.25776,1.2577,0.881417
111,0.775,1000060120,2.13513,6.70298,3.6977,5.59901,0.585218,1.37951,1.37913,0.968002,0.569768,1.00907,1.00907,0.706821,0.444208,1.16094,1.16093,0.812679
111,2.025,1000060120,6.15422,21.9088,3.8434,12.9447,0.214364,1.36773,1.36759,0.958641,0.384573,0.800005,0.799956,0.559423,0.237712,1.25308,1.25306,0.877797
-211,0.525,1000260560,-1.39461,3.5749,3.57489,2.50713,-1.76906,2.72489,2.72489,1.90859,-1.22483,1.68328,1.68328,1.17895,-0.852376,1.73167,1.73167,1.2136
111,1.525,1000060120,4.9603,15.9372,3.86809,7.1646,0.669878,1.48546,1.48401,1.04495,0.438452,0.820483,0.820449,0.574487,0.589604,1.28971,1.2896,0.903764
111,1.275,1000060120,4.14183,14.0493,4.02349,7.46585,0.467764,1.25044,1.2504,0.876291,0.65493,0.966063,0.966063,0.676441,0.521277,1.06131,1.06131,0.742937
-211,2.025,1000260560,0.864783,3.70913,3.70912,2.59859,-2.1449,3.09956,3.09956,2.16712,-2.07672,2.34649,2.34649,1.6413,-2.12877,2.05658,2.05658,1.44071
111,0.775,1000080160,2.02204,6.78429,3.74207,5.80409,0.480799,1.64928,1.64524,1.17079,0.626932,1.1659,1.16589,0.817112,0.768603,1.3184,1.3181,0.924307
111,1.775,1000060120,4.74105,12.682,3.49439,6.02747,0.210814,1.7172,1.71229,1.22295,0.613637,1.0735,1.0735,0.754255,0.360467,1.17233,1.17232,0.820352
111,0.525,1000060120,1.47379,5.6972,3.69135,5.43153,0.50035,1.44407,1.44342,1.01471,0.543827,1.00196,1.00196,0.701936,0.561667,1.22582,1.22579,0.858929
-211,1.025,1000260560,-0.804025,3.82712,3.82711,2.67434,-1.92398,2.97957,2.97957,2.08686,-1.65913,2.04211,2.04211,1.42945,-1.55562,2.01507,2.01507,1.4116
111,0.275,1000180400,0.0748568,3.22987,3.22987,2.26293,-0.106324,2.17881,2.17881,1.52438,-0.453837,1.55168,1.55168,1.08698,-0.318841,1.70062,1.70062,1.19465
-211,1.775,1000260560,0.305312,3.84571,3.8457,2.69428,-2.03179,3.26422,3.26422,2.28187,-1.90719,2.2484,2.2484,1.57507,-2.17125,2.06319,2.06319,1.4488
-211,0.275,1000260560,-1.67239,3.26368,3.26368,2.2857,-1.71996,2.30179,2.30179,1.61082,-1.01051,1.52522,1.52522,1.06843,-0.804012,1.56956,1.56956,1.09793
111,1.275,1000180400,2.21363,3.69364,3.69361,2.58445,-0.828713,2.77652,2.77652,1.94502,-1.01297,2.0641,2.0641,1.44562,-1.35181,1.83682,1.83682,1.28666
111,0.525,1000180400,0.614352,3.43164,3.43164,2.39934,-0.432127,2.44748,2.44748,1.7139,-0.645931,1.66586,1.66586,1.16984,-0.537102,1.76616,1.76616,1.24038
111,0.525,1000080160,1.21077,5.36439,3.65527,5.31823,0.391359,1.64748,1.64397,1.168,0.594967,1.18436,1.18434,0.829827,0.656759,1.26353,1.26343,0.884886
111,1.475,1000260560,1.82982,3.80857,3.80853,2.66677,-0.692623,3.11922,3.11922,2.18029,-0.317726,2.25815,2.25815,1.58103,-0.368085,2.02645,2.02645,1.41927
-211,1.275,1000260560,-0.398642,3.77572,3.77572,2.64518,-1.93845,3.0781,3.0781,2.15586,-1.87892,2.16613,2.16613,1.51672,-1.77932,2.05626,2.05626,1.4406
111,1.025,1000080160,2.86339,9.12303,3.84606,6.46448,0.386009,1.53865,1.53728,1.0824,0.587327,1.13122,1.13121,0.792525,0.599513,1.20895,1.20892,0.846346
111,1.025,1000180400,1.61843,3.84476,3.84472,2.69369,-0.680704,2.54721,2.54721,1.78063,-1.00247,1.96046,1.96046,1.37538,-1.20921,1.78668,1.78668,1.25161
-211,1.525,1000260560,-0.163907,3.80799,3.80799,2.66289,-2.41724,3.28156,3.28155,2.2987,-1.92458,2.25571,2.25571,1.57981,-2.03172,1.98079,1.98079,1.39107
-211,0.775,1000260560,-1.07094,3.8078,3.80778,2.66774,-1.75716,2.86009,2.86009,2.00368,-1.47904,1.85805,1.85805,1.30143,-1.32313,1.936,1.936,1.35514
111,0.775,1000180400,1.11432,3.60723,3.60722,2.5267,-0.468032,2.64154,2.64154,1.84881,-0.827116,1.89384,1.89384,1.32675,-0.955029,1.74927,1.74927,1.22349
111,1.775,1000080160,5.34717,17.7153,3.72603,13.3409,0.264324,1.84844,1.83677,1.33557,0.735307,1.18116,1.18113,0.827322,0.78585,1.31774,1.31743,0.924444
111,2.025,1000180400,3.63518,3.78982,3.78954,2.65064,-1.37283,2.71382,2.71382,1.89576,-0.841176,1.85528,1.85528,1.2972,-1.33483,1.83701,1.83701,1.2868
111,1.775,1000180400,3.08557,3.74073,3.74061,2.62142,-0.787554,2.71134,2.71134,1.89603,-1.05882,2.0072,2.0072,1.40395,-1.32587,1.8214,1.8214,1.27587
111,1.275,1000080160,3.46222,10.556,3.76524,6.50407,0.684281,1.52561,1.52345,1.07753,0.500001,1.13891,1.13891,0.796415,0.550734,1.19976,1.19974,0.840744
111,0.275,1000080160,0.435586,3.93423,3.24823,3.93204,0.483613,1.58535,1.5829,1.11965,0.609354,1.18036,1.18034,0.826982,0.694235,1.30152,1.30133,0.912351
111,1.525,1000080160,5.2303,20.8074,4.18368,14.5724,0.241574,1.62807,1.62554,1.1517,0.569774,1.17897,1.17895,0.825716,0.363637,1.0909,1.0909,0.76397
111,1.525,1000180400,2.74585,3.65425,3.6542,2.56042,-0.797468,2.75003,2.75003,1.92674,-0.80742,2.11993,2.11993,1.48251,-1.35548,1.69016,1.69016,1.18313
111,2.025,1000080160,5.69052,21.989,3.80536,13.0793,0.567968,1.37645,1.3761,0.965681,0.596775,1.05807,1.05807,0.741173,0.799407,1.4004,1.39956,0.984995
111,0.525,1000260560,0.133114,3.6586,3.6586,2.56376,-0.407781,2.74155,2.74155,1.92035,0.182026,1.70596,1.70596,1.19173,0.471516,1.76879,1.76879,1.2391
111,1.725,1000260560,2.16206,3.79487,3.79482,2.65625,-0.600304,3.34368,3.34368,2.33676,-0.368347,2.22203,2.22203,1.5566,-0.303967,1.9402,1.9402,1.35952
111,0.775,1000260560,0.634872,3.81085,3.81084,2.66541,-0.401706,2.95435,2.95435,2.06924,-0.108294,1.93804,1.93804,1.35935,0.196165,1.84377,1.84377,1.28995
111,1.025,1000260560,0.898142,3.8364,3.83639,2.6877,-0.511792,3.10031,3.10031,2.16822,-0.113599,2.07402,2.07402,1.45194,-0.058709,1.86818,1.86818,1.30694
111,0.275,1000260560,-0.136721,3.42048,3.42047,2.39646,0.0332022,2.33542,2.33542,1.63378,0.356336,1.55707,1.55707,1.08846,0.568517,1.67473,1.67473,1.17193
111,1.275,1000260560,1.26656,3.82893,3.8289,2.68197,-0.913174,3.12791,3.12791,2.18536,-0.261582,2.13755,2.13755,1.49714,-0.154636,2.02426,2.02426,1.41851
111,1.975,1000260560,2.52901,3.96861,3.96841,2.77882,-0.952001,3.5432,3.5432,2.48117,-0.489583,2.3586,2.3586,1.6492,-0.430769,2.13953,2.13953,1.50256
111,1.525,1000260560,1.84193,3.8693,3.86924,2.71004,-0.899543,3.17707,3.17707,2.22359,-0.261468,2.45497,2.45497,1.71858,-0.439309,1.96069,1.96069,1.37193
111,1.775,1000260560,2.311,3.94949,3.94934,2.7678,-1.0241,3.35666,3.35666,2.35019,-0.242857,2.39772,2.39772,1.67779,-0.22914,2.04166,2.04166,1.43004
111,2.025,1000260560,2.73935,3.92741,3.9272,2.75274,-1.01986,3.2093,3.2093,2.24654,-0.359375,2.55663,2.55663,1.78764,-0.508224,2.05891,2.05891,1.44378
