probe,ke,target,consthA,constErrhA,slopehA,slopeErrhA,consthN,constErrhN,slopehN,slopeErrhN,constINCL,constErrINCL,slopeINCL,slopeErrINCL,constGeant4,constErrGeant4,slopeGeant4,slopeErrGeant4
2112,0.075,1000060120,0.177666,0.323958,0.128944,0.411591,0.447979,0.682361,0.437623,0.535557,1.93175,3.30616,1.71405,1.9305,1.48327,2.36707,1.37352,1.48359
2112,0.125,1000060120,0.1855,0.334645,0.13985,0.41319,0.389749,0.60454,0.377194,0.499266,1.24539,1.92451,1.17682,1.24716,0.983988,1.47731,0.948352,0.991414
2112,0.175,1000060120,0.186572,0.334926,0.143735,0.414112,0.40495,0.624481,0.394393,0.509387,1.01238,1.52446,0.973348,1.01843,0.800805,1.18772,0.780159,0.81891
2112,0.225,1000060120,0.197419,0.351615,0.158077,0.418078,0.4003,0.619597,0.390039,0.507662,0.884173,1.31732,0.857392,0.896235,0.713041,1.05524,0.697796,0.740839
2112,0.275,1000060120,0.198089,0.351594,0.161957,0.419638,0.390618,0.606358,0.379245,0.501137,0.80448,1.19344,0.783583,0.822312,0.662653,0.981545,0.649301,0.697358
2112,0.325,1000060120,0.198059,0.351701,0.156697,0.416048,0.389802,0.604881,0.377726,0.499863,0.758931,1.12414,0.740954,0.781198,0.626359,0.931063,0.612282,0.665781
2112,0.375,1000060120,0.215438,0.375544,0.181692,0.422836,0.384318,0.597658,0.37255,0.497237,0.736194,1.09005,0.719457,0.760958,0.610281,0.906318,0.598704,0.654284
2112,0.425,1000060120,0.20039,0.353866,0.159693,0.415804,0.401463,0.619737,0.391308,0.507748,0.687878,1.01851,0.67346,0.718841,0.56071,0.836369,0.550163,0.615278
2112,0.475,1000060120,0.209264,0.365586,0.172254,0.418713,0.382193,0.595473,0.371641,0.497529,0.657569,0.974205,0.644433,0.693149,0.531246,0.795543,0.521197,0.593327
2112,0.525,1000060120,0.211388,0.368057,0.175526,0.419417,0.384274,0.597806,0.372358,0.49718,0.618848,0.918473,0.606871,0.66103,0.480499,0.724601,0.47066,0.556684
2112,0.575,1000060120,0.214938,0.374397,0.179732,0.421376,0.371379,0.581289,0.359506,0.490813,0.58589,0.872127,0.574162,0.634234,0.454006,0.690993,0.444786,0.540723
2112,0.625,1000060120,0.22267,0.384519,0.190383,0.424176,0.357585,0.563323,0.345158,0.483648,0.555823,0.82932,0.544989,0.611091,0.422042,0.647434,0.41078,0.51869
2112,0.675,1000060120,0.222005,0.383291,0.188633,0.423054,0.334194,0.531874,0.318764,0.470046,0.53533,0.800811,0.524532,0.59546,0.410866,0.633403,0.400863,0.513756
2112,0.725,1000060120,0.242409,0.41166,0.215037,0.431558,0.341474,0.542131,0.327998,0.475287,0.517127,0.77458,0.507275,0.582501,0.374772,0.58565,0.3632,0.492733
2112,0.775,1000060120,0.219199,0.37941,0.183922,0.421246,0.327303,0.523351,0.312287,0.467769,0.506419,0.760774,0.495572,0.574118,0.373149,0.583965,0.362369,0.492848
2112,0.825,1000060120,0.229641,0.393276,0.198981,0.425946,0.311219,0.502134,0.29477,0.460109,0.496999,0.743741,0.486049,0.56608,0.359318,0.565502,0.34691,0.484428
2112,0.875,1000060120,0.240886,0.409744,0.212961,0.430922,0.327465,0.523699,0.312758,0.468173,0.494927,0.740349,0.484038,0.565109,0.37312,0.584866,0.364203,0.494983
2112,0.925,1000060120,0.237698,0.405883,0.210272,0.430981,0.324946,0.520821,0.310901,0.467929,0.480759,0.724527,0.470527,0.556299,0.345581,0.548309,0.334191,0.479347
2112,0.975,1000060120,0.231983,0.39852,0.203473,0.42939,0.315026,0.508074,0.298943,0.462396,0.475895,0.719099,0.464436,0.552285,0.360855,0.568729,0.350991,0.488047
2112,1.025,1000060120,0.238791,0.406429,0.209304,0.429003,0.319955,0.514129,0.30509,0.465134,0.46207,0.700441,0.450479,0.543009,0.348677,0.552134,0.337049,0.480428
2112,1.075,1000060120,0.252491,0.424686,0.227885,0.435549,0.303167,0.492573,0.287648,0.458472,0.465418,0.704896,0.453768,0.545118,0.326631,0.523861,0.314619,0.4708
2112,1.125,1000060120,0.238655,0.406553,0.209916,0.429749,0.317571,0.512046,0.304726,0.466478,0.450532,0.683485,0.439504,0.535497,0.323144,0.519542,0.311357,0.469697
2112,1.175,1000060120,0.2577,0.430674,0.23123,0.434735,0.319507,0.514087,0.305777,0.466217,0.461983,0.700339,0.450415,0.542982,0.317954,0.512728,0.305629,0.467154
2112,1.225,1000060120,0.238017,0.4058,0.209361,0.429761,0.308656,0.49991,0.294382,0.461603,0.456183,0.690991,0.445508,0.539423,0.352378,0.558943,0.345065,0.486974
2112,1.275,1000060120,0.252599,0.424275,0.226683,0.434202,0.324009,0.520977,0.312853,0.470772,0.457431,0.693984,0.445618,0.539692,0.354471,0.561769,0.347469,0.488278
2112,1.325,1000060120,0.259162,0.432958,0.233277,0.435765,0.331761,0.531227,0.3215,0.474823,0.45513,0.690845,0.443115,0.537996,0.335282,0.535317,0.324114,0.475251
2112,1.375,1000060120,0.264784,0.44199,0.243673,0.44193,0.326711,0.523495,0.313613,0.46966,0.459583,0.696929,0.447671,0.541008,0.353982,0.560419,0.345487,0.486351
2112,1.425,1000060120,0.260837,0.436318,0.236948,0.438456,0.334585,0.534875,0.324268,0.475954,0.453503,0.688498,0.441892,0.537278,0.360595,0.569604,0.353177,0.490729
2112,1.475,1000060120,0.271535,0.451222,0.250997,0.444403,0.318393,0.51345,0.306341,0.467656,0.450599,0.683624,0.439571,0.535563,0.357511,0.566055,0.350907,0.490232
2112,1.525,1000060120,0.269973,0.447791,0.247583,0.441658,0.332038,0.531425,0.321453,0.474571,0.466393,0.706385,0.455046,0.546134,0.365589,0.575556,0.357218,0.492006
2112,1.575,1000060120,0.264237,0.440533,0.241168,0.439786,0.327271,0.525094,0.316076,0.471995,0.449693,0.68229,0.439111,0.535369,0.3698,0.582182,0.364044,0.49702
2112,1.625,1000060120,0.283545,0.46575,0.263223,0.447339,0.319503,0.513864,0.305303,0.465698,0.45935,0.696898,0.447922,0.541455,0.359843,0.568756,0.352653,0.490642
2112,1.675,1000060120,0.263929,0.439447,0.239125,0.437922,0.321321,0.516812,0.308525,0.467927,0.456534,0.693004,0.444935,0.539425,0.359568,0.569652,0.354902,0.493424
2112,1.725,1000060120,0.263522,0.43885,0.238471,0.437587,0.325933,0.521685,0.311066,0.467401,0.465136,0.704705,0.453801,0.545326,0.362663,0.57177,0.354235,0.49055
2112,1.775,1000060120,0.26923,0.446427,0.245711,0.440326,0.343239,0.545515,0.332141,0.478708,0.463068,0.701818,0.451535,0.543734,0.349778,0.555673,0.342554,0.485916
2112,1.825,1000060120,0.269805,0.447152,0.246351,0.440513,0.353021,0.558137,0.342274,0.483392,0.485298,0.731565,0.47485,0.559562,0.362544,0.57285,0.356595,0.49335
2112,1.875,1000060120,0.279353,0.459652,0.257984,0.444867,0.347328,0.550124,0.334996,0.479084,0.481832,0.726467,0.471428,0.557068,0.381418,0.597728,0.376488,0.503869
2112,1.925,1000060120,0.243707,0.412075,0.213181,0.428547,0.343679,0.54568,0.331762,0.477974,0.476784,0.718819,0.467227,0.554142,0.398886,0.621437,0.395631,0.515181
2112,1.975,1000060120,0.282866,0.465173,0.263189,0.447837,0.349005,0.554366,0.341034,0.484758,0.462716,0.701451,0.451361,0.543726,0.391475,0.612494,0.391314,0.514423
2112,2.025,1000060120,0.272859,0.452199,0.250701,0.443015,0.349036,0.554062,0.340356,0.483966,0.476167,0.719474,0.464714,0.552479,0.414828,0.641776,0.410528,0.522898
2112,0.075,1000080160,0.154583,0.264051,0.130152,0.289891,0.464255,0.676307,0.459946,0.486951,2.62932,5.07269,2.17478,2.62724,1.14174,1.75101,1.0874,1.14599
2112,0.125,1000080160,0.160434,0.271998,0.13832,0.29256,0.419121,0.614284,0.414949,0.449487,1.55596,2.50863,1.43217,1.55646,0.885712,1.31075,0.861219,0.888274
2112,0.175,1000080160,0.155949,0.266192,0.132658,0.291135,0.387263,0.570775,0.383176,0.424534,1.17238,1.79412,1.11382,1.17187,0.732957,1.07285,0.716581,0.73475
2112,0.225,1000080160,0.1639,0.277246,0.142786,0.294332,0.382193,0.564132,0.377777,0.420434,1.01412,1.52269,0.975536,1.01446,0.689988,1.00648,0.676953,0.693871
2112,0.275,1000080160,0.161984,0.274549,0.137762,0.291595,0.379017,0.55987,0.3745,0.417955,0.928039,1.38133,0.897354,0.927996,0.631182,0.922597,0.620984,0.637739
2112,0.325,1000080160,0.166389,0.280869,0.144697,0.294567,0.364044,0.53967,0.360073,0.40749,0.877776,1.29964,0.852225,0.878796,0.605103,0.87797,0.597836,0.614553
2112,0.375,1000080160,0.172065,0.287912,0.152472,0.296975,0.367877,0.544791,0.363668,0.410018,0.799701,1.17601,0.779817,0.801166,0.558314,0.810874,0.550985,0.569485
2112,0.425,1000080160,0.178508,0.296697,0.159676,0.299202,0.356091,0.528807,0.351707,0.401281,0.755966,1.10792,0.738755,0.757853,0.539666,0.784005,0.533024,0.552675
2112,0.475,1000080160,0.174278,0.290461,0.154006,0.2967,0.348874,0.519512,0.34419,0.396044,0.733725,1.07295,0.718704,0.736889,0.488784,0.711329,0.483167,0.507209
2112,0.525,1000080160,0.182676,0.301841,0.164409,0.300461,0.333545,0.498981,0.328167,0.384834,0.676745,0.986509,0.66434,0.681054,0.464739,0.677003,0.460514,0.487464
2112,0.575,1000080160,0.180626,0.29967,0.163203,0.300924,0.326625,0.490089,0.321771,0.380901,0.646439,0.940933,0.635513,0.651982,0.430596,0.629752,0.425977,0.458222
2112,0.625,1000080160,0.18249,0.301868,0.164668,0.300927,0.313697,0.472603,0.307971,0.371575,0.612288,0.889538,0.603567,0.620246,0.404202,0.593528,0.40054,0.437992
2112,0.675,1000080160,0.18837,0.308088,0.171301,0.3031,0.291793,0.444149,0.285619,0.358044,0.586439,0.851847,0.578253,0.595596,0.377487,0.557603,0.372766,0.416509
2112,0.725,1000080160,0.186046,0.306168,0.168286,0.301683,0.28738,0.438506,0.281014,0.355385,0.563121,0.817956,0.555551,0.573843,0.348687,0.518726,0.343303,0.394971
2112,0.775,1000080160,0.191989,0.31447,0.175659,0.30479,0.274335,0.421387,0.266912,0.347126,0.560831,0.814662,0.553297,0.571705,0.355144,0.527371,0.349579,0.39932
2112,0.825,1000080160,0.205939,0.332755,0.19231,0.311429,0.26658,0.411757,0.259603,0.343652,0.529426,0.769208,0.523154,0.543517,0.337983,0.504369,0.332555,0.387544
2112,0.875,1000080160,0.205001,0.331388,0.190852,0.310604,0.261229,0.403653,0.253838,0.339976,0.525017,0.762944,0.518682,0.539369,0.33025,0.494254,0.324194,0.381812
2112,0.925,1000080160,0.195338,0.318572,0.180919,0.307148,0.262435,0.4047,0.254094,0.339481,0.51569,0.749093,0.510303,0.531686,0.325634,0.487827,0.320114,0.379178
2112,0.975,1000080160,0.20147,0.326234,0.186311,0.308294,0.263243,0.407567,0.256351,0.342081,0.512691,0.745147,0.506751,0.528411,0.319774,0.480505,0.314027,0.375351
2112,1.025,1000080160,0.202318,0.326936,0.186313,0.307658,0.253913,0.395002,0.245426,0.335776,0.499446,0.726456,0.493616,0.51655,0.325047,0.4868,0.320043,0.379199
2112,1.075,1000080160,0.21006,0.337624,0.196051,0.312275,0.263675,0.408201,0.25696,0.342497,0.500322,0.727705,0.494469,0.517317,0.31492,0.474674,0.309975,0.3733
2112,1.125,1000080160,0.207732,0.334496,0.193009,0.310817,0.25462,0.395935,0.246226,0.336212,0.498303,0.724832,0.492501,0.51555,0.31001,0.467296,0.304561,0.369338
2112,1.175,1000080160,0.201063,0.325988,0.186808,0.309056,0.265876,0.411403,0.259986,0.344548,0.484234,0.704352,0.47962,0.504116,0.319043,0.480042,0.31414,0.37593
2112,1.225,1000080160,0.203651,0.328768,0.189657,0.30978,0.253845,0.395303,0.246173,0.336662,0.484348,0.704461,0.479801,0.504275,0.314416,0.47375,0.309042,0.372451
2112,1.275,1000080160,0.209497,0.336673,0.194831,0.311415,0.248773,0.38823,0.239616,0.332669,0.480773,0.700165,0.475303,0.500326,0.317118,0.477371,0.312482,0.374906
2112,1.325,1000080160,0.212835,0.341406,0.200691,0.314909,0.255491,0.396384,0.24717,0.336365,0.489026,0.711799,0.483576,0.507674,0.311501,0.470044,0.306408,0.370956
2112,1.375,1000080160,0.203497,0.328621,0.18959,0.309829,0.263616,0.408327,0.257307,0.342934,0.490402,0.713695,0.484847,0.508763,0.312007,0.470554,0.306641,0.370937
2112,1.425,1000080160,0.212353,0.340308,0.198788,0.313297,0.259533,0.402308,0.253765,0.341002,0.490521,0.713803,0.484879,0.508747,0.320452,0.481555,0.317569,0.378673
2112,1.475,1000080160,0.210866,0.338272,0.196039,0.311668,0.254995,0.396038,0.24719,0.336728,0.489211,0.712011,0.483684,0.507733,0.323273,0.485727,0.318286,0.378611
2112,1.525,1000080160,0.213486,0.341653,0.199942,0.313658,0.260544,0.40269,0.252867,0.339335,0.486652,0.708478,0.481252,0.505628,0.323288,0.485751,0.318307,0.378629
2112,1.575,1000080160,0.213698,0.34194,0.200254,0.313824,0.271767,0.418482,0.265292,0.34683,0.495432,0.720767,0.489684,0.513032,0.322286,0.484771,0.317899,0.378715
2112,1.625,1000080160,0.211782,0.339755,0.198542,0.313465,0.260344,0.402997,0.253899,0.340621,0.492766,0.716988,0.487076,0.510704,0.324945,0.488307,0.320907,0.380796
2112,1.675,1000080160,0.21389,0.342898,0.202435,0.315936,0.264968,0.410331,0.259242,0.34428,0.497619,0.723937,0.491938,0.515103,0.33461,0.500678,0.330284,0.386711
2112,1.725,1000080160,0.223321,0.354983,0.211338,0.319027,0.268356,0.413943,0.261242,0.344394,0.491923,0.715868,0.486362,0.510126,0.334906,0.500832,0.330088,0.386317
2112,1.775,1000080160,0.222821,0.354587,0.211338,0.319386,0.279986,0.428902,0.273157,0.350827,0.498671,0.72544,0.492972,0.516036,0.348048,0.518455,0.345121,0.39727
2112,1.825,1000080160,0.215275,0.34432,0.203271,0.315785,0.295918,0.450146,0.292073,0.362944,0.490813,0.714214,0.485172,0.509009,0.338417,0.505965,0.335562,0.390861
2112,1.875,1000080160,0.206104,0.333045,0.192692,0.311706,0.289406,0.441232,0.284319,0.357785,0.512698,0.745282,0.506835,0.528555,0.354678,0.528257,0.351703,0.402275
2112,1.925,1000080160,0.222822,0.35477,0.211678,0.319769,0.280672,0.429557,0.275931,0.35304,0.522454,0.759384,0.516194,0.537129,0.374456,0.555058,0.372483,0.417771
2112,1.975,1000080160,0.215514,0.344314,0.202731,0.315054,0.287629,0.438578,0.282865,0.356916,0.520018,0.755812,0.513674,0.534746,0.346465,0.51711,0.343691,0.396647
2112,2.025,1000080160,0.216908,0.345297,0.202363,0.313665,0.28007,0.428996,0.27575,0.353201,0.521846,0.758498,0.515627,0.536608,0.357497,0.531908,0.354623,0.404333
2112,0.075,1000180400,0.112106,0.167086,0.110493,0.13125,0.370887,0.528579,0.369153,0.371155,0.885498,1.30989,0.861045,0.887302,0.776874,1.13853,0.759011,0.777007
2112,0.125,1000180400,0.112674,0.167681,0.111087,0.131572,0.31487,0.448082,0.31347,0.314841,0.593323,0.856928,0.585063,0.593206,0.529391,0.761427,0.523334,0.529125
2112,0.175,1000180400,0.114426,0.170158,0.112651,0.132588,0.296601,0.421278,0.296239,0.297526,0.48422,0.694079,0.480159,0.484581,0.449932,0.643708,0.446691,0.450231
2112,0.225,1000180400,0.118425,0.175328,0.116944,0.13547,0.284773,0.404789,0.283932,0.28522,0.426213,0.609313,0.423082,0.42609,0.397914,0.56755,0.396061,0.398511
2112,0.275,1000180400,0.12428,0.183039,0.123097,0.13976,0.272872,0.387891,0.272026,0.273362,0.394874,0.563641,0.392367,0.394759,0.367461,0.523872,0.365415,0.367357
2112,0.325,1000180400,0.122852,0.180849,0.121883,0.138862,0.254769,0.361785,0.254584,0.256108,0.364745,0.519833,0.362885,0.364786,0.339828,0.483947,0.338182,0.339768
2112,0.375,1000180400,0.122345,0.180229,0.121261,0.138416,0.249789,0.354949,0.249332,0.250948,0.338855,0.482517,0.337258,0.338832,0.312283,0.443824,0.311658,0.313006
2112,0.425,1000180400,0.124638,0.183472,0.123409,0.139946,0.237518,0.337391,0.237422,0.239313,0.314666,0.447772,0.313279,0.314642,0.283508,0.40299,0.282659,0.283944
2112,0.475,1000180400,0.125729,0.184899,0.124544,0.140749,0.228714,0.325401,0.228127,0.230328,0.289596,0.411496,0.288956,0.29023,0.255776,0.363172,0.255629,0.257131
2112,0.525,1000180400,0.126401,0.185775,0.125253,0.141255,0.218468,0.310979,0.217996,0.220626,0.267356,0.380023,0.266566,0.267938,0.23678,0.336726,0.236176,0.238106
2112,0.575,1000180400,0.121641,0.179496,0.120343,0.137797,0.208266,0.296719,0.207851,0.211036,0.249849,0.355022,0.249393,0.251002,0.221452,0.314658,0.221617,0.224065
2112,0.625,1000180400,0.125576,0.184659,0.124317,0.14055,0.194747,0.277906,0.194495,0.19866,0.232869,0.330994,0.23261,0.23465,0.206922,0.294859,0.206486,0.209752
2112,0.675,1000180400,0.127691,0.187449,0.126495,0.142107,0.183298,0.26185,0.18332,0.188503,0.220631,0.313336,0.221059,0.223537,0.192405,0.274744,0.191975,0.196331
2112,0.725,1000180400,0.125159,0.184159,0.123968,0.140348,0.179189,0.256508,0.178902,0.184594,0.212589,0.302808,0.212096,0.215034,0.182142,0.259782,0.181677,0.187032
2112,0.775,1000180400,0.128351,0.188436,0.127337,0.142813,0.17054,0.244842,0.170056,0.176862,0.204016,0.290576,0.203895,0.207324,0.173586,0.248594,0.173524,0.179836
2112,0.825,1000180400,0.126235,0.18554,0.125057,0.141101,0.167431,0.240535,0.16696,0.174177,0.192248,0.274543,0.191827,0.196204,0.16324,0.234872,0.162707,0.170553
2112,0.875,1000180400,0.123444,0.181962,0.122228,0.139157,0.157921,0.227714,0.157324,0.166059,0.188445,0.269218,0.188099,0.192807,0.157042,0.226297,0.156694,0.16552
2112,0.925,1000180400,0.122261,0.180123,0.121148,0.13833,0.153686,0.221726,0.153374,0.162795,0.179061,0.256301,0.178737,0.184425,0.152199,0.219974,0.151574,0.161334
2112,0.975,1000180400,0.120547,0.178138,0.119275,0.137113,0.15011,0.217244,0.149389,0.15958,0.175915,0.252064,0.175541,0.181624,0.149561,0.216496,0.148835,0.159128
2112,1.025,1000180400,0.122676,0.180622,0.12163,0.138663,0.148934,0.215662,0.148202,0.158627,0.170023,0.244102,0.169534,0.176395,0.144402,0.209596,0.143598,0.154973
2112,1.075,1000180400,0.123436,0.181875,0.122072,0.138969,0.140542,0.2045,0.139629,0.151898,0.168322,0.24177,0.167849,0.174943,0.143858,0.208876,0.143041,0.154538
2112,1.125,1000180400,0.115968,0.172105,0.114364,0.133726,0.143532,0.208476,0.142749,0.154338,0.164994,0.237269,0.164454,0.172037,0.13924,0.202757,0.138303,0.150872
2112,1.175,1000180400,0.121495,0.179356,0.120286,0.13781,0.14449,0.20975,0.143733,0.155109,0.159565,0.229951,0.15901,0.167473,0.137468,0.200345,0.136553,0.149533
2112,1.225,1000180400,0.113738,0.169301,0.111994,0.132196,0.142221,0.206694,0.141386,0.153254,0.159469,0.229693,0.159032,0.167476,0.136249,0.19879,0.135244,0.14855
2112,1.275,1000180400,0.111667,0.166565,0.11001,0.130952,0.139713,0.203397,0.138784,0.151248,0.153003,0.220803,0.15274,0.16229,0.137246,0.200085,0.136292,0.149339
2112,1.325,1000180400,0.11272,0.167718,0.111093,0.131552,0.13823,0.20142,0.137277,0.150096,0.153063,0.220886,0.152799,0.162339,0.135247,0.197433,0.134249,0.1478
2112,1.375,1000180400,0.109975,0.164402,0.107946,0.129555,0.139714,0.203454,0.138878,0.151371,0.152218,0.220007,0.151592,0.161353,0.134125,0.195947,0.133101,0.146942
2112,1.425,1000180400,0.111348,0.166122,0.10946,0.130516,0.138911,0.202356,0.138015,0.150683,0.152501,0.220151,0.15231,0.161971,0.132352,0.193568,0.131317,0.145615
2112,1.475,1000180400,0.109668,0.16403,0.107671,0.12941,0.139343,0.202958,0.138499,0.151078,0.147786,0.214117,0.147042,0.157698,0.134083,0.195893,0.133059,0.146912
2112,1.525,1000180400,0.1062,0.159476,0.10388,0.126979,0.143532,0.208451,0.142707,0.154283,0.149947,0.217032,0.149243,0.15947,0.131531,0.192469,0.130488,0.145003
2112,1.575,1000180400,0.104625,0.157506,0.10234,0.126116,0.142053,0.206507,0.141173,0.153091,0.148014,0.214423,0.147273,0.157882,0.12844,0.188438,0.127258,0.142653
2112,1.625,1000180400,0.100492,0.151956,0.0984444,0.123878,0.135943,0.198431,0.134968,0.148375,0.149597,0.21655,0.148871,0.159161,0.130703,0.191479,0.129531,0.14431
2112,1.675,1000180400,0.102014,0.154077,0.0995107,0.124382,0.140354,0.20428,0.139488,0.151816,0.148607,0.215218,0.147871,0.158359,0.128932,0.189032,0.12782,0.143054
2112,1.725,1000180400,0.0971006,0.147767,0.0942143,0.12133,0.143195,0.208028,0.142335,0.153995,0.149897,0.216966,0.149197,0.159434,0.131083,0.191873,0.130035,0.144671
2112,1.775,1000180400,0.0989217,0.1501,0.0961496,0.122414,0.138411,0.20169,0.13751,0.1503,0.148307,0.214843,0.147614,0.158178,0.130807,0.191505,0.129755,0.144465
2112,1.825,1000180400,0.0924949,0.141712,0.0891975,0.118506,0.147073,0.213167,0.14632,0.157128,0.148994,0.215769,0.148311,0.158737,0.128805,0.188934,0.127621,0.142917
2112,1.875,1000180400,0.0900495,0.138552,0.0864326,0.117005,0.145572,0.211226,0.144903,0.156063,0.15539,0.224089,0.155098,0.164233,0.130399,0.191044,0.129251,0.144103
2112,1.925,1000180400,0.0912552,0.139642,0.0879384,0.117868,0.145917,0.211622,0.145146,0.156198,0.152209,0.219738,0.152014,0.161722,0.126969,0.18648,0.125762,0.141575
2112,1.975,1000180400,0.0919472,0.141095,0.0887636,0.118375,0.149242,0.216113,0.14857,0.158952,0.150675,0.217808,0.150221,0.16025,0.132387,0.193617,0.131353,0.145643
2112,2.025,1000180400,0.0870882,0.134897,0.0833448,0.115564,0.148034,0.214454,0.147293,0.157901,0.158326,0.228273,0.15776,0.166431,0.134602,0.196528,0.133646,0.147346
2112,0.075,1000260560,0.102273,0.155343,0.101577,0.126656,0.356945,0.508722,0.354986,0.356789,0.801994,1.17828,0.782106,0.801853,0.719163,1.049,0.704478,0.718843
2112,0.125,1000260560,0.106657,0.160937,0.106534,0.129748,0.292273,0.415391,0.291622,0.292928,0.53094,0.762793,0.526082,0.531918,0.483173,0.692654,0.478968,0.483356
2112,0.175,1000260560,0.106143,0.160255,0.105293,0.12873,0.263994,0.375246,0.263238,0.26465,0.42978,0.614532,0.426558,0.429641,0.396642,0.565779,0.394697,0.39712
2112,0.225,1000260560,0.111928,0.167825,0.111765,0.13298,0.250195,0.35557,0.249829,0.251476,0.373799,0.532914,0.371844,0.373883,0.352554,0.502034,0.351118,0.352856
2112,0.275,1000260560,0.108673,0.163482,0.108106,0.130509,0.238674,0.338925,0.238705,0.240559,0.33552,0.47773,0.333937,0.335475,0.320093,0.455432,0.31883,0.320228
2112,0.325,1000260560,0.110075,0.165026,0.110476,0.132202,0.224768,0.319566,0.224722,0.227083,0.311186,0.442332,0.310457,0.311797,0.292786,0.416079,0.292086,0.293362
2112,0.375,1000260560,0.109061,0.163939,0.108469,0.130703,0.215213,0.306264,0.215032,0.217822,0.284512,0.404409,0.283669,0.28495,0.264195,0.37552,0.263443,0.264847
2112,0.425,1000260560,0.111688,0.167688,0.11185,0.133225,0.203111,0.289639,0.202716,0.206271,0.262651,0.373007,0.262345,0.263757,0.237931,0.337929,0.237884,0.239756
2112,0.475,1000260560,0.107639,0.162327,0.107329,0.130211,0.194695,0.277818,0.194454,0.198619,0.244386,0.347415,0.243826,0.245559,0.223123,0.317328,0.222844,0.225244
2112,0.525,1000260560,0.10664,0.160792,0.106355,0.129525,0.185895,0.265763,0.185603,0.190592,0.227046,0.322989,0.226588,0.228849,0.203922,0.290416,0.203844,0.207277
2112,0.575,1000260560,0.109223,0.164432,0.109499,0.131775,0.173495,0.248477,0.173433,0.179764,0.213144,0.303587,0.212658,0.215568,0.188444,0.269216,0.188098,0.192806
2112,0.625,1000260560,0.107325,0.16192,0.106994,0.130001,0.163631,0.235435,0.163123,0.170928,0.202137,0.288228,0.201788,0.205396,0.171765,0.246472,0.171254,0.177873
2112,0.675,1000260560,0.107221,0.161434,0.106761,0.129658,0.151928,0.219677,0.151428,0.161282,0.191811,0.274012,0.191476,0.195932,0.160165,0.230739,0.159581,0.167931
2112,0.725,1000260560,0.104412,0.15789,0.103936,0.12801,0.147947,0.214443,0.147374,0.158056,0.181022,0.258966,0.18113,0.186656,0.151529,0.21901,0.150971,0.160843
2112,0.775,1000260560,0.105175,0.159498,0.104932,0.128961,0.133939,0.195772,0.13302,0.146946,0.171838,0.246739,0.171589,0.178297,0.142713,0.207156,0.142088,0.153781
2112,0.825,1000260560,0.100347,0.152775,0.10032,0.126159,0.134052,0.195944,0.133169,0.147076,0.170563,0.245019,0.170334,0.177223,0.135716,0.198083,0.134697,0.148137
2112,0.875,1000260560,0.100061,0.15231,0.0998791,0.125806,0.128345,0.188408,0.127301,0.142769,0.161282,0.232272,0.161012,0.169224,0.130826,0.191525,0.129774,0.144475
2112,0.925,1000260560,0.0955893,0.146817,0.0946388,0.122774,0.122057,0.179947,0.121119,0.138406,0.156555,0.225915,0.156634,0.165699,0.12602,0.185233,0.124776,0.140869
2112,0.975,1000260560,0.101002,0.154231,0.101289,0.127108,0.116906,0.173476,0.115564,0.134661,0.153432,0.221756,0.153678,0.163345,0.122102,0.179898,0.120908,0.13813
2112,1.025,1000260560,0.0935509,0.144048,0.0922885,0.121354,0.115409,0.171603,0.113976,0.133629,0.148737,0.215796,0.148657,0.159333,0.117299,0.173823,0.115686,0.134576
2112,1.075,1000260560,0.0890732,0.138559,0.0880577,0.119474,0.117713,0.174467,0.116318,0.135113,0.14646,0.212711,0.146308,0.157436,0.111822,0.166656,0.109951,0.130791
2112,1.125,1000260560,0.0913968,0.141672,0.0908242,0.121082,0.110343,0.165007,0.108637,0.130151,0.139146,0.203204,0.139166,0.15205,0.108308,0.162084,0.106232,0.128419
2112,1.175,1000260560,0.0871174,0.13621,0.0860647,0.118594,0.106806,0.160411,0.104837,0.127741,0.136583,0.199785,0.136542,0.150041,0.109027,0.162962,0.107052,0.128931
2112,1.225,1000260560,0.0873137,0.137133,0.0862404,0.118752,0.105895,0.1592,0.104376,0.127614,0.135328,0.197955,0.135234,0.148981,0.106086,0.159318,0.103758,0.126897
2112,1.275,1000260560,0.0806469,0.127741,0.0787831,0.114942,0.10733,0.161212,0.105514,0.128255,0.133065,0.1952,0.133123,0.147562,0.100711,0.152141,0.0981888,0.123511
2112,1.325,1000260560,0.0846428,0.133173,0.0842298,0.118101,0.105945,0.159164,0.104328,0.127506,0.13108,0.192549,0.131139,0.146098,0.101403,0.153245,0.0987456,0.12387
2112,1.375,1000260560,0.0786834,0.125067,0.0773763,0.114543,0.105498,0.158856,0.103702,0.12719,0.131028,0.192612,0.1313,0.146337,0.0988857,0.15,0.0960172,0.122278
2112,1.425,1000260560,0.0790058,0.126023,0.0776852,0.114952,0.104917,0.158201,0.103275,0.127037,0.128195,0.188965,0.128425,0.144287,0.097239,0.147872,0.094229,0.121254
2112,1.475,1000260560,0.0773919,0.123622,0.0753634,0.113531,0.105292,0.158528,0.103363,0.126915,0.129446,0.19065,0.129955,0.145491,0.0965788,0.146965,0.093558,0.120866
2112,1.525,1000260560,0.0763317,0.122817,0.0759033,0.114808,0.102818,0.155062,0.101161,0.125612,0.126586,0.186869,0.126853,0.143192,0.0946761,0.144475,0.0915078,0.119714
2112,1.575,1000260560,0.0747602,0.120399,0.0729077,0.112786,0.104609,0.157848,0.103039,0.126946,0.122853,0.182112,0.123339,0.140868,0.093315,0.142714,0.0900174,0.118893
2112,1.625,1000260560,0.0699375,0.114704,0.0683323,0.111662,0.106037,0.159755,0.104718,0.128055,0.124271,0.183831,0.124577,0.141608,0.0915477,0.141445,0.0879967,0.118113
2112,1.675,1000260560,0.0665554,0.1101,0.0638449,0.109615,0.100959,0.153065,0.0990598,0.124509,0.123529,0.18297,0.123985,0.141293,0.0922927,0.141406,0.0888818,0.118278
2112,1.725,1000260560,0.0697446,0.114432,0.0680599,0.111522,0.107405,0.161483,0.106169,0.128935,0.124483,0.18438,0.125245,0.142337,0.0901755,0.138634,0.0865737,0.117038
2112,1.775,1000260560,0.0692898,0.114265,0.0685818,0.112448,0.109627,0.164466,0.108679,0.130614,0.122709,0.181998,0.123324,0.140932,0.0885764,0.13667,0.0847121,0.116084
2112,1.825,1000260560,0.0682845,0.112461,0.0662893,0.110771,0.106681,0.160675,0.105509,0.128618,0.123599,0.183408,0.124688,0.142138,0.0917529,0.140721,0.0882773,0.117956
2112,1.875,1000260560,0.0646258,0.107852,0.0625206,0.109752,0.110312,0.165168,0.109102,0.1307,0.125006,0.185037,0.12571,0.142632,0.0900308,0.138411,0.0864447,0.116964
2112,1.925,1000260560,0.0606267,0.102878,0.0582328,0.108748,0.112927,0.168869,0.112332,0.133076,0.122918,0.182442,0.123876,0.1415,0.0915647,0.141204,0.0880117,0.118034
2112,1.975,1000260560,0.0592292,0.101767,0.0558546,0.10786,0.109707,0.164575,0.108798,0.130703,0.130323,0.192599,0.132101,0.147785,0.0875354,0.135321,0.0835543,0.115487
2112,2.025,1000260560,0.060331,0.102564,0.0580467,0.108824,0.107803,0.161888,0.107124,0.129665,0.126789,0.187742,0.128311,0.144889,0.0877116,0.135522,0.0837736,0.115594
2212,0.075,1000060120,0.186501,0.336009,0.141255,0.41343,0.4386,0.669207,0.427044,0.528279,1.9737,3.39757,1.7465,1.97416,1.41974,2.24582,1.32165,1.41995
2212,0.125,1000060120,0.192561,0.344227,0.154774,0.418504,0.37969,0.590798,0.36568,0.492422,1.26411,1.95837,1.19237,1.2654,0.970966,1.41599,0.937363,0.964741
2212,0.175,1000060120,0.196694,0.350583,0.156972,0.41776,0.387026,0.601395,0.375037,0.498546,1.00763,1.51563,0.970193,1.01486,0.789384,1.1702,0.769567,0.808594
2212,0.225,1000060120,0.192908,0.345099,0.150901,0.415859,0.397878,0.615544,0.387705,0.506006,0.873255,1.29828,0.849453,0.887888,0.732803,1.08508,0.716534,0.758316
2212,0.275,1000060120,0.196521,0.349952,0.155603,0.4166,0.392062,0.607716,0.37968,0.500726,0.812864,1.20498,0.792885,0.831287,0.670213,0.991372,0.65825,0.705222
2212,0.325,1000060120,0.208541,0.365704,0.173017,0.420554,0.402144,0.621085,0.391926,0.50828,0.766095,1.13497,0.747677,0.787598,0.62805,0.931497,0.615923,0.668597
2212,0.375,1000060120,0.201102,0.355055,0.161205,0.416572,0.393738,0.609877,0.381265,0.501523,0.713618,1.05624,0.698428,0.741513,0.586442,0.872866,0.57595,0.635968
2212,0.425,1000060120,0.205454,0.361038,0.16718,0.41801,0.391459,0.607835,0.380753,0.502378,0.678801,1.00421,0.665824,0.711896,0.552413,0.824896,0.541232,0.608205
2212,0.475,1000060120,0.204023,0.358568,0.163918,0.416219,0.382497,0.59575,0.371116,0.496875,0.652824,0.967352,0.639964,0.689297,0.526058,0.788082,0.516568,0.589927
2212,0.525,1000060120,0.218568,0.379799,0.186231,0.424223,0.367122,0.575477,0.354587,0.487991,0.624996,0.927622,0.612507,0.665813,0.482507,0.728993,0.472857,0.55896
2212,0.575,1000060120,0.212074,0.368696,0.176316,0.419338,0.359965,0.567079,0.348983,0.486391,0.593066,0.881491,0.58221,0.640699,0.452701,0.689211,0.443429,0.539826
2212,0.625,1000060120,0.222554,0.384013,0.189378,0.423256,0.342523,0.54399,0.330144,0.476961,0.564041,0.840737,0.553337,0.61762,0.428166,0.655795,0.418882,0.524321
2212,0.675,1000060120,0.221185,0.382611,0.188479,0.423745,0.330079,0.526923,0.315193,0.469002,0.538932,0.805729,0.528216,0.598233,0.39985,0.617036,0.387775,0.504791
2212,0.725,1000060120,0.239131,0.407763,0.211289,0.430903,0.319276,0.5136,0.305121,0.465665,0.525556,0.78657,0.515651,0.588797,0.388801,0.604438,0.3784,0.501269
2212,0.775,1000060120,0.23002,0.394923,0.200763,0.427848,0.306413,0.495948,0.289385,0.457898,0.494318,0.73929,0.483491,0.565004,0.378282,0.591469,0.369363,0.49753
2212,0.825,1000060120,0.241942,0.411482,0.215606,0.432554,0.303989,0.493441,0.288114,0.458354,0.499223,0.746706,0.488308,0.567816,0.363771,0.572389,0.353754,0.48924
2212,0.875,1000060120,0.243391,0.41232,0.214672,0.430294,0.296816,0.483569,0.278788,0.453778,0.476851,0.71879,0.467139,0.553978,0.361984,0.569964,0.3517,0.488093
2212,0.925,1000060120,0.235359,0.402333,0.206202,0.428976,0.310081,0.502073,0.296739,0.463088,0.474078,0.716621,0.462576,0.551015,0.351488,0.556335,0.341134,0.483118
2212,0.975,1000060120,0.239286,0.406342,0.20801,0.427244,0.30145,0.491029,0.287291,0.459394,0.474791,0.717688,0.463466,0.551714,0.319523,0.513625,0.304829,0.465128
2212,1.025,1000060120,0.249436,0.419583,0.221438,0.431583,0.288841,0.474254,0.272063,0.45281,0.460089,0.697706,0.448357,0.541553,0.328021,0.525472,0.315697,0.470994
2212,1.075,1000060120,0.248369,0.419111,0.22248,0.433586,0.310017,0.50077,0.293844,0.460004,0.457051,0.693539,0.445143,0.539382,0.326088,0.523773,0.315368,0.472023
2212,1.125,1000060120,0.250722,0.422556,0.226323,0.435455,0.298062,0.486411,0.281787,0.456347,0.449885,0.682348,0.439069,0.535171,0.34985,0.554076,0.339138,0.481985
2212,1.175,1000060120,0.25498,0.427995,0.230597,0.436299,0.295978,0.483054,0.279175,0.454835,0.446136,0.678776,0.433833,0.532009,0.336274,0.537572,0.327188,0.478004
2212,1.225,1000060120,0.258818,0.432478,0.232929,0.435663,0.306763,0.50002,0.296119,0.465421,0.465243,0.704663,0.453599,0.545008,0.346679,0.55061,0.337152,0.481934
2212,1.275,1000060120,0.257015,0.430626,0.23243,0.43658,0.297438,0.48642,0.284082,0.45903,0.451655,0.685371,0.440352,0.536112,0.355145,0.561491,0.345807,0.485917
2212,1.325,1000060120,0.248529,0.418868,0.221497,0.432447,0.290542,0.475502,0.271759,0.45115,0.457678,0.694341,0.445707,0.539708,0.354914,0.561062,0.345306,0.485503
2212,1.375,1000060120,0.254671,0.42731,0.229652,0.435556,0.311357,0.504764,0.298311,0.464387,0.455848,0.69192,0.443924,0.538594,0.360211,0.568034,0.350608,0.488046
2212,1.425,1000060120,0.273211,0.453188,0.252429,0.444531,0.303141,0.492414,0.287328,0.458147,0.454154,0.689018,0.442883,0.537867,0.34389,0.547288,0.334833,0.48126
2212,1.475,1000060120,0.265574,0.442207,0.242629,0.440175,0.304321,0.494611,0.290191,0.460346,0.445556,0.678073,0.433363,0.531787,0.353422,0.559974,0.345475,0.486727
2212,1.525,1000060120,0.260589,0.434657,0.234095,0.435525,0.323553,0.520955,0.313595,0.471929,0.439536,0.673436,0.426877,0.52839,0.348653,0.554187,0.341312,0.485289
2212,1.575,1000060120,0.264284,0.441166,0.242625,0.441266,0.321141,0.516777,0.30876,0.46832,0.460277,0.698013,0.448629,0.541783,0.338447,0.539971,0.3286,0.478048
2212,1.625,1000060120,0.259967,0.435232,0.236394,0.43853,0.324096,0.520724,0.312161,0.469939,0.463605,0.702463,0.451946,0.543928,0.377001,0.591479,0.371803,0.501108
2212,1.675,1000060120,0.277237,0.458242,0.256266,0.445386,0.311207,0.502102,0.294718,0.460061,0.442006,0.672941,0.430208,0.529784,0.357433,0.565844,0.350594,0.489931
2212,1.725,1000060120,0.266769,0.442959,0.242095,0.438618,0.327965,0.525199,0.315115,0.470426,0.460732,0.698801,0.44939,0.542457,0.377148,0.591963,0.371919,0.501301
2212,1.775,1000060120,0.263729,0.439892,0.240615,0.439638,0.32622,0.524462,0.316528,0.47326,0.477142,0.720805,0.465712,0.553163,0.358983,0.568288,0.353071,0.491715
2212,1.825,1000060120,0.256901,0.430401,0.232165,0.436389,0.339643,0.543033,0.332929,0.482131,0.469728,0.711149,0.458863,0.548928,0.382365,0.599245,0.378048,0.505063
2212,1.875,1000060120,0.269166,0.446438,0.245861,0.440535,0.339475,0.543713,0.334632,0.484187,0.47759,0.721593,0.466467,0.553849,0.37773,0.592207,0.371516,0.500442
2212,1.925,1000060120,0.270454,0.447465,0.245848,0.43945,0.319882,0.513832,0.304569,0.464615,0.477289,0.721188,0.466169,0.55365,0.368432,0.580662,0.363156,0.49691
2212,1.975,1000060120,0.273289,0.452468,0.250481,0.442438,0.331383,0.530309,0.320195,0.473633,0.494255,0.739278,0.48354,0.565102,0.370691,0.583032,0.364333,0.49676
2212,2.025,1000060120,0.275531,0.456232,0.255022,0.445404,0.331406,0.530148,0.319809,0.473187,0.48761,0.735135,0.476907,0.561078,0.399935,0.62293,0.396889,0.516014
2212,0.075,1000080160,0.143195,0.249674,0.113739,0.285814,0.438196,0.639975,0.434401,0.465341,2.26119,4.08966,1.94237,2.26011,1.20087,1.84226,1.14044,1.20231
2212,0.125,1000080160,0.16025,0.273072,0.137751,0.293157,0.387168,0.570659,0.382358,0.423699,1.4558,2.31293,1.35205,1.45626,0.861131,1.27298,0.836688,0.861927
2212,0.175,1000080160,0.152311,0.261351,0.125549,0.28816,0.381251,0.562843,0.376499,0.419363,1.10551,1.67735,1.05644,1.10577,0.734283,1.07381,0.719183,0.737363
2212,0.225,1000080160,0.1672,0.281873,0.145898,0.294965,0.380603,0.561508,0.376314,0.41918,0.992996,1.48801,0.956308,0.99313,0.693738,1.01222,0.680455,0.697458
2212,0.275,1000080160,0.167295,0.286753,0.145116,0.295666,0.377818,0.558251,0.373581,0.417353,0.903001,1.34087,0.875138,0.903881,0.631609,0.9182,0.622032,0.638464
2212,0.325,1000080160,0.16302,0.276288,0.140095,0.292974,0.366859,0.542866,0.362706,0.409105,0.835845,1.23347,0.813082,0.836759,0.593368,0.86214,0.584741,0.601871
2212,0.375,1000080160,0.169775,0.285523,0.149356,0.296293,0.377216,0.557388,0.372702,0.416593,0.800251,1.17725,0.780689,0.802308,0.560562,0.814208,0.553082,0.57148
2212,0.425,1000080160,0.182888,0.302332,0.165031,0.300966,0.358234,0.532144,0.354006,0.403158,0.737145,1.07912,0.721072,0.739494,0.517715,0.752437,0.511491,0.532726
2212,0.475,1000080160,0.183001,0.302451,0.1651,0.300942,0.350073,0.521399,0.346003,0.397625,0.702432,1.02481,0.690066,0.707405,0.503514,0.732106,0.498192,0.520769
2212,0.525,1000080160,0.185409,0.30588,0.168779,0.302733,0.331135,0.495447,0.326544,0.383869,0.669941,0.975784,0.660015,0.676993,0.455517,0.664729,0.450496,0.478856
2212,0.575,1000080160,0.182035,0.300971,0.163547,0.300109,0.311272,0.469903,0.30643,0.371133,0.622356,0.905585,0.613366,0.630353,0.442406,0.646288,0.437947,0.468301
2212,0.625,1000080160,0.189167,0.310652,0.172464,0.303612,0.291629,0.443611,0.285193,0.357556,0.612355,0.890674,0.603684,0.620753,0.395013,0.581406,0.390436,0.429993
2212,0.675,1000080160,0.189465,0.30904,0.17154,0.302447,0.278616,0.426789,0.271103,0.349286,0.577104,0.838706,0.569873,0.587866,0.388931,0.572762,0.384328,0.425139
2212,0.725,1000080160,0.195458,0.318548,0.179259,0.305655,0.267188,0.411997,0.25914,0.34273,0.553075,0.803318,0.546805,0.565785,0.364574,0.539818,0.359799,0.406803
2212,0.775,1000080160,0.194096,0.317136,0.178644,0.306057,0.261627,0.404386,0.254763,0.340758,0.547579,0.795408,0.541425,0.560723,0.33895,0.505979,0.333567,0.38838
2212,0.825,1000080160,0.198105,0.321708,0.183038,0.307207,0.256259,0.397775,0.249143,0.338017,0.528286,0.767345,0.523545,0.544185,0.328671,0.492313,0.322903,0.381121
2212,0.875,1000080160,0.199653,0.324675,0.185474,0.308968,0.253919,0.395257,0.245951,0.336363,0.521784,0.758603,0.515773,0.536866,0.328892,0.492784,0.323398,0.381616
2212,0.925,1000080160,0.201877,0.326692,0.186965,0.308584,0.244627,0.38305,0.236588,0.331818,0.501176,0.728744,0.496293,0.519153,0.326528,0.489481,0.320771,0.379731
2212,0.975,1000080160,0.201129,0.324493,0.18561,0.307997,0.240516,0.377228,0.230647,0.328094,0.502899,0.73149,0.497655,0.520406,0.311873,0.469584,0.306071,0.370083
2212,1.025,1000080160,0.202409,0.327187,0.187219,0.30842,0.248998,0.3886,0.240023,0.332976,0.493135,0.717782,0.487825,0.511575,0.300682,0.45521,0.293925,0.36246
2212,1.075,1000080160,0.212284,0.340218,0.198697,0.313255,0.240983,0.377303,0.232249,0.329021,0.494871,0.720448,0.489818,0.51351,0.295485,0.447455,0.289671,0.359849
2212,1.125,1000080160,0.199114,0.322433,0.184122,0.307707,0.240734,0.377968,0.231644,0.329104,0.492536,0.716856,0.48713,0.510899,0.314079,0.473391,0.30886,0.372427
2212,1.175,1000080160,0.207687,0.334672,0.193525,0.311393,0.248768,0.388548,0.240294,0.333433,0.488189,0.710822,0.483025,0.507335,0.313765,0.472993,0.308577,0.372267
2212,1.225,1000080160,0.207704,0.334745,0.193669,0.311531,0.239998,0.377251,0.23097,0.328949,0.483944,0.704098,0.479846,0.504511,0.310108,0.467553,0.30487,0.369658
2212,1.275,1000080160,0.202149,0.32706,0.188168,0.309434,0.2379,0.374252,0.228391,0.327453,0.479274,0.696527,0.475854,0.500776,0.300528,0.455947,0.295705,0.364643
2212,1.325,1000080160,0.225232,0.3579,0.2143,0.320915,0.24875,0.38863,0.240502,0.333677,0.48408,0.704234,0.479962,0.504589,0.306855,0.463498,0.302099,0.368215
2212,1.375,1000080160,0.208291,0.335694,0.194828,0.312309,0.251428,0.392474,0.245687,0.337367,0.477408,0.694944,0.473293,0.49873,0.317586,0.478101,0.312705,0.375015
2212,1.425,1000080160,0.2211,0.352705,0.21018,0.319371,0.252803,0.39416,0.245482,0.336574,0.483425,0.703885,0.478265,0.503024,0.307571,0.464531,0.30295,0.368825
2212,1.475,1000080160,0.210928,0.338606,0.197327,0.312837,0.251767,0.393608,0.246028,0.337882,0.47601,0.692832,0.471662,0.497178,0.310897,0.470078,0.307238,0.372341
2212,1.525,1000080160,0.221241,0.351592,0.209796,0.318282,0.260213,0.403113,0.254371,0.34124,0.469446,0.6841,0.464823,0.491298,0.318039,0.47929,0.314115,0.3765
2212,1.575,1000080160,0.219324,0.349127,0.207456,0.317193,0.240099,0.377345,0.231006,0.328919,0.47684,0.693625,0.473139,0.498508,0.318983,0.479985,0.314125,0.375945
2212,1.625,1000080160,0.210809,0.338814,0.198129,0.313756,0.259286,0.401835,0.253142,0.340463,0.481284,0.701107,0.475941,0.501008,0.311951,0.470641,0.306866,0.371245
2212,1.675,1000080160,0.207251,0.33438,0.193674,0.311875,0.268332,0.414853,0.26374,0.347142,0.48596,0.706665,0.482312,0.506719,0.314255,0.474414,0.310364,0.374182
2212,1.725,1000080160,0.214139,0.342791,0.201597,0.314887,0.267124,0.412759,0.260772,0.344646,0.495784,0.721418,0.490247,0.51365,0.333738,0.499529,0.329569,0.38629
2212,1.775,1000080160,0.200376,0.323596,0.184591,0.307323,0.265705,0.410969,0.259378,0.343958,0.491775,0.715658,0.486218,0.509998,0.336073,0.502682,0.332071,0.388047
2212,1.825,1000080160,0.216965,0.346239,0.204799,0.316135,0.267125,0.412806,0.262066,0.345851,0.504709,0.733848,0.500419,0.52308,0.325097,0.488171,0.32039,0.380086
2212,1.875,1000080160,0.202349,0.327196,0.188087,0.3092,0.267716,0.413336,0.262218,0.345644,0.503612,0.732565,0.498598,0.521343,0.340016,0.507922,0.337156,0.391873
2212,1.925,1000080160,0.213068,0.341161,0.199526,0.313535,0.270227,0.416727,0.264505,0.34682,0.499149,0.725195,0.495445,0.518441,0.339089,0.506888,0.336498,0.391597
2212,1.975,1000080160,0.21981,0.349456,0.207316,0.316694,0.250585,0.390993,0.242461,0.334648,0.51524,0.748388,0.509964,0.531381,0.341206,0.511269,0.340313,0.39543
2212,2.025,1000080160,0.213683,0.34251,0.20183,0.315463,0.264215,0.409094,0.257921,0.34325,0.506034,0.735416,0.501273,0.523617,0.338969,0.506453,0.335713,0.390726
2212,0.075,1000180400,0.110074,0.16458,0.10815,0.12974,0.354108,0.504753,0.352008,0.353773,1.04462,1.57394,1.00244,1.04446,0.820459,1.20587,0.801234,0.822305
2212,0.125,1000180400,0.112204,0.167178,0.11053,0.131237,0.298468,0.424461,0.297379,0.298674,0.650899,0.944311,0.639786,0.65051,0.541914,0.779957,0.535575,0.541784
2212,0.175,1000180400,0.116336,0.17261,0.114749,0.133993,0.283329,0.400799,0.28239,0.282813,0.532535,0.765277,0.527482,0.533377,0.459373,0.643515,0.455845,0.454419
2212,0.225,1000180400,0.120674,0.178341,0.11949,0.137304,0.270315,0.383803,0.270111,0.271456,0.460814,0.659129,0.458073,0.461887,0.3972,0.566548,0.395308,0.397746
2212,0.275,1000180400,0.11936,0.176548,0.117926,0.136138,0.261377,0.371276,0.260985,0.262421,0.424586,0.606932,0.421496,0.424471,0.369817,0.526908,0.368245,0.370219
2212,0.325,1000180400,0.122067,0.17988,0.120905,0.138153,0.259228,0.368219,0.258859,0.260321,0.385145,0.549451,0.382894,0.38512,0.335957,0.477723,0.33526,0.336805
2212,0.375,1000180400,0.126081,0.18535,0.12492,0.141015,0.243716,0.346479,0.243132,0.244882,0.355404,0.506514,0.35343,0.355206,0.309433,0.439948,0.308543,0.309876
2212,0.425,1000180400,0.127663,0.187497,0.126607,0.142266,0.237969,0.337988,0.237926,0.239802,0.331322,0.471695,0.329779,0.331278,0.284864,0.40491,0.284025,0.285307
2212,0.475,1000180400,0.128534,0.188528,0.127453,0.142813,0.222665,0.316615,0.222494,0.224913,0.30132,0.428235,0.300621,0.301914,0.261072,0.370849,0.260663,0.262098
2212,0.525,1000180400,0.127651,0.187438,0.126526,0.142169,0.214947,0.30587,0.214727,0.217516,0.280493,0.397017,0.279578,0.280136,0.237238,0.337014,0.23711,0.239005
2212,0.575,1000180400,0.125788,0.184958,0.124572,0.140751,0.203283,0.289692,0.203,0.206497,0.25811,0.366819,0.25748,0.258956,0.222498,0.316343,0.222367,0.224785
2212,0.625,1000180400,0.125952,0.185197,0.124784,0.140925,0.188529,0.269385,0.188201,0.192925,0.246084,0.349782,0.245565,0.247261,0.203205,0.289545,0.20296,0.206452
2212,0.675,1000180400,0.125972,0.185231,0.124853,0.140992,0.173591,0.24861,0.173529,0.179847,0.232306,0.330241,0.231966,0.23402,0.190416,0.25636,0.190588,0.190262
2212,0.725,1000180400,0.122801,0.180765,0.121757,0.138744,0.166703,0.239542,0.166233,0.173554,0.21856,0.31048,0.218935,0.22151,0.180899,0.258628,0.180814,0.186261
2212,0.775,1000180400,0.122616,0.180562,0.121597,0.138658,0.1625,0.233867,0.161977,0.169945,0.207393,0.295506,0.206966,0.210201,0.173199,0.248058,0.173144,0.179504
2212,0.825,1000180400,0.125209,0.184251,0.124066,0.140443,0.157045,0.226334,0.156734,0.16558,0.200385,0.285686,0.200136,0.203849,0.168801,0.242414,0.168306,0.175325
2212,0.875,1000180400,0.123419,0.181852,0.122054,0.138957,0.148478,0.215051,0.147742,0.15826,0.190774,0.27217,0.19081,0.195276,0.161589,0.232564,0.161127,0.169219
2212,0.925,1000180400,0.122323,0.180254,0.121388,0.138574,0.140864,0.204911,0.139975,0.152164,0.186768,0.266668,0.186726,0.191561,0.157063,0.226325,0.156715,0.165537
2212,0.975,1000180400,0.122068,0.180007,0.120727,0.138025,0.141013,0.204873,0.140388,0.152467,0.182242,0.259942,0.181777,0.187124,0.153632,0.221642,0.153321,0.162743
2212,1.025,1000180400,0.119126,0.176205,0.117611,0.135886,0.136838,0.199588,0.135837,0.149004,0.17685,0.251252,0.17639,0.181723,0.14738,0.213568,0.146631,0.157367
2212,1.075,1000180400,0.116109,0.172401,0.114477,0.133838,0.139166,0.202693,0.138269,0.150876,0.171687,0.246389,0.171208,0.17785,0.143964,0.209014,0.143149,0.154621
2212,1.125,1000180400,0.11988,0.177296,0.118613,0.136683,0.136354,0.198834,0.13553,0.148785,0.163864,0.235739,0.163341,0.171101,0.143441,0.208321,0.142613,0.154203
2212,1.175,1000180400,0.112249,0.16718,0.110443,0.131112,0.130403,0.191055,0.129255,0.14411,0.16183,0.232896,0.161368,0.169425,0.139907,0.203646,0.138982,0.151393
2212,1.225,1000180400,0.117266,0.173951,0.115966,0.134942,0.134297,0.196185,0.133275,0.147077,0.163168,0.234778,0.162636,0.170496,0.142764,0.207187,0.142183,0.153854
2212,1.275,1000180400,0.110383,0.164952,0.108431,0.129891,0.132821,0.194257,0.131878,0.146084,0.159285,0.229562,0.158712,0.167217,0.13796,0.201053,0.137002,0.149881
2212,1.325,1000180400,0.116811,0.173338,0.115428,0.134552,0.131777,0.192805,0.130737,0.145191,0.152935,0.220698,0.152659,0.162215,0.133741,0.195431,0.132715,0.146653
2212,1.375,1000180400,0.109305,0.163251,0.10757,0.129305,0.133316,0.194867,0.13229,0.146343,0.151613,0.218958,0.151338,0.161158,0.132544,0.193824,0.131511,0.145757
2212,1.425,1000180400,0.107559,0.161289,0.105422,0.127989,0.134292,0.196207,0.133317,0.147134,0.154049,0.22222,0.153728,0.163081,0.136826,0.199566,0.135825,0.14899
2212,1.475,1000180400,0.109928,0.164339,0.107893,0.12952,0.130968,0.191723,0.129918,0.144588,0.152077,0.219845,0.151513,0.161318,0.1346,0.196524,0.133644,0.147343
2212,1.525,1000180400,0.102977,0.155021,0.100899,0.125196,0.130637,0.191341,0.129678,0.144465,0.153813,0.221896,0.153498,0.162892,0.135822,0.198233,0.134799,0.148217
2212,1.575,1000180400,0.101835,0.153873,0.0993654,0.124324,0.129595,0.189993,0.128419,0.143501,0.155888,0.224763,0.155583,0.164627,0.132931,0.194343,0.131901,0.146048
2212,1.625,1000180400,0.0984087,0.149547,0.095819,0.122352,0.131124,0.191961,0.130126,0.144768,0.149897,0.217004,0.149257,0.159514,0.130308,0.190926,0.129157,0.144033
2212,1.675,1000180400,0.0991819,0.150436,0.0964298,0.122575,0.134156,0.196059,0.133235,0.147104,0.153654,0.221678,0.153343,0.162765,0.133724,0.195411,0.132697,0.146642
2212,1.725,1000180400,0.100562,0.152021,0.0982466,0.123656,0.133039,0.194425,0.132085,0.146185,0.15576,0.224561,0.155415,0.164466,0.135155,0.197307,0.134163,0.147737
2212,1.775,1000180400,0.0953736,0.145483,0.0924358,0.120341,0.134061,0.195935,0.133144,0.147039,0.152777,0.220469,0.15249,0.162068,0.133739,0.195432,0.132713,0.146655
2212,1.825,1000180400,0.0930342,0.142484,0.0899648,0.11902,0.136198,0.198587,0.135615,0.148907,0.149202,0.216018,0.148473,0.15884,0.130945,0.191687,0.129894,0.144567
2212,1.875,1000180400,0.095748,0.14598,0.0928515,0.120582,0.133587,0.195231,0.132561,0.146544,0.152231,0.219714,0.151961,0.161636,0.134144,0.195975,0.13312,0.146958
2212,1.925,1000180400,0.0920206,0.141145,0.0887502,0.118313,0.139429,0.20309,0.138614,0.151182,0.153101,0.220915,0.152804,0.162324,0.134891,0.196929,0.133923,0.147555
2212,1.975,1000180400,0.0873806,0.135199,0.0835589,0.115594,0.138162,0.201431,0.137378,0.150264,0.155765,0.224567,0.15542,0.16447,0.131581,0.192537,0.130539,0.145041
2212,2.025,1000180400,0.0885327,0.136713,0.0848779,0.116298,0.13406,0.195903,0.133093,0.146973,0.15949,0.229829,0.158902,0.167366,0.137323,0.200166,0.136396,0.149419
2212,0.075,1000260560,0.107777,0.162718,0.107952,0.130861,0.326923,0.465238,0.325803,0.327312,0.899225,1.33331,0.872056,0.8995,0.790245,1.15961,0.771367,0.790276
2212,0.125,1000260560,0.107175,0.161365,0.106263,0.129188,0.284364,0.404275,0.283615,0.284949,0.569778,0.821569,0.562447,0.569661,0.48746,0.698531,0.483743,0.48825
2212,0.175,1000260560,0.108417,0.163269,0.108072,0.130621,0.261158,0.370975,0.260754,0.262192,0.449788,0.643489,0.44656,0.450095,0.400199,0.570968,0.398164,0.400651
2212,0.225,1000260560,0.109769,0.1649,0.109583,0.131554,0.239226,0.339665,0.239308,0.241145,0.385765,0.550735,0.382967,0.3852,0.358666,0.51103,0.356916,0.358735
2212,0.275,1000260560,0.11051,0.165737,0.110247,0.131885,0.231507,0.32919,0.231086,0.233179,0.346804,0.493945,0.345151,0.346815,0.32182,0.457911,0.320544,0.321956
2212,0.325,1000260560,0.114644,0.171459,0.114941,0.135217,0.22181,0.315283,0.221895,0.224357,0.321875,0.45799,0.320599,0.322011,0.296273,0.420631,0.296151,0.297429
2212,0.375,1000260560,0.109815,0.164781,0.109123,0.13101,0.210094,0.299252,0.209691,0.212766,0.294185,0.417875,0.293757,0.295032,0.269083,0.382272,0.268564,0.269915
2212,0.425,1000260560,0.112997,0.169131,0.112737,0.133527,0.200087,0.285279,0.199914,0.203668,0.272741,0.38711,0.272709,0.274029,0.245261,0.348628,0.244704,0.246412
2212,0.475,1000260560,0.1115,0.167295,0.111361,0.132746,0.196191,0.280083,0.19583,0.199922,0.252198,0.358372,0.25172,0.253292,0.223314,0.317626,0.222996,0.22539
2212,0.525,1000260560,0.105989,0.160096,0.105645,0.129143,0.183951,0.262856,0.183898,0.18904,0.233767,0.332077,0.233765,0.23577,0.205471,0.29283,0.205051,0.208408
2212,0.575,1000260560,0.109456,0.164525,0.10922,0.131325,0.165606,0.238081,0.165205,0.17271,0.219094,0.311324,0.219353,0.221913,0.187217,0.267306,0.187148,0.191942
2212,0.625,1000260560,0.107249,0.161881,0.10703,0.13009,0.156598,0.225761,0.156334,0.165275,0.209313,0.298206,0.208979,0.212125,0.174906,0.250561,0.174648,0.180824
2212,0.675,1000260560,0.108267,0.162901,0.107524,0.130067,0.145034,0.210447,0.144245,0.155488,0.196818,0.280848,0.19655,0.200567,0.158237,0.228132,0.157642,0.166315
2212,0.725,1000260560,0.105824,0.160024,0.105678,0.129301,0.137164,0.200035,0.13629,0.149389,0.18972,0.271114,0.189432,0.19408,0.153782,0.22185,0.153467,0.162865
2212,0.775,1000260560,0.101351,0.154327,0.100949,0.126489,0.128031,0.188094,0.127161,0.142766,0.181233,0.259294,0.181355,0.186874,0.146358,0.212202,0.145595,0.156546
2212,0.825,1000260560,0.103692,0.157499,0.103835,0.128425,0.122427,0.180357,0.121444,0.138582,0.172994,0.247937,0.173169,0.179649,0.137287,0.200141,0.13633,0.149367
2212,0.875,1000260560,0.0974241,0.149379,0.0975628,0.124868,0.117477,0.174237,0.116214,0.135122,0.165815,0.238575,0.165728,0.173319,0.13083,0.191531,0.129778,0.144478
2212,0.925,1000260560,0.0955849,0.146901,0.0948175,0.122984,0.115504,0.171787,0.114178,0.133822,0.16229,0.233775,0.162071,0.17018,0.124361,0.183061,0.123047,0.139644
2212,0.975,1000260560,0.0950345,0.146424,0.0947072,0.123211,0.111491,0.166376,0.109868,0.130892,0.158884,0.229292,0.158743,0.167469,0.122161,0.179969,0.120975,0.138176
2212,1.025,1000260560,0.0924309,0.14298,0.0918538,0.121589,0.108183,0.161479,0.106084,0.128244,0.152258,0.220154,0.15255,0.162432,0.118216,0.17501,0.116657,0.13523
2212,1.075,1000260560,0.0908623,0.14061,0.0894981,0.119912,0.102774,0.154902,0.100948,0.125382,0.147864,0.214601,0.147738,0.15858,0.115963,0.172142,0.114224,0.133605
2212,1.125,1000260560,0.0867006,0.13545,0.0852789,0.117957,0.100075,0.151463,0.0977655,0.123422,0.145134,0.211009,0.145077,0.156524,0.111474,0.166242,0.109548,0.130536
2212,1.175,1000260560,0.087723,0.136093,0.0866012,0.118687,0.104467,0.157403,0.102371,0.126247,0.141499,0.206089,0.141572,0.153812,0.108347,0.162164,0.106247,0.128434
2212,1.225,1000260560,0.0875742,0.136871,0.086898,0.119183,0.101259,0.153224,0.0989155,0.124159,0.138465,0.202298,0.13847,0.151516,0.105764,0.1589,0.103415,0.126686
2212,1.275,1000260560,0.0868404,0.135615,0.0853711,0.117972,0.0979339,0.149038,0.0955176,0.122301,0.135528,0.198441,0.135635,0.149431,0.10351,0.155644,0.101315,0.125361
2212,1.325,1000260560,0.082921,0.1308,0.0816053,0.116457,0.0984508,0.149665,0.0959944,0.122528,0.136588,0.199961,0.136831,0.150415,0.102367,0.154474,0.0998005,0.124494
2212,1.375,1000260560,0.0862422,0.135313,0.0857464,0.118801,0.0989684,0.150284,0.0968428,0.123095,0.132311,0.194301,0.132538,0.147225,0.0990461,0.150206,0.0961909,0.122378
2212,1.425,1000260560,0.0806643,0.129282,0.0803574,0.116871,0.0967458,0.147633,0.0944968,0.121875,0.12988,0.191235,0.130402,0.145822,0.0994366,0.150711,0.0966137,0.122623
2212,1.475,1000260560,0.0771518,0.123732,0.07584,0.114282,0.0955217,0.145877,0.0929722,0.120867,0.130469,0.192066,0.131065,0.146349,0.0988997,0.150018,0.0960323,0.122287
2212,1.525,1000260560,0.0733832,0.118983,0.0718473,0.112766,0.0943145,0.144395,0.0918609,0.120358,0.130357,0.191957,0.131019,0.146354,0.0959853,0.146187,0.0929214,0.120506
2212,1.575,1000260560,0.0726945,0.117976,0.0707917,0.112151,0.0939016,0.144015,0.0917216,0.120466,0.127775,0.188643,0.128402,0.144495,0.0936306,0.143121,0.0903652,0.119084
2212,1.625,1000260560,0.0719563,0.117213,0.0704004,0.112302,0.0949685,0.145408,0.0928632,0.121097,0.127482,0.18833,0.12823,0.144442,0.0940564,0.143671,0.0908322,0.119341
2212,1.675,1000260560,0.0660863,0.109074,0.0632617,0.109138,0.0976325,0.148865,0.0956346,0.122625,0.127741,0.188803,0.128643,0.144842,0.0878112,0.135631,0.0838997,0.115654
2212,1.725,1000260560,0.0679947,0.112106,0.0657557,0.110497,0.0957611,0.146314,0.0934624,0.121283,0.127666,0.18873,0.128609,0.144842,0.0908702,0.139642,0.087249,0.117417
2212,1.775,1000260560,0.0661185,0.109492,0.0642951,0.110194,0.097591,0.14875,0.0954637,0.122454,0.125217,0.185348,0.125974,0.142848,0.0894014,0.137469,0.0858572,0.116632
2212,1.825,1000260560,0.0671397,0.111102,0.0652829,0.110627,0.0987384,0.150517,0.0972906,0.123843,0.126094,0.186408,0.126856,0.143431,0.087668,0.135472,0.0837185,0.115567
2212,1.875,1000260560,0.0640123,0.107105,0.0616625,0.109431,0.101076,0.153458,0.099679,0.125157,0.121492,0.180577,0.122368,0.140437,0.0874028,0.135164,0.0833939,0.115408
2212,1.925,1000260560,0.0607265,0.102629,0.0571824,0.107606,0.101655,0.15389,0.100603,0.125666,0.130207,0.192042,0.131334,0.146849,0.0862075,0.133358,0.0822779,0.114792
2212,1.975,1000260560,0.061387,0.103721,0.059138,0.108927,0.101267,0.153722,0.0999161,0.125317,0.12922,0.190768,0.130414,0.146216,0.0875371,0.135324,0.0835563,0.115489
2212,2.025,1000260560,0.0609236,0.103093,0.0580044,0.108278,0.107233,0.161384,0.106416,0.12929,0.13119,0.193379,0.132352,0.147617,0.0899781,0.138328,0.0863988,0.116937
