probe,ke,target,meanhA,meanErrhA,stdhA,stdErrhA,meannhN,meanErrhN,stdhN,stdErrhN,meanINCL,meanErrINCL,stdINCL,stdErrINCL,meanGeant4,meanErrGeant4,stdGeant4,stdErrGeant4
2112,0.075,1000060120,-0.442089,2.09295,2.05372,1.56815,-0.498228,1.55441,1.55249,1.09661,-0.275993,0.71848,0.718385,0.502683,-0.27095,0.768235,0.768214,0.537934
2112,0.125,1000060120,-0.444811,2.09541,2.05511,1.57035,-0.493263,1.57124,1.56904,1.11031,-0.268864,0.768218,0.768199,0.537755,-0.396296,0.69214,0.691302,0.479916
2112,0.175,1000060120,-0.475835,2.08546,2.04541,1.56079,-0.513515,1.5593,1.55724,1.10114,-0.263964,0.796387,0.796381,0.557689,-0.41784,0.681705,0.680536,0.470997
2112,0.225,1000060120,-0.4557,2.0218,1.99141,1.49911,-0.513716,1.53529,1.53345,1.08308,-0.293039,0.786968,0.786943,0.551017,-0.418742,0.695672,0.694827,0.482313
2112,0.275,1000060120,-0.486481,2.11194,2.06847,1.58998,-0.506862,1.54331,1.54154,1.0889,-0.298595,0.787918,0.787891,0.551687,-0.432544,0.672715,0.671208,0.46318
2112,0.325,1000060120,-0.468191,2.10817,2.06489,1.58315,-0.511888,1.57261,1.57012,1.11156,-0.32686,0.80353,0.803503,0.56262,-0.423677,0.702232,0.701497,0.487462
2112,0.375,1000060120,-0.500116,2.08267,2.04114,1.55784,-0.506551,1.56597,1.56382,1.10359,-0.318932,0.806278,0.806254,0.564584,-0.432256,0.706599,0.70592,0.490774
2112,0.425,1000060120,-0.433131,2.11137,2.06826,1.58611,-0.506404,1.52064,1.5192,1.06961,-0.337166,0.797092,0.797055,0.558056,-0.425029,0.702341,0.701606,0.487564
2112,0.475,1000060120,-0.408747,2.09521,2.05616,1.57008,-0.521005,1.58729,1.58465,1.12285,-0.359385,0.794638,0.79459,0.556271,-0.434145,0.726829,0.726413,0.506328
2112,0.525,1000060120,-0.402419,2.11815,2.07585,1.59287,-0.489581,1.55193,1.55008,1.09527,-0.364526,0.793357,0.793304,0.555432,-0.43729,0.692517,0.691555,0.479543
2112,0.575,1000060120,-0.437522,2.11863,2.07405,1.59589,-0.463437,1.5518,1.54984,1.09324,-0.362449,0.802423,0.802383,0.561872,-0.412761,0.688027,0.687036,0.476368
2112,0.625,1000060120,-0.40312,2.11727,2.07454,1.59213,-0.461426,1.5442,1.54235,1.0893,-0.376791,0.813423,0.81339,0.568353,-0.40909,0.713408,0.712877,0.49641
2112,0.675,1000060120,-0.418532,2.09513,2.0555,1.56982,-0.523146,1.5605,1.55817,1.10239,-0.380664,0.810317,0.810281,0.567427,-0.426011,0.716633,0.716111,0.498683
2112,0.725,1000060120,-0.388934,2.192,2.13824,1.67176,-0.571826,1.54649,1.54422,1.09009,-0.383418,0.822282,0.822256,0.574614,-0.406265,0.694062,0.693225,0.481347
2112,0.775,1000060120,-0.453194,2.15999,2.10987,1.6376,-0.507226,1.54685,1.54502,1.08912,-0.387037,0.807004,0.806963,0.563914,-0.403065,0.641197,0.638416,0.436494
2112,0.825,1000060120,-0.445666,2.11754,2.07387,1.59524,-0.516885,1.53869,1.53697,1.0857,-0.38954,0.803252,0.803206,0.561324,-0.410022,0.697952,0.697178,0.484368
2112,0.875,1000060120,-0.47795,2.1176,2.07329,1.5959,-0.538646,1.56925,1.56664,1.1093,-0.3684,0.825891,0.825869,0.578452,-0.418482,0.715277,0.714751,0.497714
2112,0.925,1000060120,-0.461374,2.11558,2.07161,1.59343,-0.527651,1.53212,1.53046,1.08082,-0.386907,0.803306,0.80326,0.561457,-0.402793,0.693845,0.693016,0.481254
2112,0.975,1000060120,-0.469404,2.11031,2.06765,1.58846,-0.51849,1.54826,1.54638,1.09083,-0.383693,0.820228,0.8202,0.573128,-0.420058,0.695526,0.694675,0.482269
2112,1.025,1000060120,-0.46279,2.08903,2.04904,1.56402,-0.514749,1.55318,1.55122,1.09671,-0.384675,0.806416,0.806375,0.56363,-0.392477,0.67355,0.672278,0.465184
2112,1.075,1000060120,-0.535508,2.09824,2.05452,1.57719,-0.533779,1.53575,1.53402,1.08141,-0.387182,0.790356,0.790291,0.552366,-0.41486,0.710351,0.709766,0.493997
2112,1.125,1000060120,-0.442158,2.12568,2.08052,1.60138,-0.496078,1.54352,1.54178,1.08914,-0.388726,0.790468,0.790403,0.552324,-0.437371,0.660745,0.658738,0.452729
2112,1.175,1000060120,-0.448919,2.0654,2.02761,1.54022,-0.464781,1.5434,1.54177,1.08596,-0.394317,0.807083,0.80704,0.565109,-0.403751,0.65711,0.65516,0.450761
2112,1.225,1000060120,-0.413841,2.08086,2.04279,1.55525,-0.479265,1.54816,1.54641,1.0901,-0.388923,0.793847,0.793787,0.5546,-0.395383,0.675992,0.674774,0.466989
2112,1.275,1000060120,-0.500366,2.14701,2.0969,1.62625,-0.517176,1.53121,1.52959,1.08002,-0.395852,0.793111,0.793048,0.553879,-0.426397,0.66753,0.665862,0.458955
2112,1.325,1000060120,-0.460566,2.14337,2.09464,1.6217,-0.505124,1.54535,1.54322,1.09061,-0.396179,0.789761,0.789691,0.551718,-0.439501,0.691578,0.690589,0.478774
2112,1.375,1000060120,-0.54086,2.10111,2.05679,1.58017,-0.543057,1.52147,1.51992,1.07275,-0.380473,0.782554,0.782476,0.546803,-0.443098,0.677097,0.675698,0.466745
2112,1.425,1000060120,-0.446333,2.13481,2.08841,1.61078,-0.514264,1.47377,1.47285,1.03703,-0.386667,0.807464,0.807424,0.564234,-0.40699,0.659394,0.657518,0.452628
2112,1.475,1000060120,-0.473189,2.18558,2.13075,1.6635,-0.515731,1.5699,1.56764,1.10748,-0.38351,0.781181,0.781099,0.545697,-0.420537,0.700939,0.700189,0.486556
2112,1.525,1000060120,-0.512704,2.17528,2.12059,1.65567,-0.487399,1.53496,1.53339,1.08007,-0.395905,0.792935,0.792871,0.553956,-0.417138,0.690775,0.689831,0.478507
2112,1.575,1000060120,-0.466504,2.16401,2.11227,1.64323,-0.492777,1.59479,1.59211,1.12635,-0.392516,0.780086,0.779998,0.54495,-0.413835,0.701255,0.700528,0.486883
2112,1.625,1000060120,-0.46749,2.09904,2.05721,1.57675,-0.473026,1.5354,1.53349,1.08274,-0.398333,0.764718,0.76458,0.533589,-0.419326,0.704893,0.704214,0.489665
2112,1.675,1000060120,-0.538096,2.16551,2.11062,1.64557,-0.446698,1.50818,1.50669,1.06207,-0.37825,0.794167,0.794111,0.554972,-0.402114,0.730715,0.730379,0.509602
2112,1.725,1000060120,-0.476721,2.11477,2.07125,1.59306,-0.467795,1.52798,1.52655,1.07712,-0.37293,0.781025,0.780947,0.545508,-0.362124,0.736037,0.735803,0.513963
2112,1.775,1000060120,-0.542839,2.1462,2.09438,1.62587,-0.456479,1.54575,1.5441,1.08788,-0.392063,0.791942,0.791878,0.554348,-0.387772,0.678255,0.677142,0.469111
2112,1.825,1000060120,-0.419449,2.16753,2.11659,1.64632,-0.51332,1.52129,1.51983,1.0725,-0.39637,0.783069,0.782985,0.547996,-0.359441,0.669616,0.668474,0.463267
2112,1.875,1000060120,-0.473448,2.12559,2.07973,1.60304,-0.494141,1.58172,1.5793,1.11839,-0.407911,0.795255,0.795192,0.556674,-0.402857,0.703757,0.703103,0.489038
2112,1.925,1000060120,-0.478633,2.14144,2.09378,1.6204,-0.573906,1.52585,1.52413,1.07639,-0.37989,0.768623,0.76851,0.537684,-0.392425,0.686306,0.685362,0.47546
2112,1.975,1000060120,-0.471364,2.11537,2.07233,1.59379,-0.425227,1.54967,1.54769,1.09286,-0.399979,0.761688,0.761537,0.531493,-0.40797,0.700441,0.699717,0.486328
2112,2.025,1000060120,-0.503004,2.05803,2.02097,1.53413,-0.475576,1.54579,1.54408,1.08827,-0.411641,0.781957,0.781864,0.547155,-0.384938,0.733642,0.733354,0.511907
2112,0.075,1000080160,-0.449641,2.15802,2.10803,1.63689,-0.48974,1.66638,1.66133,1.18425,-0.0880288,0.861899,0.861909,0.603608,-0.120789,0.810678,0.810713,0.568134
2112,0.125,1000080160,-0.383187,2.23062,2.1684,1.71289,-0.549421,1.70054,1.69333,1.21366,-0.0865195,0.910727,0.910729,0.637692,-0.202377,0.776881,0.776918,0.544429
2112,0.175,1000080160,-0.426207,2.13085,2.08523,1.60838,-0.490484,1.63905,1.63457,1.16285,-0.110489,0.925202,0.925203,0.647975,-0.272186,0.767903,0.76788,0.53772
2112,0.225,1000080160,-0.451199,2.20185,2.14274,1.68209,-0.512991,1.69884,1.69252,1.21167,-0.136793,0.929733,0.929734,0.651187,-0.301265,0.757103,0.757036,0.529843
2112,0.275,1000080160,-0.494332,2.22041,2.15709,1.70237,-0.519944,1.66193,1.65692,1.18201,-0.165551,0.919702,0.919702,0.6442,-0.280787,0.773187,0.773161,0.541384
2112,0.325,1000080160,-0.436167,2.19331,2.13593,1.67287,-0.563414,1.7063,1.69903,1.21901,-0.191448,0.920244,0.920245,0.644603,-0.310759,0.783687,0.783649,0.548643
2112,0.375,1000080160,-0.484352,2.19846,2.1382,1.68075,-0.502503,1.70358,1.69676,1.21555,-0.196816,0.941457,0.941457,0.659466,-0.299844,0.774665,0.774624,0.542301
2112,0.425,1000080160,-0.442806,2.23843,2.17364,1.7211,-0.520782,1.71503,1.70795,1.2254,-0.202815,0.938682,0.938682,0.657549,-0.304902,0.81723,0.817216,0.57227
2112,0.475,1000080160,-0.488343,2.21204,2.15061,1.69357,-0.513162,1.68081,1.67497,1.19715,-0.21529,0.943231,0.943231,0.660724,-0.314821,0.810144,0.810124,0.567248
2112,0.525,1000080160,-0.476179,2.21559,2.15446,1.69733,-0.4867,1.68299,1.67726,1.19559,-0.221653,0.951045,0.951045,0.666221,-0.314859,0.806888,0.806866,0.564969
2112,0.575,1000080160,-0.485064,2.22353,2.16169,1.70623,-0.542535,1.70135,1.69504,1.2126,-0.249437,0.954582,0.954582,0.668802,-0.317125,0.810226,0.810205,0.567333
2112,0.625,1000080160,-0.459017,2.12021,2.07569,1.59813,-0.500149,1.6989,1.69225,1.2087,-0.233062,0.953509,0.953509,0.668049,-0.291514,0.786754,0.786729,0.550908
2112,0.675,1000080160,-0.525683,2.18769,2.1284,1.66811,-0.520165,1.71374,1.70667,1.22431,-0.271075,0.972631,0.972631,0.681347,-0.298042,0.817954,0.817943,0.572819
2112,0.725,1000080160,-0.488671,2.1465,2.09696,1.62549,-0.551226,1.68691,1.68067,1.20285,-0.268824,0.956764,0.956764,0.670328,-0.312859,0.780603,0.78056,0.546466
2112,0.775,1000080160,-0.537267,2.21835,2.15249,1.70015,-0.570781,1.65995,1.65476,1.17975,-0.277552,0.958662,0.958662,0.671658,-0.317883,0.773772,0.773716,0.541602
2112,0.825,1000080160,-0.377703,2.214,2.15576,1.69457,-0.500371,1.73218,1.72464,1.23928,-0.265498,0.976275,0.976274,0.682589,-0.313542,0.798569,0.798542,0.559166
2112,0.875,1000080160,-0.395187,2.16517,2.11305,1.64275,-0.469166,1.71621,1.70913,1.22536,-0.281126,0.976946,0.976946,0.684467,-0.324633,0.79393,0.793895,0.555836
2112,0.925,1000080160,-0.429569,2.21345,2.15396,1.69452,-0.517138,1.68116,1.67455,1.19479,-0.264837,0.963919,0.963919,0.673866,-0.295499,0.801548,0.80153,0.561305
2112,0.975,1000080160,-0.273025,2.1497,2.10277,1.6242,-0.546349,1.69024,1.68408,1.20271,-0.273521,0.960667,0.960667,0.673062,-0.310449,0.775533,0.775485,0.542901
2112,1.025,1000080160,-0.482189,2.18662,2.12982,1.66676,-0.519175,1.67332,1.66772,1.19117,-0.282527,0.972999,0.972999,0.681704,-0.346956,0.7876,0.787547,0.551253
2112,1.075,1000080160,-0.501338,2.2367,2.17072,1.71997,-0.537582,1.6966,1.69052,1.21058,-0.273357,0.959902,0.959902,0.670995,-0.338046,0.774204,0.774133,0.541788
2112,1.125,1000080160,-0.498321,2.18658,2.12766,1.66421,-0.545906,1.69586,1.68973,1.21013,-0.259634,0.959982,0.959982,0.671202,-0.312961,0.78157,0.781527,0.547158
2112,1.175,1000080160,-0.420454,2.26662,2.19551,1.75059,-0.537852,1.71376,1.70666,1.22161,-0.260309,0.944302,0.944301,0.660286,-0.300074,0.813652,0.813638,0.569799
2112,1.225,1000080160,-0.38677,2.15049,2.10203,1.62882,-0.441346,1.69337,1.68783,1.2062,-0.270672,0.950943,0.950943,0.66466,-0.290655,0.77125,0.771214,0.539987
2112,1.275,1000080160,-0.470357,2.20427,2.14407,1.68319,-0.469919,1.73009,1.72284,1.23695,-0.281163,0.957323,0.957323,0.669266,-0.299754,0.790877,0.790851,0.553748
2112,1.325,1000080160,-0.481298,2.23831,2.17152,1.72103,-0.477713,1.70674,1.69975,1.21479,-0.290958,0.966454,0.966454,0.677117,-0.308314,0.769601,0.769546,0.538702
2112,1.375,1000080160,-0.472306,2.18137,2.12417,1.65883,-0.453145,1.68758,1.68181,1.20162,-0.261342,0.927908,0.927908,0.648692,-0.311849,0.756195,0.756113,0.529137
2112,1.425,1000080160,-0.494224,2.17494,2.12017,1.65486,-0.438795,1.6861,1.67983,1.19857,-0.240174,0.972318,0.972318,0.679602,-0.257016,0.808755,0.808753,0.566464
2112,1.475,1000080160,-0.496894,2.11911,2.07236,1.59731,-0.497399,1.71544,1.70856,1.2253,-0.283199,0.938844,0.938844,0.656326,-0.30846,0.780133,0.780092,0.546146
2112,1.525,1000080160,-0.426607,2.24058,2.17684,1.72255,-0.46179,1.68731,1.68078,1.20146,-0.283825,0.944707,0.944707,0.661773,-0.28695,0.745404,0.745337,0.521803
2112,1.575,1000080160,-0.516435,2.27745,2.2022,1.76349,-0.512557,1.71668,1.70961,1.22661,-0.260398,0.962417,0.962416,0.674188,-0.281735,0.775115,0.775089,0.542744
2112,1.625,1000080160,-0.453956,2.24952,2.18213,1.73301,-0.512335,1.64252,1.63781,1.16605,-0.280274,0.940991,0.940991,0.65928,-0.300737,0.798231,0.79821,0.558926
2112,1.675,1000080160,-0.395129,2.11621,2.07068,1.58984,-0.50354,1.64656,1.64248,1.16919,-0.289359,0.953573,0.953573,0.668092,-0.29151,0.786453,0.786429,0.550693
2112,1.725,1000080160,-0.428179,2.18111,2.1245,1.65941,-0.456265,1.68951,1.68432,1.20304,-0.28183,0.948683,0.948683,0.664665,-0.256558,0.770182,0.770175,0.539444
2112,1.775,1000080160,-0.49954,2.19165,2.13302,1.67206,-0.484553,1.64779,1.64238,1.16999,-0.287312,0.951112,0.951112,0.666371,-0.271355,0.794986,0.794976,0.556776
2112,1.825,1000080160,-0.461451,2.27126,2.19983,1.75664,-0.493762,1.70724,1.70109,1.21827,-0.269824,0.911081,0.91108,0.63681,-0.250677,0.85705,0.857049,0.600274
2112,1.875,1000080160,-0.473563,2.17471,2.12062,1.65434,-0.427231,1.64269,1.63847,1.16232,-0.278827,0.942094,0.942094,0.659915,-0.278972,0.772618,0.772593,0.541018
2112,1.925,1000080160,-0.491607,2.21649,2.15451,1.69661,-0.51189,1.63764,1.63379,1.15964,-0.297217,0.915546,0.915545,0.641445,-0.252702,0.821295,0.821295,0.575242
2112,1.975,1000080160,-0.453399,2.19757,2.13944,1.67776,-0.454839,1.67562,1.67092,1.19177,-0.278901,0.944709,0.944709,0.661745,-0.28324,0.788386,0.788367,0.552081
2112,2.025,1000080160,-0.417706,2.16533,2.11216,1.64002,-0.572789,1.63294,1.6274,1.15959,-0.294919,0.925522,0.925522,0.648318,-0.26216,0.795123,0.795117,0.556901
2112,0.075,1000180400,-1.52558,2.28719,2.28719,1.60114,-0.941025,1.9451,1.9451,1.36195,-2.00803,1.18416,1.18416,0.828531,-2.41731,1.10593,1.10593,0.773098
2112,0.125,1000180400,-1.53987,2.26885,2.26885,1.58938,-0.999202,1.98563,1.98563,1.3889,-2.02409,1.26123,1.26123,0.882752,-2.44282,1.15182,1.15182,0.80576
2112,0.175,1000180400,-1.54721,2.24483,2.24483,1.57233,-1.03572,2.06212,2.06212,1.44124,-2.09958,1.2936,1.2936,0.905519,-2.44663,1.15933,1.15933,0.811297
2112,0.225,1000180400,-1.53096,2.29181,2.29181,1.60497,-1.03573,2.05346,2.05346,1.4387,-2.14414,1.32519,1.32519,0.927729,-2.45051,1.19098,1.19098,0.833481
2112,0.275,1000180400,-1.58113,2.29081,2.29081,1.60334,-1.02972,2.06525,2.06525,1.44696,-2.19364,1.32463,1.32463,0.92709,-2.42265,1.21012,1.21012,0.847251
2112,0.325,1000180400,-1.49497,2.23167,2.23167,1.56325,-1.02327,2.12349,2.12349,1.48414,-2.23768,1.33062,1.33062,0.931346,-2.47879,1.21818,1.21818,0.852832
2112,0.375,1000180400,-1.58893,2.28875,2.28875,1.60225,-1.0649,2.13733,2.13733,1.49441,-2.31534,1.35794,1.35794,0.950437,-2.46564,1.23547,1.23547,0.864972
2112,0.425,1000180400,-1.52538,2.26235,2.26235,1.58493,-1.07178,2.20172,2.20172,1.5409,-2.36812,1.35307,1.35307,0.947446,-2.48721,1.26602,1.26602,0.886589
2112,0.475,1000180400,-1.52035,2.26655,2.26655,1.58746,-1.11383,2.17449,2.17449,1.5235,-2.41299,1.36824,1.36824,0.957915,-2.51674,1.27155,1.27155,0.890642
2112,0.525,1000180400,-1.61379,2.22867,2.22867,1.56126,-1.07919,2.25075,2.25075,1.57439,-2.48219,1.37701,1.37701,0.964302,-2.57877,1.27363,1.27363,0.892045
2112,0.575,1000180400,-1.59386,2.3163,2.3163,1.62176,-1.16878,2.22698,2.22698,1.55684,-2.51413,1.37658,1.37658,0.964033,-2.6142,1.28307,1.28307,0.89875
2112,0.625,1000180400,-1.5221,2.24201,2.24201,1.57044,-1.15009,2.22053,2.22053,1.5542,-2.57294,1.3793,1.3793,0.966016,-2.61774,1.29662,1.29662,0.908303
2112,0.675,1000180400,-1.54486,2.26535,2.26535,1.58642,-1.21451,2.30712,2.30712,1.61425,-2.59726,1.3979,1.3979,0.978665,-2.68196,1.29281,1.29281,0.905631
2112,0.725,1000180400,-1.5,2.25432,2.25432,1.57771,-1.20324,2.3204,2.3204,1.62572,-2.64602,1.39844,1.39844,0.979508,-2.71666,1.30466,1.30466,0.913986
2112,0.775,1000180400,-1.54188,2.28274,2.28274,1.59823,-1.23407,2.279,2.279,1.59395,-2.64038,1.4012,1.4012,0.981196,-2.74775,1.29032,1.29032,0.905977
2112,0.825,1000180400,-1.50949,2.29173,2.29173,1.60528,-1.24583,2.32417,2.32417,1.62431,-2.67087,1.39178,1.39178,0.97476,-2.77659,1.30524,1.30524,0.914558
2112,0.875,1000180400,-1.57049,2.26908,2.26908,1.58904,-1.28786,2.36755,2.36755,1.6554,-2.69874,1.40772,1.40772,0.986005,-2.78867,1.32185,1.32185,0.924875
2112,0.925,1000180400,-1.53557,2.28196,2.28196,1.59626,-1.27342,2.35177,2.35177,1.64743,-2.69858,1.42493,1.42493,0.997961,-2.84975,1.27391,1.27391,0.893918
2112,0.975,1000180400,-1.59288,2.2189,2.2189,1.55421,-1.21462,2.34491,2.34491,1.64037,-2.71823,1.39622,1.39622,0.978005,-2.81755,1.32138,1.32138,0.926532
2112,1.025,1000180400,-1.59076,2.299,2.299,1.60976,-1.26245,2.3501,2.3501,1.64438,-2.7449,1.41362,1.41362,0.990253,-2.85836,1.28467,1.28467,0.900009
2112,1.075,1000180400,-1.52259,2.34753,2.34753,1.64398,-1.29805,2.33786,2.33786,1.63646,-2.75564,1.43552,1.43552,1.00561,-2.89324,1.29448,1.29448,0.906843
2112,1.125,1000180400,-1.47795,2.27549,2.27549,1.59023,-1.29488,2.39152,2.39152,1.67304,-2.74857,1.45436,1.45436,1.01867,-2.88367,1.28047,1.28047,0.896751
2112,1.175,1000180400,-1.55502,2.32739,2.32739,1.62956,-1.27618,2.3444,2.3444,1.63988,-2.77041,1.41757,1.41757,0.992898,-2.90241,1.28451,1.28451,0.902186
2112,1.225,1000180400,-1.54506,2.30188,2.30188,1.61235,-1.27159,2.43215,2.43215,1.70048,-2.75815,1.43295,1.43295,1.00352,-2.90498,1.28922,1.28922,0.903168
2112,1.275,1000180400,-1.57407,2.18031,2.18031,1.52711,-1.28866,2.42405,2.42405,1.69422,-2.78936,1.44896,1.44896,1.01478,-2.87301,1.30212,1.30212,0.912095
2112,1.325,1000180400,-1.59579,2.33061,2.33061,1.63242,-1.28642,2.42421,2.42421,1.69815,-2.74885,1.44365,1.44365,1.01096,-2.86475,1.34777,1.34777,0.944183
2112,1.375,1000180400,-1.59167,2.29688,2.29688,1.61087,-1.26814,2.41064,2.41064,1.68764,-2.79647,1.43554,1.43554,1.00533,-2.85543,1.33715,1.33715,0.93676
2112,1.425,1000180400,-1.5299,2.23913,2.23913,1.56792,-1.26093,2.38483,2.38483,1.67062,-2.74875,1.43436,1.43436,1.00445,-2.84442,1.32955,1.32955,0.931456
2112,1.475,1000180400,-1.48177,2.29637,2.29637,1.60438,-1.23837,2.31714,2.31714,1.62022,-2.77972,1.44586,1.44586,1.01244,-2.89526,1.31925,1.31925,0.926774
2112,1.525,1000180400,-1.5617,2.31361,2.31361,1.62063,-1.28074,2.34172,2.34172,1.64036,-2.76217,1.43442,1.43442,1.00469,-2.87563,1.32097,1.32097,0.925396
2112,1.575,1000180400,-1.55598,2.29499,2.29499,1.60576,-1.28091,2.33552,2.33552,1.6337,-2.78146,1.42433,1.42433,0.997344,-2.92518,1.31031,1.31031,0.919933
2112,1.625,1000180400,-1.51129,2.27963,2.27963,1.59587,-1.31254,2.38313,2.38313,1.66968,-2.74812,1.44873,1.44873,1.01448,-2.89404,1.35777,1.35777,0.950749
2112,1.675,1000180400,-1.60068,2.29585,2.29585,1.6077,-1.28364,2.40755,2.40755,1.68653,-2.74447,1.43717,1.43717,1.00622,-2.87304,1.34828,1.34828,0.946744
2112,1.725,1000180400,-1.62628,2.31031,2.31031,1.61842,-1.25146,2.26376,2.26376,1.58267,-2.77178,1.44715,1.44715,1.01332,-2.84151,1.34638,1.34638,0.943245
2112,1.775,1000180400,-1.59325,2.25868,2.25868,1.58095,-1.28123,2.38832,2.38832,1.67304,-2.76657,1.42963,1.42963,1.00091,-2.89396,1.34898,1.34898,0.944944
2112,1.825,1000180400,-1.49651,2.31452,2.31452,1.62149,-1.26136,2.33002,2.33002,1.63023,-2.74319,1.4459,1.4459,1.01261,-2.91727,1.35663,1.35663,0.952432
2112,1.875,1000180400,-1.6094,2.28975,2.28975,1.60378,-1.20795,2.31839,2.31839,1.62154,-2.70872,1.44083,1.44083,1.00856,-2.79189,1.35455,1.35455,0.949086
2112,1.925,1000180400,-1.49032,2.27698,2.27698,1.59424,-1.23749,2.3637,2.3637,1.65213,-2.718,1.4436,1.4436,1.01045,-2.85826,1.36306,1.36306,0.957663
2112,1.975,1000180400,-1.54725,2.24012,2.24012,1.56897,-1.27476,2.29017,2.29017,1.60165,-2.72896,1.44828,1.44828,1.01374,-2.86325,1.38062,1.38062,0.964817
2112,2.025,1000180400,-1.63476,2.28328,2.28328,1.59831,-1.15207,2.26604,2.26604,1.58567,-2.70285,1.43365,1.43365,1.0033,-2.77196,1.37491,1.37491,0.961916
2112,0.075,1000260560,-1.21413,2.39663,2.39663,1.68099,-0.818733,2.02996,2.02996,1.42125,-1.32795,1.12141,1.12141,0.786002,-1.59971,1.20834,1.20834,0.846314
2112,0.125,1000260560,-1.26449,2.42395,2.42395,1.69726,-0.831942,2.10684,2.10684,1.47582,-1.33811,1.17171,1.17171,0.820761,-1.63882,1.23745,1.23745,0.866901
2112,0.175,1000260560,-1.29358,2.4032,2.4032,1.68357,-0.90486,2.17106,2.17106,1.52109,-1.38284,1.21549,1.21549,0.851111,-1.65292,1.29771,1.29771,0.909144
2112,0.225,1000260560,-1.15165,2.44006,2.44006,1.71375,-0.919077,2.21347,2.21347,1.5476,-1.47872,1.24339,1.24339,0.870426,-1.69556,1.30162,1.30162,0.911775
2112,0.275,1000260560,-1.24619,2.3993,2.3993,1.67977,-0.921991,2.2408,2.2408,1.56969,-1.51637,1.27382,1.27381,0.891868,-1.68459,1.35133,1.35133,0.94746
2112,0.325,1000260560,-1.25836,2.39661,2.39661,1.67888,-0.889849,2.25786,2.25786,1.57798,-1.59287,1.27519,1.27519,0.893,-1.71972,1.35448,1.35448,0.948824
2112,0.375,1000260560,-1.26548,2.37001,2.37001,1.659,-0.940695,2.32471,2.32471,1.62482,-1.64031,1.31803,1.31803,0.923221,-1.73991,1.36652,1.36652,0.957178
2112,0.425,1000260560,-1.25454,2.39496,2.39496,1.67718,-0.924292,2.31706,2.31706,1.62339,-1.70983,1.3212,1.3212,0.925425,-1.69907,1.39003,1.39003,0.973647
2112,0.475,1000260560,-1.20988,2.46165,2.46165,1.72425,-0.993873,2.38354,2.38354,1.66967,-1.77053,1.33779,1.33779,0.937207,-1.75624,1.38789,1.38789,0.972214
2112,0.525,1000260560,-1.25791,2.40324,2.40324,1.68346,-1.00034,2.4555,2.4555,1.72038,-1.83734,1.34854,1.34854,0.946644,-1.76557,1.43685,1.43685,1.00651
2112,0.575,1000260560,-1.26805,2.38551,2.38551,1.67111,-1.06387,2.42725,2.42725,1.70058,-1.88072,1.36449,1.36449,0.955521,-1.81849,1.41564,1.41564,0.991731
2112,0.625,1000260560,-1.34759,2.493,2.493,1.74635,-1.12243,2.46174,2.46174,1.72475,-1.91741,1.38546,1.38546,0.970605,-1.86744,1.43566,1.43566,1.00578
2112,0.675,1000260560,-1.27672,2.38383,2.38383,1.66998,-1.08338,2.51239,2.51239,1.76024,-1.98106,1.40039,1.40039,0.981027,-1.91834,1.4253,1.4253,0.996627
2112,0.725,1000260560,-1.26119,2.41496,2.41496,1.69036,-1.11565,2.53027,2.53027,1.76834,-2.02101,1.40579,1.40579,0.984831,-1.93968,1.44778,1.44778,1.01495
2112,0.775,1000260560,-1.25008,2.44557,2.44557,1.71466,-1.19758,2.517,2.517,1.75999,-2.07239,1.43908,1.43908,1.00801,-1.97496,1.43456,1.43456,1.0054
2112,0.825,1000260560,-1.26426,2.42291,2.42291,1.69741,-1.10517,2.55603,2.55603,1.78762,-2.0641,1.42863,1.42863,1.00076,-1.98488,1.46753,1.46753,1.02806
2112,0.875,1000260560,-1.17084,2.40283,2.40283,1.68335,-1.07143,2.62446,2.62446,1.83845,-2.096,1.44593,1.44593,1.01286,-2.00609,1.49286,1.49286,1.04572
2112,0.925,1000260560,-1.23169,2.46863,2.46863,1.72819,-1.2204,2.59125,2.59125,1.81517,-2.13177,1.44754,1.44754,1.01399,-2.05635,1.46913,1.46913,1.02791
2112,0.975,1000260560,-1.20671,2.43735,2.43735,1.70586,-1.27134,2.61191,2.61191,1.82967,-2.16486,1.45995,1.45995,1.02257,-2.07805,1.46113,1.46113,1.0245
2112,1.025,1000260560,-1.26841,2.46361,2.46361,1.72149,-1.18954,2.61747,2.61747,1.83108,-2.20185,1.47882,1.47882,1.03575,-2.08926,1.48637,1.48637,1.03927
2112,1.075,1000260560,-1.19423,2.45871,2.45871,1.72231,-1.14409,2.60879,2.60879,1.82733,-2.16641,1.48469,1.48469,1.0399,-2.11297,1.48982,1.48982,1.04357
2112,1.125,1000260560,-1.18152,2.41256,2.41256,1.69006,-1.17144,2.65259,2.65259,1.85847,-2.23448,1.49442,1.49442,1.04673,-2.14507,1.497,1.497,1.04895
2112,1.175,1000260560,-1.34863,2.45741,2.45741,1.72638,-1.13503,2.64373,2.64373,1.85182,-2.24535,1.50915,1.50915,1.0571,-2.17536,1.49099,1.49099,1.04231
2112,1.225,1000260560,-1.14478,2.42629,2.42629,1.70081,-1.15354,2.64745,2.64745,1.85448,-2.25422,1.50209,1.50209,1.05181,-2.18759,1.49078,1.49078,1.04431
2112,1.275,1000260560,-1.26795,2.44987,2.44987,1.71628,-1.20281,2.66685,2.66685,1.86797,-2.26041,1.52625,1.52625,1.06892,-2.19875,1.50534,1.50534,1.0544
2112,1.325,1000260560,-1.22927,2.37373,2.37373,1.66656,-1.21056,2.6704,2.6704,1.86729,-2.27021,1.52873,1.52873,1.07038,-2.16858,1.46452,1.46452,1.02595
2112,1.375,1000260560,-1.3402,2.375,2.375,1.66472,-1.12363,2.69199,2.69199,1.88607,-2.29071,1.52936,1.52936,1.07085,-2.21616,1.48558,1.48558,1.0406
2112,1.425,1000260560,-1.2011,2.42782,2.42782,1.70084,-1.20074,2.62188,2.62188,1.83642,-2.28085,1.54757,1.54757,1.08338,-2.2478,1.4869,1.4869,1.04071
2112,1.475,1000260560,-1.17749,2.49838,2.49838,1.74599,-1.14767,2.68137,2.68137,1.87833,-2.26392,1.54907,1.54907,1.08482,-2.2138,1.53219,1.53219,1.07323
2112,1.525,1000260560,-1.22576,2.41691,2.41691,1.69557,-1.21253,2.65793,2.65792,1.86107,-2.28659,1.55193,1.55193,1.08679,-2.24046,1.50918,1.50918,1.05716
2112,1.575,1000260560,-1.26041,2.44866,2.44866,1.71048,-1.16582,2.6277,2.6277,1.84072,-2.29353,1.56942,1.56942,1.09911,-2.2927,1.50344,1.50344,1.05327
2112,1.625,1000260560,-1.24641,2.46417,2.46417,1.73135,-1.21793,2.59404,2.59404,1.81711,-2.292,1.5696,1.5696,1.09897,-2.28615,1.51092,1.51092,1.05837
2112,1.675,1000260560,-1.21991,2.51325,2.51325,1.76067,-1.1917,2.64982,2.64982,1.85608,-2.29232,1.53848,1.53848,1.07722,-2.26671,1.53471,1.53471,1.07484
2112,1.725,1000260560,-1.2741,2.45099,2.45099,1.71705,-1.16784,2.64143,2.64143,1.85064,-2.28206,1.56996,1.56996,1.09906,-2.24526,1.52127,1.52127,1.06434
2112,1.775,1000260560,-1.35354,2.43505,2.43505,1.70572,-1.18053,2.6692,2.6692,1.86981,-2.28341,1.60956,1.60956,1.12646,-2.30636,1.53702,1.53702,1.07656
2112,1.825,1000260560,-1.21845,2.45562,2.45562,1.72395,-1.16947,2.68602,2.68602,1.88145,-2.26131,1.59873,1.59873,1.1196,-2.29009,1.54937,1.54937,1.08366
2112,1.875,1000260560,-1.2764,2.41897,2.41897,1.69044,-1.19015,2.63886,2.63886,1.84885,-2.26625,1.55969,1.55969,1.09172,-2.28802,1.51996,1.51996,1.06484
2112,1.925,1000260560,-1.19044,2.41989,2.41989,1.69312,-1.07262,2.64431,2.64431,1.85237,-2.26366,1.57165,1.57165,1.10042,-2.26098,1.52697,1.52697,1.06976
2112,1.975,1000260560,-1.31178,2.46117,2.46117,1.72408,-1.12879,2.60635,2.60635,1.82571,-2.2433,1.55804,1.55804,1.09087,-2.2848,1.52835,1.52835,1.07064
2112,2.025,1000260560,-1.20472,2.46326,2.46326,1.72557,-1.1254,2.61599,2.61599,1.82899,-2.28394,1.5734,1.5734,1.10068,-2.26253,1.5698,1.5698,1.09826
2212,0.075,1000060120,1.62482,2.17273,2.03146,1.67892,1.52548,1.60161,1.58266,1.16249,1.46504,0.635869,0.632175,0.428608,1.63163,0.784079,0.78401,0.548564
2212,0.125,1000060120,1.58528,2.27885,2.10539,1.77399,1.49486,1.58627,1.5694,1.1494,1.4479,0.696318,0.695415,0.482387,1.63881,0.75823,0.758098,0.530193
2212,0.175,1000060120,1.64157,2.21544,2.05843,1.71715,1.49433,1.54857,1.53499,1.11718,1.42704,0.732316,0.731961,0.5106,1.60849,0.711062,0.710541,0.494742
2212,0.225,1000060120,1.5947,2.13151,2.00544,1.64056,1.54703,1.57344,1.55697,1.1405,1.43954,0.772388,0.772258,0.540033,1.62143,0.72807,0.727751,0.507767
2212,0.275,1000060120,1.61544,2.33083,2.13965,1.82208,1.47752,1.6047,1.5877,1.16424,1.4484,0.763779,0.763611,0.533791,1.61262,0.709934,0.70941,0.494014
2212,0.325,1000060120,1.61861,2.20489,2.05161,1.7076,1.51716,1.58615,1.56931,1.15037,1.48047,0.789537,0.789449,0.552347,1.61924,0.706613,0.706066,0.49159
2212,0.375,1000060120,1.63938,2.27022,2.09448,1.76677,1.46848,1.54143,1.52934,1.1102,1.46909,0.762071,0.76189,0.532527,1.60692,0.710539,0.710008,0.494398
2212,0.425,1000060120,1.62314,2.18283,2.0366,1.68743,1.46,1.56243,1.54942,1.12787,1.48768,0.77675,0.776625,0.543175,1.59364,0.711649,0.7111,0.495071
2212,0.475,1000060120,1.61754,2.21753,2.06407,1.71945,1.50515,1.5463,1.5333,1.11607,1.49487,0.795434,0.795358,0.556613,1.59088,0.703284,0.702604,0.488549
2212,0.525,1000060120,1.57706,2.21865,2.06954,1.71942,1.52331,1.57662,1.56081,1.14256,1.49128,0.796522,0.796449,0.557399,1.57496,0.697371,0.696543,0.483651
2212,0.575,1000060120,1.6799,2.27248,2.08922,1.7692,1.46105,1.57066,1.55615,1.13473,1.49974,0.787434,0.78734,0.550972,1.57934,0.705432,0.704759,0.490064
2212,0.625,1000060120,1.65647,2.30829,2.1184,1.80151,1.5234,1.57452,1.55862,1.14074,1.50211,0.793931,0.793852,0.555628,1.58268,0.710414,0.709824,0.493987
2212,0.675,1000060120,1.66197,2.20391,2.04755,1.70783,1.52821,1.54201,1.52872,1.11339,1.50814,0.803713,0.803654,0.562616,1.56272,0.694118,0.693191,0.480863
2212,0.725,1000060120,1.62249,2.43336,2.20353,1.91524,1.49727,1.56664,1.55282,1.13303,1.49689,0.795823,0.795748,0.556981,1.56774,0.699962,0.699166,0.48561
2212,0.775,1000060120,1.67543,2.29954,2.10997,1.79421,1.53755,1.57452,1.55814,1.14134,1.50162,0.796166,0.796092,0.556099,1.53945,0.681587,0.680283,0.470262
2212,0.825,1000060120,1.63901,2.32391,2.12959,1.81529,1.5404,1.54845,1.53477,1.11939,1.5249,0.819844,0.819807,0.572742,1.55485,0.6534,0.650987,0.445996
2212,0.875,1000060120,1.68736,2.27019,2.08981,1.76799,1.52691,1.52046,1.50858,1.09519,1.50387,0.791039,0.790954,0.552565,1.55723,0.66648,0.664695,0.457639
2212,0.925,1000060120,1.56327,2.23635,2.08098,1.73464,1.52452,1.53874,1.52588,1.1105,1.51673,0.801291,0.801228,0.55983,1.53323,0.688613,0.687496,0.476046
2212,0.975,1000060120,1.66048,2.25576,2.08325,1.7537,1.54657,1.55831,1.54315,1.12794,1.50066,0.816011,0.815969,0.571361,1.52312,0.655258,0.65283,0.447094
2212,1.025,1000060120,1.72507,2.36134,2.14302,1.84909,1.51592,1.52864,1.51711,1.10005,1.50709,0.802577,0.802515,0.560873,1.53999,0.658043,0.655809,0.449882
2212,1.075,1000060120,1.65216,2.25155,2.08127,1.75021,1.50315,1.50528,1.49554,1.07954,1.49079,0.785224,0.785125,0.548472,1.5602,0.647897,0.645202,0.441084
2212,1.125,1000060120,1.71624,2.35261,2.13826,1.84152,1.45958,1.53742,1.52523,1.10671,1.51301,0.795102,0.795026,0.555405,1.57589,0.660596,0.658656,0.45307
2212,1.175,1000060120,1.62523,2.25253,2.0854,1.75104,1.49547,1.54229,1.5293,1.11194,1.51161,0.77652,0.776395,0.542079,1.55574,0.657041,0.654823,0.449321
2212,1.225,1000060120,1.66513,2.33786,2.13676,1.82816,1.49565,1.54528,1.53332,1.11495,1.49506,0.815847,0.815805,0.571247,1.52262,0.676749,0.67526,0.466009
2212,1.275,1000060120,1.70749,2.29541,2.10193,1.79046,1.54647,1.54843,1.53511,1.1171,1.49086,0.785997,0.7859,0.549937,1.53431,0.658859,0.656648,0.450525
2212,1.325,1000060120,1.61451,2.23572,2.07749,1.73584,1.51456,1.58235,1.56608,1.14704,1.50371,0.7866,0.786504,0.549304,1.56048,0.694634,0.693714,0.481249
2212,1.375,1000060120,1.64264,2.3527,2.15182,1.84223,1.50458,1.53319,1.52091,1.10214,1.51122,0.793978,0.7939,0.555663,1.54312,0.681778,0.680488,0.470462
2212,1.425,1000060120,1.67096,2.28208,2.09978,1.77837,1.49524,1.48023,1.47198,1.06072,1.49327,0.792141,0.792059,0.554346,1.57707,0.689597,0.688608,0.477453
2212,1.475,1000060120,1.68413,2.31951,2.12087,1.81169,1.47924,1.54385,1.53198,1.11303,1.52069,0.793945,0.793867,0.554632,1.55888,0.669439,0.667777,0.460248
2212,1.525,1000060120,1.63013,2.21559,2.05834,1.71747,1.54182,1.47816,1.46897,1.06059,1.49083,0.790231,0.790145,0.551805,1.55094,0.673851,0.672323,0.463886
2212,1.575,1000060120,1.6184,2.32286,2.13264,1.81452,1.52376,1.5062,1.49593,1.0814,1.50586,0.801392,0.801329,0.560961,1.54111,0.684962,0.683759,0.473095
2212,1.625,1000060120,1.67323,2.30854,2.1161,1.80113,1.40499,1.52258,1.51235,1.08973,1.50463,0.784351,0.784249,0.547513,1.57196,0.684392,0.683257,0.473097
2212,1.675,1000060120,1.7299,2.30619,2.10623,1.80012,1.49203,1.55283,1.53965,1.12073,1.53144,0.794637,0.794562,0.554956,1.53931,0.704677,0.703921,0.489089
2212,1.725,1000060120,1.53238,2.27879,2.11583,1.7736,1.48363,1.56749,1.55377,1.13273,1.51266,0.77513,0.775,0.54094,1.5627,0.707763,0.707094,0.491671
2212,1.775,1000060120,1.68029,2.36726,2.15351,1.85457,1.44006,1.56168,1.54936,1.12646,1.52357,0.793236,0.793157,0.555139,1.57362,0.748369,0.748134,0.522496
2212,1.825,1000060120,1.67864,2.30966,2.11594,1.80362,1.47401,1.55845,1.54527,1.122,1.52668,0.792404,0.792323,0.554544,1.56806,0.697522,0.69668,0.483673
2212,1.875,1000060120,1.65371,2.31076,2.12182,1.8043,1.47354,1.54467,1.53281,1.11349,1.51531,0.763387,0.76321,0.532339,1.52088,0.713174,0.712544,0.495624
2212,1.925,1000060120,1.63374,2.33954,2.14303,1.8298,1.49248,1.52288,1.51096,1.09581,1.49717,0.775711,0.775582,0.542517,1.54931,0.6987,0.697842,0.484359
2212,1.975,1000060120,1.59147,2.30624,2.12653,1.79891,1.52222,1.57107,1.55571,1.13778,1.50769,0.786234,0.786137,0.550111,1.56452,0.674909,0.673465,0.465033
2212,2.025,1000060120,1.58645,2.44408,2.21627,1.92534,1.50409,1.54933,1.53689,1.1187,1.49612,0.784538,0.784437,0.548803,1.56668,0.703271,0.702534,0.488219
2212,0.075,1000080160,1.59058,2.27756,2.1041,1.77191,1.49318,1.68551,1.65848,1.23318,1.55553,0.649196,0.64655,0.441982,1.83713,0.814376,0.814398,0.5706
2212,0.125,1000080160,1.60052,2.24588,2.08303,1.74469,1.53347,1.69536,1.66538,1.24533,1.52355,0.759321,0.759124,0.530285,1.78102,0.773471,0.773497,0.541948
2212,0.175,1000080160,1.68467,2.36495,2.15003,1.85317,1.57405,1.71841,1.68339,1.26813,1.51287,0.801681,0.801618,0.560948,1.80371,0.794347,0.794372,0.556616
2212,0.225,1000080160,1.62054,2.34254,2.14288,1.83174,1.53366,1.7205,1.68694,1.26781,1.49954,0.836506,0.836482,0.58565,1.7701,0.777712,0.777727,0.54487
2212,0.275,1000080160,1.63628,2.37464,2.16187,1.86106,1.53557,1.71221,1.67983,1.2601,1.51622,0.865125,0.865115,0.605852,1.76886,0.78139,0.781403,0.547431
2212,0.325,1000080160,1.59367,2.35556,2.15562,1.84319,1.45133,1.71194,1.68199,1.25586,1.53192,0.872601,0.872593,0.611103,1.75739,0.791933,0.791936,0.554748
2212,0.375,1000080160,1.67323,2.38354,2.16057,1.86887,1.46984,1.70172,1.67289,1.24794,1.54478,0.891256,0.89125,0.624219,1.74429,0.795726,0.795723,0.557349
2212,0.425,1000080160,1.6526,2.29404,2.10676,1.78801,1.50727,1.73113,1.69652,1.27566,1.54506,0.90137,0.901366,0.631342,1.74035,0.781648,0.781641,0.547465
2212,0.475,1000080160,1.57249,2.31662,2.13124,1.80768,1.48495,1.72479,1.69297,1.26908,1.5444,0.906528,0.906524,0.634965,1.73726,0.7726,0.772589,0.541123
2212,0.525,1000080160,1.63232,2.36202,2.15423,1.84977,1.55407,1.71552,1.68081,1.26433,1.56142,0.913542,0.913537,0.639927,1.69847,0.792728,0.792702,0.555056
2212,0.575,1000080160,1.65286,2.40478,2.1803,1.88828,1.4475,1.66101,1.63707,1.21126,1.53283,0.932209,0.932204,0.653012,1.6949,0.786592,0.786449,0.550716
2212,0.625,1000080160,1.6397,2.40044,2.18151,1.88519,1.54609,1.69547,1.66374,1.24625,1.5642,0.93507,0.935064,0.655053,1.68058,0.769438,0.769374,0.538499
2212,0.675,1000080160,1.6426,2.41611,2.18595,1.89796,1.47484,1.73577,1.70228,1.27456,1.57099,0.933908,0.933903,0.654349,1.69757,0.768901,0.768851,0.538238
2212,0.725,1000080160,1.64395,2.41242,2.18408,1.89473,1.55969,1.68497,1.65548,1.238,1.57891,0.943412,0.943404,0.660919,1.68844,0.804833,0.804812,0.563573
2212,0.775,1000080160,1.63317,2.37612,2.16246,1.86197,1.52151,1.69315,1.66318,1.24303,1.57234,0.939515,0.939509,0.658185,1.68416,0.785369,0.78533,0.549827
2212,0.825,1000080160,1.61941,2.35328,2.14655,1.84083,1.52611,1.73753,1.70317,1.28268,1.58076,0.956004,0.955994,0.669865,1.65435,0.757453,0.757335,0.529761
2212,0.875,1000080160,1.60526,2.33127,2.1383,1.82067,1.56993,1.69677,1.66498,1.24588,1.58272,0.947426,0.947418,0.662314,1.65202,0.767121,0.767027,0.53669
2212,0.925,1000080160,1.68245,2.40471,2.17782,1.88835,1.50426,1.74856,1.71425,1.2914,1.55336,0.923386,0.923381,0.64547,1.66567,0.793768,0.793729,0.555721
2212,0.975,1000080160,1.60092,2.42641,2.19915,1.90796,1.49696,1.79162,1.75054,1.32913,1.56638,0.941412,0.941405,0.659611,1.66098,0.812782,0.812758,0.569111
2212,1.025,1000080160,1.67566,2.47445,2.22255,1.95076,1.52819,1.65052,1.62724,1.20646,1.5538,0.937622,0.937616,0.656948,1.65389,0.777358,0.777288,0.543981
2212,1.075,1000080160,1.64796,2.445,2.20366,1.92412,1.517,1.69559,1.66671,1.24516,1.56832,0.935844,0.935838,0.655703,1.64326,0.786913,0.786854,0.550772
2212,1.125,1000080160,1.61852,2.34935,2.1501,1.83868,1.53924,1.66429,1.63784,1.21879,1.56502,0.952855,0.952847,0.667647,1.6816,0.768136,0.76807,0.537595
2212,1.175,1000080160,1.68764,2.47191,2.21426,1.94698,1.43126,1.71946,1.69065,1.25881,1.55732,0.933818,0.933812,0.654172,1.63958,0.801323,0.801282,0.560964
2212,1.225,1000080160,1.67714,2.32116,2.12171,1.81279,1.50963,1.71573,1.68465,1.26249,1.56066,0.937685,0.937679,0.655522,1.64352,0.769596,0.769502,0.538379
2212,1.275,1000080160,1.62344,2.37828,2.16548,1.864,1.50417,1.67068,1.64553,1.21942,1.56535,0.932448,0.932442,0.651781,1.66678,0.790124,0.79008,0.553124
2212,1.325,1000080160,1.59059,2.36124,2.15694,1.84785,1.52214,1.66298,1.63867,1.21704,1.54796,0.935592,0.935587,0.655525,1.64532,0.765536,0.765433,0.535498
2212,1.375,1000080160,1.72566,2.46396,2.20522,1.93993,1.49521,1.67761,1.65133,1.22485,1.56607,0.945582,0.945575,0.662544,1.65867,0.786032,0.78598,0.550184
2212,1.425,1000080160,1.61041,2.30992,2.12339,1.80173,1.50908,1.70859,1.67769,1.25604,1.57019,0.924456,0.924451,0.647715,1.65999,0.771532,0.771455,0.53984
2212,1.475,1000080160,1.64116,2.34746,2.14535,1.83701,1.54114,1.67533,1.64689,1.22844,1.55157,0.93771,0.937704,0.656912,1.66327,0.761658,0.761562,0.532846
2212,1.525,1000080160,1.61969,2.35326,2.15241,1.84189,1.54893,1.68375,1.65497,1.2364,1.55918,0.919852,0.919847,0.64448,1.65217,0.742593,0.742416,0.519087
2212,1.575,1000080160,1.6477,2.33905,2.13721,1.82865,1.53829,1.666,1.63965,1.2203,1.58262,0.934521,0.934515,0.654683,1.69933,0.737457,0.737347,0.515873
2212,1.625,1000080160,1.68184,2.43039,2.18961,1.90934,1.42611,1.67228,1.64793,1.22003,1.55834,0.928503,0.928497,0.650451,1.6598,0.764369,0.764275,0.53475
2212,1.675,1000080160,1.54426,2.34769,2.15712,1.83648,1.54724,1.70064,1.67003,1.25119,1.57346,0.919525,0.91952,0.644134,1.66975,0.763085,0.762998,0.533929
2212,1.725,1000080160,1.67002,2.38396,2.16051,1.86819,1.53813,1.67945,1.65146,1.23204,1.56973,0.92972,0.929714,0.651298,1.6724,0.777382,0.777325,0.544099
2212,1.775,1000080160,1.63897,2.45203,2.21275,1.93141,1.45733,1.68278,1.65761,1.23062,1.59846,0.89374,0.893735,0.626159,1.66413,0.813122,0.813098,0.569298
2212,1.825,1000080160,1.63437,2.45018,2.20794,1.92879,1.46761,1.70029,1.67237,1.24669,1.56551,0.917136,0.917131,0.642451,1.67321,0.769537,0.769466,0.538531
2212,1.875,1000080160,1.57636,2.34516,2.14934,1.83409,1.49927,1.723,1.69021,1.26814,1.6053,0.927295,0.927289,0.649602,1.68942,0.806776,0.806756,0.564966
2212,1.925,1000080160,1.61413,2.32568,2.13625,1.81709,1.51216,1.7264,1.6946,1.27218,1.57394,0.901267,0.901263,0.631342,1.64311,0.775832,0.775753,0.542852
2212,1.975,1000080160,1.57358,2.36001,2.16101,1.84766,1.41036,1.71919,1.69105,1.26036,1.59854,0.924416,0.92441,0.647589,1.6696,0.782635,0.782583,0.547838
2212,2.025,1000080160,1.57458,2.46196,2.22289,1.94002,1.52897,1.71861,1.68672,1.26612,1.56505,0.90418,0.904175,0.633335,1.65144,0.801554,0.801517,0.56114
2212,0.075,1000180400,0.444558,2.35308,2.35308,1.64847,1.07468,1.94922,1.94922,1.36495,-0.703956,0.984755,0.984754,0.689764,-0.582032,1.06217,1.06217,0.742385
2212,0.125,1000180400,0.395389,2.35687,2.35687,1.65441,1.04684,2.04928,2.04928,1.43552,-0.704558,1.08501,1.08501,0.758698,-0.4149,1.17734,1.17734,0.824042
2212,0.175,1000180400,0.42884,2.31478,2.31478,1.62161,1.02641,2.06762,2.06762,1.44834,-0.698909,1.14018,1.14018,0.797625,-0.395772,1.22976,1.22976,0.860995
2212,0.225,1000180400,0.39143,2.39857,2.39857,1.68017,1.00532,2.0471,2.0471,1.43425,-0.698104,1.17775,1.17775,0.824166,-0.367789,1.24576,1.24576,0.871925
2212,0.275,1000180400,0.452931,2.32894,2.32894,1.63315,0.978749,2.10991,2.10991,1.47825,-0.675322,1.20848,1.20848,0.84577,-0.37283,1.26793,1.26793,0.887453
2212,0.325,1000180400,0.455797,2.35318,2.35318,1.65051,1.01082,2.12753,2.12753,1.4906,-0.712649,1.24827,1.24827,0.873958,-0.406694,1.28268,1.28268,0.8983
2212,0.375,1000180400,0.426471,2.35047,2.35047,1.64685,0.96903,2.14941,2.14941,1.50239,-0.703299,1.25782,1.25782,0.880694,-0.432592,1.30101,1.30101,0.910914
2212,0.425,1000180400,0.443021,2.37311,2.37311,1.65929,0.935594,2.15195,2.15195,1.50442,-0.726721,1.28539,1.28539,0.900105,-0.514703,1.27756,1.27756,0.894148
2212,0.475,1000180400,0.380688,2.35355,2.35355,1.64877,0.912147,2.17912,2.17912,1.52674,-0.74364,1.30472,1.30472,0.913827,-0.538004,1.31349,1.31349,0.919759
2212,0.525,1000180400,0.43813,2.29518,2.29518,1.60775,0.926424,2.17861,2.17861,1.523,-0.768814,1.32461,1.32461,0.927679,-0.601028,1.28792,1.28792,0.90191
2212,0.575,1000180400,0.361673,2.35393,2.35393,1.65161,0.925806,2.20504,2.20504,1.54466,-0.804323,1.32858,1.32858,0.930671,-0.652788,1.31027,1.31027,0.917569
2212,0.625,1000180400,0.455093,2.33945,2.33945,1.64355,0.83976,2.23488,2.23488,1.56558,-0.825249,1.33112,1.33112,0.932429,-0.719027,1.30013,1.30013,0.910612
2212,0.675,1000180400,0.347011,2.4185,2.4185,1.69431,0.878345,2.30623,2.30623,1.6158,-0.845669,1.35764,1.35764,0.951107,-0.763139,1.28659,1.28659,0.899524
2212,0.725,1000180400,0.453403,2.36567,2.36567,1.65724,0.881188,2.36357,2.36356,1.65596,-0.845224,1.36681,1.36681,0.957483,-0.803234,1.27672,1.27672,0.895491
2212,0.775,1000180400,0.391611,2.37171,2.37171,1.66436,0.778168,2.36355,2.36355,1.65595,-0.886995,1.35891,1.35891,0.950974,-0.853381,1.2536,1.2536,0.880407
2212,0.825,1000180400,0.389521,2.33003,2.33003,1.63231,0.816237,2.29018,2.29018,1.6043,-0.889148,1.36768,1.36768,0.958147,-0.861907,1.27288,1.27288,0.890232
2212,0.875,1000180400,0.37055,2.35307,2.35307,1.64841,0.718727,2.38663,2.38663,1.67213,-0.893144,1.39688,1.39688,0.978559,-0.893309,1.2895,1.2895,0.902449
2212,0.925,1000180400,0.513163,2.3799,2.3799,1.66786,0.794389,2.38525,2.38525,1.66868,-0.916252,1.37036,1.37036,0.960017,-0.923975,1.26082,1.26082,0.883284
2212,0.975,1000180400,0.359578,2.30859,2.30859,1.6168,0.752536,2.43563,2.43563,1.70343,-0.935547,1.38639,1.38639,0.971274,-0.924119,1.26828,1.26828,0.887229
2212,1.025,1000180400,0.348335,2.31263,2.31263,1.61985,0.680617,2.42952,2.42952,1.70183,-0.942171,1.39505,1.39505,0.976362,-0.943712,1.26685,1.26685,0.885929
2212,1.075,1000180400,0.394625,2.38002,2.38002,1.66722,0.669699,2.4133,2.4133,1.68705,-0.918464,1.39779,1.39779,0.979227,-0.944134,1.29407,1.29407,0.907928
2212,1.125,1000180400,0.449876,2.34972,2.34972,1.64773,0.702719,2.39225,2.39225,1.67209,-0.950195,1.38576,1.38576,0.970829,-0.953229,1.27422,1.27422,0.892671
2212,1.175,1000180400,0.40806,2.35267,2.35267,1.64931,0.708205,2.42596,2.42596,1.69544,-0.937709,1.40897,1.40897,0.987048,-0.986192,1.2787,1.2787,0.895796
2212,1.225,1000180400,0.433753,2.29572,2.29572,1.61015,0.757497,2.33522,2.33522,1.63409,-0.952136,1.38982,1.38982,0.971546,-0.951799,1.28487,1.28487,0.900787
2212,1.275,1000180400,0.406867,2.32106,2.32106,1.6258,0.66095,2.41572,2.41572,1.68889,-0.921119,1.42556,1.42556,0.998665,-0.95227,1.30918,1.30918,0.917176
2212,1.325,1000180400,0.452023,2.36144,2.36144,1.6543,0.604299,2.39795,2.39795,1.67824,-0.96169,1.42483,1.42483,0.996991,-0.980274,1.28026,1.28026,0.896868
2212,1.375,1000180400,0.438868,2.35673,2.35673,1.65369,0.619023,2.41219,2.41219,1.68884,-0.971939,1.41433,1.41433,0.989209,-1.00644,1.26597,1.26597,0.886799
2212,1.425,1000180400,0.404664,2.38922,2.38922,1.67749,0.71369,2.43938,2.43938,1.70703,-0.944012,1.41658,1.41658,0.992221,-1.01008,1.30372,1.30372,0.913348
2212,1.475,1000180400,0.46625,2.35835,2.35835,1.65198,0.723337,2.37997,2.37997,1.66397,-0.92652,1.42682,1.42682,0.999328,-1.00182,1.26985,1.26985,0.889591
2212,1.525,1000180400,0.443241,2.34916,2.34916,1.64571,0.687409,2.39366,2.39366,1.67706,-0.934551,1.42652,1.42652,0.999039,-0.976723,1.2797,1.2797,0.896255
2212,1.575,1000180400,0.391551,2.33397,2.33397,1.63478,0.678463,2.33958,2.33958,1.63885,-0.914562,1.42174,1.42174,0.995849,-0.954122,1.31935,1.31935,0.925486
2212,1.625,1000180400,0.398255,2.40871,2.40871,1.6916,0.678423,2.39743,2.39743,1.6797,-0.927231,1.41335,1.41335,0.990081,-1.00338,1.29235,1.29235,0.905376
2212,1.675,1000180400,0.395816,2.35817,2.35817,1.65556,0.623621,2.37796,2.37796,1.66467,-0.91357,1.43206,1.43206,1.0029,-0.969359,1.28043,1.28043,0.898631
2212,1.725,1000180400,0.435133,2.35306,2.35306,1.64602,0.655794,2.42172,2.42172,1.69671,-0.913824,1.40218,1.40218,0.982037,-0.97741,1.31431,1.31431,0.919846
2212,1.775,1000180400,0.318838,2.42933,2.42933,1.70319,0.648475,2.3756,2.3756,1.66403,-0.881341,1.43557,1.43557,1.0057,-0.99329,1.29301,1.29301,0.906111
2212,1.825,1000180400,0.389866,2.36234,2.36234,1.65574,0.718961,2.3641,2.3641,1.6561,-0.902646,1.43055,1.43055,1.00198,-0.996084,1.28915,1.28915,0.903033
2212,1.875,1000180400,0.424614,2.39006,2.39006,1.67435,0.585773,2.40206,2.40206,1.67939,-0.882563,1.42775,1.42775,0.999828,-0.991359,1.30728,1.30728,0.916184
2212,1.925,1000180400,0.44263,2.34538,2.34538,1.643,0.677542,2.42826,2.42826,1.69838,-0.902993,1.40773,1.40773,0.986082,-0.950098,1.29674,1.29674,0.90805
2212,1.975,1000180400,0.426786,2.31754,2.31754,1.62344,0.704231,2.41068,2.41068,1.68863,-0.870746,1.44647,1.44647,1.01292,-0.976536,1.29048,1.29048,0.904214
2212,2.025,1000180400,0.435717,2.42582,2.42582,1.70379,0.62286,2.38157,2.38157,1.66826,-0.878329,1.42497,1.42497,0.997684,-0.899559,1.27954,1.27954,0.896411
2212,0.075,1000260560,0.735774,2.44032,2.44031,1.70939,1.1377,2.06745,2.06745,1.44752,0.0387167,1.03004,1.03004,0.720767,0.163484,1.17681,1.17681,0.824391
2212,0.125,1000260560,0.704665,2.47128,2.47128,1.72878,1.13124,2.10789,2.10789,1.4766,0.0523253,1.09258,1.09258,0.765299,0.349406,1.25427,1.25427,0.878631
2212,0.175,1000260560,0.719804,2.46527,2.46527,1.72706,1.12459,2.18448,2.18448,1.53022,0.0643735,1.13891,1.13891,0.797872,0.359127,1.31693,1.31693,0.922596
2212,0.225,1000260560,0.661821,2.45101,2.45101,1.71705,1.11294,2.22465,2.22465,1.55832,0.0530516,1.1669,1.1669,0.817436,0.392482,1.33663,1.33663,0.936246
2212,0.275,1000260560,0.765354,2.50074,2.50074,1.75232,1.08754,2.24914,2.24914,1.5758,0.0310139,1.19313,1.19313,0.835729,0.383677,1.34261,1.34261,0.940046
2212,0.325,1000260560,0.719015,2.46054,2.46054,1.72692,1.07991,2.30462,2.30462,1.61427,0.0280234,1.21595,1.21595,0.851818,0.363929,1.36381,1.36381,0.955139
2212,0.375,1000260560,0.707276,2.49953,2.49953,1.75096,1.04771,2.31505,2.31505,1.62173,-0.0245281,1.24346,1.24346,0.871111,0.323222,1.38308,1.38308,0.968771
2212,0.425,1000260560,0.672565,2.44627,2.44627,1.71355,1.03191,2.33266,2.33266,1.63068,-0.0390834,1.28657,1.28657,0.901309,0.294872,1.41858,1.41858,0.993733
2212,0.475,1000260560,0.671124,2.47506,2.47506,1.73376,1.03266,2.36645,2.36645,1.65774,-0.0766778,1.29039,1.29039,0.903809,0.224584,1.42789,1.42789,1.00203
2212,0.525,1000260560,0.809826,2.41951,2.41951,1.69474,1.06457,2.35983,2.35983,1.65305,-0.107621,1.31232,1.31232,0.919312,0.177436,1.44569,1.44569,1.01407
2212,0.575,1000260560,0.678925,2.47568,2.47568,1.73514,0.964286,2.39483,2.39483,1.67787,-0.143433,1.33866,1.33866,0.93757,0.123547,1.4229,1.4229,0.996296
2212,0.625,1000260560,0.649425,2.42617,2.42617,1.6996,0.993832,2.45301,2.45301,1.71863,-0.171474,1.369,1.369,0.958859,0.0611018,1.45334,1.45334,1.01812
2212,0.675,1000260560,0.718552,2.48654,2.48654,1.74188,0.966309,2.48812,2.48812,1.74092,-0.205433,1.38513,1.38513,0.970309,-0.0136147,1.43431,1.43431,1.00394
2212,0.725,1000260560,0.769937,2.49542,2.49542,1.74927,0.978503,2.54062,2.54062,1.78002,-0.22814,1.38568,1.38568,0.970421,-0.0128559,1.44972,1.44972,1.01382
2212,0.775,1000260560,0.738284,2.49076,2.49076,1.74459,0.856834,2.54677,2.54677,1.78405,-0.244663,1.38661,1.38661,0.971149,-0.0619522,1.44163,1.44163,1.00716
2212,0.825,1000260560,0.710733,2.44692,2.44692,1.71422,0.898271,2.63217,2.63217,1.84385,-0.275991,1.41831,1.41831,0.99323,-0.14392,1.44739,1.44739,1.01209
2212,0.875,1000260560,0.652744,2.51132,2.51132,1.75764,0.759977,2.65115,2.65115,1.85333,-0.313596,1.43947,1.43947,1.00812,-0.16097,1.44652,1.44652,1.012
2212,0.925,1000260560,0.778984,2.46201,2.46201,1.72193,0.923546,2.62488,2.62488,1.83508,-0.328547,1.45909,1.45909,1.02162,-0.147371,1.459,1.459,1.01955
2212,0.975,1000260560,0.704618,2.46864,2.46864,1.73345,0.887541,2.60838,2.60838,1.82409,-0.3474,1.45976,1.45976,1.02223,-0.193564,1.46315,1.46315,1.02483
2212,1.025,1000260560,0.764268,2.46626,2.46626,1.72775,0.893721,2.65691,2.65691,1.85843,-0.38138,1.45539,1.45539,1.01898,-0.21592,1.46873,1.46873,1.02849
2212,1.075,1000260560,0.804172,2.44625,2.44625,1.71141,0.779978,2.61446,2.61446,1.82848,-0.374551,1.47646,1.47646,1.03382,-0.233889,1.45235,1.45235,1.01741
2212,1.125,1000260560,0.630504,2.46764,2.46764,1.72416,0.82595,2.74646,2.74646,1.92394,-0.404554,1.48155,1.48155,1.03736,-0.275298,1.4336,1.4336,1.00416
2212,1.175,1000260560,0.789593,2.53786,2.53786,1.7775,0.759794,2.75844,2.75844,1.93217,-0.42635,1.50115,1.50115,1.05098,-0.284394,1.45261,1.45261,1.01761
2212,1.225,1000260560,0.641756,2.51076,2.51076,1.75898,0.706004,2.7105,2.7105,1.89856,-0.413288,1.5049,1.5049,1.05378,-0.304372,1.44514,1.44514,1.01233
2212,1.275,1000260560,0.780922,2.43312,2.43312,1.70459,0.762324,2.69614,2.69614,1.88897,-0.443706,1.49659,1.49659,1.0476,-0.320553,1.47966,1.47966,1.0367
2212,1.325,1000260560,0.662987,2.51457,2.51457,1.76157,0.772428,2.70937,2.70937,1.89378,-0.418099,1.51452,1.51452,1.06051,-0.350329,1.47168,1.47168,1.0308
2212,1.375,1000260560,0.731944,2.51057,2.51057,1.75843,0.836612,2.71576,2.71576,1.90239,-0.451463,1.52299,1.52299,1.06613,-0.373805,1.47565,1.47565,1.03378
2212,1.425,1000260560,0.752855,2.41316,2.41316,1.69034,0.676063,2.79232,2.79232,1.95302,-0.469907,1.5353,1.5353,1.07484,-0.387743,1.45591,1.45591,1.01967
2212,1.475,1000260560,0.762765,2.51359,2.51359,1.76222,0.768933,2.59986,2.59986,1.82061,-0.450788,1.55394,1.55394,1.08809,-0.36075,1.46644,1.46644,1.02709
2212,1.525,1000260560,0.6777,2.45957,2.45957,1.72423,0.797639,2.70571,2.70571,1.89534,-0.483428,1.53254,1.53254,1.07247,-0.366523,1.46866,1.46866,1.02886
2212,1.575,1000260560,0.661645,2.49619,2.49619,1.74863,0.710217,2.70636,2.70636,1.8958,-0.465602,1.5735,1.5735,1.10121,-0.391418,1.46212,1.46212,1.02429
2212,1.625,1000260560,0.688079,2.53008,2.53008,1.77247,0.707005,2.70489,2.70489,1.89459,-0.423234,1.55791,1.55791,1.09078,-0.363469,1.47659,1.47659,1.03419
2212,1.675,1000260560,0.574696,2.42207,2.42207,1.69492,0.705775,2.73728,2.73728,1.91387,-0.444465,1.53868,1.53868,1.0772,-0.443417,1.4712,1.4712,1.03019
2212,1.725,1000260560,0.707673,2.44172,2.44172,1.71044,0.633139,2.69755,2.69755,1.88956,-0.461203,1.55649,1.55649,1.08956,-0.411179,1.48242,1.48242,1.03839
2212,1.775,1000260560,0.762193,2.45108,2.45108,1.71705,0.730448,2.70137,2.70137,1.89221,-0.452994,1.54623,1.54623,1.08234,-0.401924,1.48881,1.48881,1.04284
2212,1.825,1000260560,0.719344,2.50351,2.50351,1.75371,0.640132,2.72434,2.72434,1.90829,-0.438133,1.54669,1.54669,1.0821,-0.437287,1.53218,1.53218,1.07316
2212,1.875,1000260560,0.710766,2.48108,2.48108,1.73804,0.715861,2.72666,2.72666,1.90776,-0.490535,1.59605,1.59605,1.11759,-0.455758,1.49902,1.49902,1.05011
2212,1.925,1000260560,0.687576,2.48737,2.48737,1.74299,0.716049,2.64916,2.64916,1.8537,-0.428803,1.57981,1.57981,1.10574,-0.461811,1.46297,1.46297,1.02262
2212,1.975,1000260560,0.734506,2.49489,2.49489,1.75085,0.846397,2.56309,2.56309,1.79576,-0.418348,1.57463,1.57463,1.10193,-0.433264,1.51652,1.51652,1.06237
2212,2.025,1000260560,0.655193,2.49509,2.49509,1.7472,0.747944,2.55838,2.55838,1.79211,-0.378029,1.55818,1.55818,1.09071,-0.386698,1.48744,1.48744,1.04179
