probe,ke,target,consthA,constErrhA,slopehA,slopeErrhA,consthN,constErrhN,slopehN,slopeErrhN,constINCL,constErrINCL,slopeINCL,slopeErrINCL,constGeant4,constErrGeant4,slopeGeant4,slopeErrGeant4
2112,0.075,1000060120,0.284673,0.463296,0.255553,0.438348,0.578873,0.861878,0.569925,0.63145,3.89714,9.3641,2.84154,3.89064,2.68326,5.2241,2.20794,2.68126
2112,0.125,1000060120,0.240666,0.404133,0.202487,0.419658,0.49485,0.740783,0.484721,0.565994,2.00893,3.48263,1.76909,2.00778,1.50976,2.41633,1.39688,1.51199
2112,0.175,1000060120,0.215764,0.371232,0.170677,0.411258,0.490597,0.740148,0.480628,0.564292,1.49157,2.38259,1.38079,1.49248,1.16297,1.77834,1.10719,1.16683
2112,0.225,1000060120,0.215619,0.371732,0.172194,0.412923,0.473684,0.717435,0.464418,0.553565,1.20893,1.86025,1.14527,1.21075,0.981335,1.47198,0.947209,0.990093
2112,0.275,1000060120,0.211168,0.365178,0.167913,0.413406,0.462534,0.702092,0.452681,0.545477,1.08618,1.64773,1.03896,1.09036,0.904869,1.3502,0.876257,0.915665
2112,0.325,1000060120,0.210584,0.364228,0.166642,0.41283,0.455916,0.696317,0.445745,0.541193,0.969932,1.45514,0.934991,0.977338,0.812647,1.20391,0.793519,0.831831
2112,0.375,1000060120,0.220012,0.378536,0.180854,0.417112,0.449846,0.68469,0.440925,0.538058,0.925396,1.38116,0.89701,0.936985,0.808432,1.19943,0.787366,0.82602
2112,0.425,1000060120,0.207572,0.36082,0.163564,0.412749,0.461682,0.700771,0.451519,0.54454,0.873343,1.30036,0.847368,0.886031,0.726602,1.075,0.712342,0.75455
2112,0.475,1000060120,0.215823,0.37342,0.175972,0.416523,0.438408,0.669801,0.428387,0.53002,0.829691,1.23207,0.807282,0.84568,0.642365,0.952632,0.630356,0.681292
2112,0.525,1000060120,0.216375,0.374232,0.176851,0.416866,0.444811,0.67811,0.434404,0.533513,0.759619,1.12466,0.742179,0.782306,0.589888,0.876243,0.580094,0.638967
2112,0.575,1000060120,0.217947,0.376519,0.179303,0.417792,0.426454,0.654206,0.4166,0.523079,0.696904,1.03164,0.682255,0.726758,0.558334,0.835181,0.551212,0.617969
2112,0.625,1000060120,0.226122,0.38764,0.191763,0.422044,0.409738,0.624862,0.399736,0.511203,0.672004,0.994155,0.659465,0.706255,0.506235,0.761474,0.497704,0.576764
2112,0.675,1000060120,0.224037,0.384467,0.187888,0.420179,0.381444,0.59389,0.369192,0.495304,0.628881,0.932775,0.616718,0.669324,0.474696,0.71746,0.467382,0.555612
2112,0.725,1000060120,0.246097,0.415169,0.216687,0.429818,0.391861,0.608361,0.381146,0.502585,0.611819,0.908454,0.600019,0.655326,0.436628,0.667832,0.427294,0.52977
2112,0.775,1000060120,0.223092,0.383407,0.187011,0.420252,0.369636,0.578706,0.357097,0.489198,0.595036,0.883117,0.585108,0.642875,0.43214,0.662311,0.425529,0.529862
2112,0.825,1000060120,0.233771,0.398917,0.200981,0.425106,0.352537,0.556104,0.338873,0.479877,0.575288,0.856824,0.564227,0.626275,0.410413,0.633747,0.401979,0.515427
2112,0.875,1000060120,0.242301,0.410608,0.212147,0.428823,0.370847,0.580724,0.359212,0.490827,0.563736,0.840367,0.553049,0.617426,0.404843,0.625924,0.397629,0.513196
2112,0.925,1000060120,0.238829,0.40655,0.209533,0.429201,0.364657,0.571923,0.351332,0.485919,0.543265,0.81196,0.532356,0.601411,0.39238,0.610119,0.385787,0.507191
2112,0.975,1000060120,0.231266,0.395125,0.200599,0.425969,0.356053,0.560983,0.343223,0.482399,0.542835,0.811109,0.532175,0.601243,0.407359,0.631524,0.402377,0.517799
2112,1.025,1000060120,0.240669,0.408396,0.20944,0.427677,0.35807,0.563438,0.344617,0.482707,0.517483,0.775374,0.507877,0.583146,0.392727,0.609548,0.386511,0.507236
2112,1.075,1000060120,0.253142,0.424722,0.226658,0.433712,0.341269,0.541905,0.327867,0.475282,0.522765,0.782963,0.512575,0.586549,0.365582,0.576622,0.359758,0.494859
2112,1.125,1000060120,0.237379,0.403714,0.20556,0.426434,0.3508,0.554393,0.338164,0.480266,0.506885,0.76136,0.496301,0.574704,0.374046,0.587997,0.36899,0.499939
2112,1.175,1000060120,0.258767,0.431495,0.230963,0.433589,0.356455,0.562662,0.345623,0.484944,0.503857,0.757343,0.493485,0.572814,0.351372,0.557991,0.344652,0.487237
2112,1.225,1000060120,0.240774,0.40928,0.211841,0.429927,0.345567,0.547946,0.333365,0.478466,0.502608,0.755707,0.491773,0.571485,0.376637,0.592113,0.373327,0.503221
2112,1.275,1000060120,0.255294,0.427681,0.229275,0.434636,0.361285,0.569059,0.350887,0.487675,0.509942,0.765823,0.499162,0.576809,0.389924,0.608524,0.385915,0.50906
2112,1.325,1000060120,0.260494,0.43448,0.233912,0.435401,0.368352,0.578583,0.358838,0.492056,0.500107,0.747682,0.489131,0.568545,0.365042,0.57598,0.358848,0.49429
2112,1.375,1000060120,0.264422,0.44084,0.241551,0.440029,0.365438,0.574168,0.354606,0.489138,0.510398,0.766368,0.499493,0.576976,0.387421,0.605954,0.383175,0.507846
2112,1.425,1000060120,0.26313,0.438714,0.238926,0.438387,0.371861,0.583545,0.363447,0.494985,0.488608,0.736422,0.477683,0.561516,0.387903,0.606674,0.383964,0.508431
2112,1.475,1000060120,0.272839,0.452553,0.251627,0.443994,0.35474,0.559989,0.343299,0.483379,0.492926,0.742448,0.481977,0.564547,0.373384,0.587085,0.368254,0.499511
2112,1.525,1000060120,0.269843,0.447167,0.246315,0.440444,0.371048,0.582009,0.361655,0.493457,0.507632,0.762354,0.497158,0.575341,0.391979,0.610091,0.385965,0.507752
2112,1.575,1000060120,0.264873,0.441054,0.241173,0.439256,0.366544,0.576071,0.356668,0.490766,0.476928,0.720618,0.465653,0.553221,0.379977,0.59677,0.37667,0.505087
2112,1.625,1000060120,0.284723,0.466908,0.263652,0.446872,0.350236,0.553614,0.337472,0.479873,0.489469,0.73796,0.479034,0.562761,0.389935,0.609255,0.387348,0.510741
2112,1.675,1000060120,0.263364,0.438624,0.236339,0.435999,0.364666,0.572865,0.353209,0.488055,0.494851,0.74038,0.484159,0.565302,0.397484,0.621324,0.397858,0.518676
2112,1.725,1000060120,0.264898,0.440488,0.239739,0.437746,0.365397,0.57347,0.353272,0.487637,0.508529,0.763704,0.498577,0.576569,0.372332,0.58375,0.363126,0.494299
2112,1.775,1000060120,0.270241,0.447566,0.24651,0.440316,0.390931,0.608365,0.382549,0.504826,0.492417,0.742075,0.481491,0.564353,0.374354,0.589701,0.371725,0.502969
2112,1.825,1000060120,0.271121,0.44941,0.247197,0.440827,0.399007,0.618823,0.390463,0.508988,0.51335,0.769871,0.503013,0.579463,0.363732,0.575042,0.35951,0.49583
2112,1.875,1000060120,0.28042,0.460646,0.258562,0.444553,0.391245,0.607807,0.381006,0.502815,0.510841,0.766986,0.499935,0.5773,0.41159,0.640771,0.413394,0.528425
2112,1.925,1000060120,0.245335,0.414012,0.215089,0.428934,0.38813,0.60438,0.379156,0.502637,0.505956,0.760317,0.495636,0.574408,0.407742,0.634806,0.407839,0.524158
2112,1.975,1000060120,0.283681,0.465988,0.263512,0.44754,0.381012,0.594984,0.371837,0.498691,0.484129,0.729931,0.473883,0.558947,0.385474,0.604812,0.38557,0.511552
2112,2.025,1000060120,0.273761,0.453267,0.251495,0.443111,0.386927,0.603429,0.379128,0.503385,0.509384,0.76453,0.498896,0.57649,0.424567,0.656671,0.42386,0.533031
2112,0.075,1000080160,0.252379,0.391577,0.240762,0.331556,0.585467,0.850464,0.57749,0.59492,4.66416,12.6374,3.16965,4.64064,2.36714,4.3622,2.01086,2.3655
2112,0.125,1000080160,0.214765,0.34213,0.198486,0.311226,0.503917,0.732529,0.498329,0.520779,2.35185,4.29725,2.001,2.34216,1.44854,2.30069,1.34466,1.44765
2112,0.175,1000080160,0.190435,0.310395,0.169601,0.299585,0.461837,0.672962,0.457416,0.484747,1.66782,2.73485,1.51936,1.66823,1.11355,1.69089,1.06383,1.11416
2112,0.225,1000080160,0.186504,0.305187,0.164887,0.297851,0.453093,0.661299,0.448326,0.477063,1.39379,2.19332,1.30319,1.39587,1.00389,1.50465,0.967538,1.00536
2112,0.275,1000080160,0.182325,0.300023,0.159855,0.296296,0.442944,0.646953,0.438343,0.468571,1.22153,1.88089,1.15608,1.22105,0.864654,1.27719,0.841738,0.867238
2112,0.325,1000080160,0.177897,0.293327,0.155408,0.294638,0.421021,0.616996,0.416316,0.450481,1.1192,1.70153,1.06776,1.11884,0.814469,1.19903,0.793609,0.815779
2112,0.375,1000080160,0.182039,0.299702,0.159848,0.29647,0.425487,0.623185,0.420908,0.454271,1.00683,1.5095,0.970223,1.00836,0.736947,1.07902,0.720372,0.738731
2112,0.425,1000080160,0.187747,0.307377,0.167835,0.299849,0.408107,0.599291,0.403531,0.440269,0.937596,1.39566,0.9075,0.938952,0.699129,1.02053,0.685453,0.702611
2112,0.475,1000080160,0.182909,0.301113,0.161902,0.297765,0.396956,0.584203,0.392491,0.431689,0.899679,1.33519,0.871709,0.899954,0.614153,0.892765,0.60479,0.621485
2112,0.525,1000080160,0.189322,0.308639,0.169759,0.300559,0.38366,0.566114,0.379083,0.42137,0.821909,1.21085,0.800389,0.823017,0.5694,0.827135,0.561588,0.579602
2112,0.575,1000080160,0.184968,0.304183,0.165374,0.299618,0.369262,0.546826,0.364852,0.410891,0.781117,1.14674,0.76261,0.782908,0.533295,0.775264,0.526124,0.546251
2112,0.625,1000080160,0.186659,0.30615,0.166973,0.299847,0.356362,0.529605,0.351267,0.400923,0.719811,1.05152,0.705696,0.723394,0.474317,0.690647,0.46931,0.49501
2112,0.675,1000080160,0.191153,0.312325,0.1725,0.302087,0.330541,0.494977,0.325433,0.383098,0.678886,0.989692,0.666442,0.683186,0.442188,0.645857,0.437472,0.467788
2112,0.725,1000080160,0.190176,0.309553,0.170897,0.30124,0.323099,0.485088,0.317334,0.377562,0.658532,0.959178,0.646902,0.663429,0.41494,0.60752,0.411109,0.446088
2112,0.775,1000080160,0.195576,0.318135,0.178087,0.304333,0.309521,0.466491,0.303802,0.368709,0.642754,0.935373,0.632068,0.648536,0.401493,0.588633,0.398119,0.435705
2112,0.825,1000080160,0.207838,0.334336,0.192417,0.310118,0.299902,0.45456,0.293683,0.362683,0.6115,0.889019,0.602184,0.618974,0.390882,0.575285,0.386265,0.426574
2112,0.875,1000080160,0.207948,0.334678,0.193027,0.310676,0.295587,0.448043,0.289646,0.359997,0.593493,0.862329,0.584893,0.602039,0.366349,0.542259,0.361219,0.407752
2112,0.925,1000080160,0.197432,0.320563,0.181708,0.306314,0.293933,0.445739,0.287481,0.35848,0.579937,0.842404,0.571889,0.589464,0.368133,0.544938,0.363679,0.409867
2112,0.975,1000080160,0.204122,0.328894,0.188842,0.308616,0.295627,0.449379,0.28992,0.360824,0.566969,0.823903,0.558862,0.577023,0.354576,0.526876,0.349677,0.399714
2112,1.025,1000080160,0.206712,0.332751,0.190798,0.309263,0.282044,0.431153,0.274475,0.351079,0.554851,0.805838,0.547692,0.566394,0.353287,0.525208,0.348022,0.398456
2112,1.075,1000080160,0.211613,0.339117,0.196636,0.311743,0.295593,0.449198,0.289959,0.360812,0.547542,0.795387,0.540448,0.559581,0.343248,0.511682,0.339354,0.392814
2112,1.125,1000080160,0.209218,0.335931,0.193578,0.31031,0.287268,0.438299,0.280821,0.355218,0.540862,0.785433,0.534333,0.553835,0.339161,0.506183,0.333921,0.388639
2112,1.175,1000080160,0.202997,0.3279,0.188612,0.309235,0.291826,0.444388,0.285932,0.358418,0.528281,0.767677,0.521869,0.542329,0.340482,0.508038,0.33662,0.390968
2112,1.225,1000080160,0.204258,0.329088,0.189103,0.308774,0.279756,0.428275,0.272292,0.349959,0.529816,0.769863,0.523392,0.543738,0.346323,0.51634,0.342284,0.395024
2112,1.275,1000080160,0.212533,0.340308,0.198403,0.312768,0.275806,0.42298,0.267831,0.347261,0.514046,0.746413,0.508866,0.530296,0.342672,0.510447,0.338142,0.39158
2112,1.325,1000080160,0.21434,0.342852,0.201321,0.314455,0.283609,0.432201,0.276709,0.352115,0.52542,0.76352,0.518969,0.539608,0.338724,0.50569,0.334228,0.389129
2112,1.375,1000080160,0.205936,0.332224,0.19104,0.310097,0.29418,0.447072,0.289725,0.360976,0.525096,0.762882,0.519061,0.539731,0.348227,0.518908,0.343984,0.39615
2112,1.425,1000080160,0.214282,0.342523,0.200558,0.313711,0.288683,0.440121,0.283673,0.357366,0.514967,0.747827,0.50965,0.531018,0.345705,0.516094,0.342681,0.395871
2112,1.475,1000080160,0.213057,0.340715,0.198362,0.312343,0.286222,0.43688,0.279852,0.354671,0.515116,0.748064,0.50977,0.53113,0.352707,0.52553,0.349252,0.400357
2112,1.525,1000080160,0.214629,0.342819,0.200605,0.313507,0.293357,0.445907,0.286467,0.358148,0.519116,0.754412,0.512927,0.534057,0.342935,0.511215,0.339024,0.392561
2112,1.575,1000080160,0.213794,0.341661,0.199299,0.31277,0.303147,0.459599,0.298137,0.366145,0.529686,0.770599,0.521993,0.542461,0.330612,0.495392,0.326108,0.383884
2112,1.625,1000080160,0.213821,0.342199,0.200687,0.314181,0.290474,0.442573,0.284659,0.357689,0.519442,0.754875,0.513252,0.534356,0.337881,0.504945,0.334021,0.389358
2112,1.675,1000080160,0.214005,0.342596,0.20136,0.314741,0.291156,0.443642,0.285539,0.358349,0.521279,0.756527,0.516188,0.536979,0.352375,0.523472,0.350092,0.400651
2112,1.725,1000080160,0.22396,0.355504,0.211374,0.318609,0.300371,0.455556,0.294685,0.363645,0.517167,0.751705,0.51093,0.532235,0.355572,0.529006,0.351099,0.401189
2112,1.775,1000080160,0.223125,0.354619,0.210871,0.318661,0.31087,0.468565,0.305577,0.370091,0.518793,0.753963,0.512599,0.53376,0.353918,0.526956,0.350356,0.401022
2112,1.825,1000080160,0.215809,0.344858,0.203566,0.3157,0.32151,0.483452,0.316543,0.377522,0.506863,0.736367,0.50161,0.523712,0.339135,0.50689,0.336393,0.391454
2112,1.875,1000080160,0.206783,0.333601,0.192704,0.311208,0.320361,0.481609,0.315084,0.376338,0.530287,0.770492,0.52373,0.544004,0.370847,0.55006,0.368805,0.414976
2112,1.925,1000080160,0.222717,0.354302,0.210887,0.318972,0.311062,0.46969,0.306334,0.371142,0.536641,0.779493,0.530409,0.550277,0.379139,0.561493,0.377971,0.422174
2112,1.975,1000080160,0.216188,0.344935,0.20295,0.314789,0.316847,0.476969,0.312151,0.374663,0.539819,0.784024,0.533211,0.552796,0.345173,0.515615,0.34266,0.396118
2112,2.025,1000080160,0.218253,0.346885,0.203758,0.314131,0.305243,0.460811,0.299513,0.366041,0.53974,0.784186,0.533154,0.55285,0.371408,0.566236,0.369148,0.419249
2112,0.075,1000180400,0.239006,0.339354,0.239068,0.240902,0.448364,0.640828,0.445978,0.449492,2.50577,4.73172,2.09843,2.50379,2.35865,4.34017,2.00535,2.357
2112,0.125,1000180400,0.184227,0.263231,0.184104,0.189202,0.370463,0.528125,0.368518,0.370514,1.32236,2.06261,1.24198,1.32253,1.16952,1.78891,1.11149,1.16906
2112,0.175,1000180400,0.159424,0.229739,0.158835,0.16731,0.343828,0.489754,0.342085,0.343722,0.956712,1.42731,0.924017,0.956788,0.86334,1.27597,0.838635,0.863068
2112,0.225,1000180400,0.151954,0.219626,0.151358,0.161163,0.328976,0.468119,0.327749,0.32923,0.763265,1.11592,0.748001,0.765105,0.726315,1.06006,0.711256,0.726063
2112,0.275,1000180400,0.149704,0.216696,0.148979,0.15925,0.31077,0.441776,0.310001,0.311346,0.685071,0.996314,0.672538,0.685011,0.635569,0.922085,0.623765,0.633764
2112,0.325,1000180400,0.142794,0.207214,0.142235,0.153899,0.290632,0.413031,0.289918,0.291199,0.598316,0.863947,0.590543,0.598908,0.556765,0.80194,0.550162,0.556909
2112,0.375,1000180400,0.139905,0.203652,0.138979,0.151398,0.283098,0.400492,0.282162,0.282596,0.5446,0.783448,0.538877,0.54519,0.50298,0.721116,0.499306,0.504274
2112,0.425,1000180400,0.139224,0.202745,0.138286,0.150867,0.268571,0.38141,0.268247,0.269605,0.494505,0.709551,0.489769,0.494488,0.433675,0.620134,0.430507,0.433682
2112,0.475,1000180400,0.138386,0.201628,0.137435,0.150217,0.256202,0.363719,0.256136,0.257633,0.442286,0.632525,0.439205,0.442571,0.386059,0.550923,0.383593,0.385836
2112,0.525,1000180400,0.13713,0.199979,0.136131,0.149227,0.244805,0.348001,0.244238,0.245963,0.400442,0.571357,0.398367,0.400865,0.344166,0.490236,0.342418,0.344055
2112,0.575,1000180400,0.131126,0.191934,0.130078,0.144706,0.231492,0.329169,0.231071,0.233163,0.367405,0.523808,0.36534,0.367284,0.321885,0.458008,0.320608,0.322024
2112,0.625,1000180400,0.134182,0.196032,0.133159,0.146992,0.21724,0.309246,0.216791,0.219479,0.339377,0.483273,0.337771,0.339354,0.289305,0.411105,0.288636,0.289912
2112,0.675,1000180400,0.13513,0.197277,0.134141,0.147724,0.203683,0.289846,0.203922,0.20735,0.314977,0.448233,0.31357,0.314937,0.269839,0.383483,0.269134,0.270486
2112,0.725,1000180400,0.131566,0.192523,0.130524,0.145034,0.198931,0.283813,0.198456,0.202289,0.297614,0.423119,0.296691,0.297979,0.251106,0.356791,0.25066,0.252246
2112,0.775,1000180400,0.134192,0.196045,0.133169,0.146999,0.190073,0.271541,0.189637,0.194209,0.284869,0.404918,0.28403,0.285312,0.236929,0.336606,0.236764,0.238668
2112,0.825,1000180400,0.131842,0.192893,0.130803,0.145241,0.18533,0.264883,0.185052,0.190063,0.262233,0.372442,0.261896,0.263317,0.22322,0.317478,0.222921,0.225316
2112,0.875,1000180400,0.128774,0.188898,0.127589,0.142899,0.175326,0.251082,0.175142,0.181261,0.255825,0.363232,0.255691,0.257192,0.211949,0.301827,0.211546,0.214507
2112,0.925,1000180400,0.127284,0.186906,0.126083,0.14181,0.170516,0.244786,0.169994,0.176789,0.242281,0.344461,0.241687,0.243469,0.201739,0.287623,0.201355,0.204965
2112,0.975,1000180400,0.124585,0.183365,0.123283,0.139819,0.165987,0.238564,0.16552,0.172946,0.236733,0.336662,0.23613,0.238062,0.195961,0.279694,0.195488,0.199548
2112,1.025,1000180400,0.126962,0.186476,0.125754,0.141574,0.164527,0.236638,0.163986,0.171644,0.226575,0.322335,0.226068,0.228341,0.188349,0.26907,0.188021,0.192735
2112,1.075,1000180400,0.12757,0.187287,0.126373,0.142019,0.155958,0.224836,0.155612,0.164633,0.220932,0.313815,0.221259,0.223724,0.185203,0.264688,0.184941,0.189958
2112,1.125,1000180400,0.120071,0.177435,0.118603,0.136563,0.158724,0.228799,0.158131,0.166729,0.213956,0.304491,0.213727,0.216567,0.178941,0.256138,0.178615,0.184316
2112,1.175,1000180400,0.124707,0.183524,0.123411,0.139909,0.159193,0.229433,0.158603,0.167121,0.207963,0.296298,0.207544,0.210746,0.174151,0.249362,0.174095,0.180335
2112,1.225,1000180400,0.116695,0.173012,0.115082,0.134174,0.155785,0.2246,0.155439,0.164491,0.208027,0.296385,0.207609,0.210807,0.173199,0.248425,0.172695,0.179125
2112,1.275,1000180400,0.114693,0.170516,0.112952,0.132799,0.153695,0.221738,0.153383,0.162801,0.196334,0.280207,0.195869,0.199902,0.173922,0.249054,0.173861,0.180132
2112,1.325,1000180400,0.11617,0.172425,0.114439,0.133756,0.151421,0.218722,0.151032,0.160888,0.195477,0.279,0.195042,0.199142,0.166324,0.239019,0.165854,0.173226
2112,1.375,1000180400,0.112331,0.167279,0.110536,0.131171,0.153614,0.221662,0.153353,0.162805,0.191547,0.27376,0.190879,0.195343,0.169906,0.243932,0.169403,0.176273
2112,1.425,1000180400,0.113959,0.169533,0.112124,0.132224,0.152938,0.220695,0.152646,0.162199,0.190302,0.271854,0.189868,0.194416,0.160652,0.231293,0.160193,0.168438
2112,1.475,1000180400,0.111917,0.166781,0.11006,0.130868,0.153077,0.220887,0.152781,0.162309,0.183758,0.262537,0.183708,0.18885,0.161745,0.232781,0.161283,0.169353
2112,1.525,1000180400,0.108334,0.162206,0.106187,0.128409,0.158586,0.228612,0.157992,0.166613,0.186888,0.266869,0.186809,0.19164,0.159467,0.22968,0.159014,0.167453
2112,1.575,1000180400,0.106755,0.159997,0.104659,0.127436,0.156637,0.225759,0.156289,0.165192,0.181732,0.259486,0.182014,0.187328,0.153144,0.220974,0.152846,0.162358
2112,1.625,1000180400,0.10192,0.153911,0.099312,0.124211,0.14928,0.216127,0.148551,0.158907,0.18439,0.263482,0.184245,0.189333,0.15415,0.22236,0.153827,0.163162
2112,1.675,1000180400,0.104084,0.156733,0.101618,0.125597,0.154399,0.222706,0.154072,0.163366,0.180769,0.258451,0.180692,0.186157,0.151908,0.219558,0.151316,0.161127
2112,1.725,1000180400,0.0988502,0.149984,0.0960246,0.122315,0.157577,0.227248,0.156978,0.165772,0.183157,0.261635,0.1832,0.188393,0.152893,0.22063,0.152602,0.162161
2112,1.775,1000180400,0.100674,0.152316,0.0979536,0.123411,0.152882,0.220618,0.152592,0.162155,0.178759,0.255996,0.17831,0.184055,0.15204,0.219749,0.151435,0.161224
2112,1.825,1000180400,0.0940353,0.14365,0.0908092,0.119333,0.160377,0.230926,0.15992,0.168214,0.180869,0.258593,0.180787,0.186242,0.149989,0.217075,0.149266,0.159477
2112,1.875,1000180400,0.0918881,0.140898,0.0884289,0.118041,0.158527,0.228533,0.157933,0.166564,0.184968,0.264342,0.184739,0.189778,0.148407,0.214951,0.14767,0.158199
2112,1.925,1000180400,0.0924417,0.141644,0.0891388,0.118475,0.159772,0.2301,0.159317,0.167709,0.179727,0.257226,0.179393,0.185008,0.144056,0.209142,0.143244,0.154699
2112,1.975,1000180400,0.0931722,0.142602,0.0899931,0.118963,0.163664,0.235462,0.163127,0.170916,0.181528,0.259533,0.1814,0.186788,0.153186,0.221034,0.152887,0.162394
2112,2.025,1000180400,0.0883374,0.136411,0.0845284,0.116046,0.161974,0.233099,0.161513,0.16955,0.186395,0.266436,0.186001,0.190916,0.151484,0.21895,0.150931,0.160814
2112,0.075,1000260560,0.236829,0.33647,0.236652,0.238557,0.429362,0.614186,0.425805,0.428889,2.26859,4.10994,1.94646,2.26707,1.91043,3.25397,1.70167,1.91158
2112,0.125,1000260560,0.177839,0.254743,0.177371,0.18322,0.344999,0.491446,0.343239,0.34489,1.24809,1.9284,1.17868,1.24754,1.03628,1.55879,0.996297,1.03734
2112,0.175,1000260560,0.15097,0.218211,0.150463,0.160432,0.305178,0.434145,0.303924,0.305243,0.869547,1.28404,0.846688,0.871617,0.727655,1.06088,0.71412,0.728988
2112,0.225,1000260560,0.142765,0.207198,0.14218,0.153856,0.286592,0.407418,0.285879,0.28721,0.696707,1.01336,0.684629,0.697732,0.624069,0.903283,0.614582,0.624051
2112,0.275,1000260560,0.132605,0.193912,0.131572,0.145808,0.273399,0.388642,0.27255,0.273882,0.597611,0.862799,0.589969,0.598298,0.537069,0.772446,0.531294,0.53734
2112,0.325,1000260560,0.126991,0.186514,0.125784,0.141595,0.254939,0.362018,0.254847,0.256389,0.52459,0.753387,0.519911,0.525545,0.476654,0.683196,0.472448,0.476672
2112,0.375,1000260560,0.123533,0.182,0.122175,0.139041,0.24347,0.346163,0.242925,0.244701,0.473219,0.678287,0.468904,0.473037,0.419278,0.598537,0.4172,0.420069
2112,0.425,1000260560,0.120968,0.178549,0.119599,0.137242,0.228613,0.325281,0.228071,0.230294,0.430857,0.616082,0.427654,0.430765,0.368552,0.525466,0.366471,0.368432
2112,0.475,1000260560,0.115241,0.171252,0.113568,0.133228,0.218706,0.310318,0.218244,0.220839,0.3895,0.555837,0.387087,0.389387,0.338009,0.481298,0.336424,0.337991
2112,0.525,1000260560,0.113854,0.169478,0.112168,0.132337,0.20743,0.295565,0.207003,0.210241,0.355825,0.507116,0.353855,0.355638,0.30517,0.434128,0.303917,0.30523
2112,0.575,1000260560,0.11384,0.169448,0.112131,0.132302,0.194498,0.277471,0.194293,0.198453,0.330188,0.469853,0.328949,0.330435,0.276455,0.392993,0.275576,0.276887
2112,0.625,1000260560,0.111648,0.166611,0.110184,0.131159,0.18148,0.259136,0.181833,0.187185,0.306907,0.436482,0.305823,0.307143,0.250802,0.356359,0.25036,0.25195
2112,0.675,1000260560,0.111556,0.16646,0.10996,0.130959,0.169548,0.243511,0.169141,0.176101,0.286202,0.406531,0.285752,0.287027,0.229686,0.326627,0.229264,0.231414
2112,0.725,1000260560,0.108253,0.162297,0.106775,0.12909,0.1642,0.236214,0.163691,0.171411,0.267319,0.379965,0.266536,0.267909,0.216668,0.308431,0.216228,0.218938
2112,0.775,1000260560,0.107716,0.161838,0.10653,0.129151,0.14935,0.21626,0.148682,0.159045,0.251148,0.356864,0.25072,0.252314,0.202366,0.28819,0.202368,0.205897
2112,0.825,1000260560,0.101993,0.154057,0.100468,0.125292,0.149118,0.21595,0.148452,0.158862,0.244028,0.346908,0.243449,0.245185,0.192998,0.275533,0.192604,0.196902
2112,0.875,1000260560,0.102911,0.155772,0.101469,0.126135,0.143314,0.208201,0.142549,0.154194,0.230161,0.326863,0.23032,0.232428,0.183867,0.262694,0.183799,0.188927
2112,0.925,1000260560,0.098069,0.149489,0.0962267,0.123034,0.135881,0.198148,0.135197,0.148556,0.219742,0.312316,0.219846,0.222375,0.175552,0.251464,0.175268,0.181367
2112,0.975,1000260560,0.102673,0.155881,0.102043,0.126957,0.129608,0.190048,0.128496,0.143591,0.213136,0.303385,0.212953,0.215859,0.169384,0.243213,0.168883,0.175823
2112,1.025,1000260560,0.0959211,0.146766,0.0940086,0.121837,0.129304,0.189724,0.12832,0.143536,0.205224,0.292503,0.204817,0.208199,0.161186,0.232016,0.160725,0.168881
2112,1.075,1000260560,0.0908099,0.140312,0.0889557,0.119332,0.130774,0.191592,0.129643,0.144415,0.198508,0.283163,0.198106,0.201961,0.152873,0.220597,0.152583,0.162141
2112,1.125,1000260560,0.0927545,0.142898,0.091221,0.120639,0.122242,0.180118,0.121183,0.13838,0.186397,0.266439,0.186003,0.190918,0.149869,0.21691,0.149146,0.159377
2112,1.175,1000260560,0.0892959,0.138912,0.0872659,0.118704,0.118923,0.175957,0.117432,0.135781,0.181506,0.259502,0.18138,0.18677,0.147391,0.213584,0.146642,0.157377
2112,1.225,1000260560,0.0885466,0.138438,0.0867813,0.118725,0.117038,0.173638,0.115689,0.134736,0.180031,0.25765,0.17969,0.185272,0.143171,0.207989,0.142311,0.15397
2112,1.275,1000260560,0.0816158,0.128408,0.0789925,0.114387,0.11898,0.176072,0.117567,0.135914,0.175467,0.251343,0.175229,0.181346,0.137117,0.1999,0.136175,0.149249
2112,1.325,1000260560,0.0847837,0.132852,0.0830043,0.116696,0.117832,0.174636,0.116472,0.135232,0.171806,0.246557,0.171332,0.177964,0.136721,0.199427,0.135716,0.148907
2112,1.375,1000260560,0.0795873,0.125967,0.0771832,0.113823,0.115758,0.171874,0.114238,0.133691,0.16727,0.24031,0.166804,0.174041,0.131291,0.192148,0.130246,0.144824
2112,1.425,1000260560,0.0793513,0.125774,0.0771109,0.113926,0.115364,0.171528,0.1139,0.133563,0.164013,0.235948,0.163493,0.171235,0.127633,0.187363,0.126436,0.142059
2112,1.475,1000260560,0.0782031,0.124224,0.0755068,0.113039,0.116903,0.17348,0.115576,0.134678,0.165652,0.238102,0.165192,0.172665,0.125975,0.185176,0.12473,0.140838
2112,1.525,1000260560,0.076857,0.123287,0.0753656,0.113979,0.114239,0.170119,0.112842,0.132928,0.159486,0.229762,0.159113,0.167581,0.122914,0.180876,0.121843,0.138776
2112,1.575,1000260560,0.0758046,0.121489,0.0731947,0.112388,0.115118,0.171208,0.113654,0.133403,0.152856,0.220621,0.152623,0.162212,0.119814,0.177094,0.118333,0.136372
2112,1.625,1000260560,0.0699723,0.114271,0.0672056,0.110429,0.115452,0.171631,0.114207,0.13383,0.155251,0.223885,0.154932,0.164083,0.118669,0.175603,0.117133,0.135555
2112,1.675,1000260560,0.0670029,0.110244,0.0635999,0.108914,0.111686,0.166706,0.110366,0.131343,0.152148,0.219634,0.151923,0.161632,0.119425,0.176589,0.117925,0.136094
2112,1.725,1000260560,0.0698124,0.114039,0.0670192,0.110343,0.117317,0.174022,0.11603,0.134989,0.152126,0.219894,0.15153,0.161318,0.115979,0.172166,0.11424,0.133619
2112,1.775,1000260560,0.0693917,0.113966,0.0676313,0.111344,0.119606,0.177036,0.118509,0.13671,0.150169,0.217335,0.149471,0.159658,0.112762,0.167811,0.111013,0.131474
2112,1.825,1000260560,0.0687782,0.112829,0.0660368,0.110144,0.115631,0.171859,0.114365,0.133923,0.147633,0.21393,0.146912,0.15761,0.11486,0.1707,0.113074,0.132845
2112,1.875,1000260560,0.0650165,0.10812,0.0621154,0.109059,0.120483,0.178102,0.119304,0.137183,0.151116,0.218484,0.150662,0.160639,0.112606,0.167614,0.110844,0.131365
2112,1.925,1000260560,0.0608606,0.102868,0.0575169,0.107834,0.122369,0.18046,0.121887,0.139125,0.146384,0.212293,0.145701,0.156678,0.111493,0.166269,0.109569,0.130552
2112,1.975,1000260560,0.0591026,0.100242,0.0545135,0.106295,0.120335,0.178144,0.119614,0.137643,0.150664,0.217797,0.150213,0.160248,0.10639,0.159717,0.104083,0.1271
2112,2.025,1000260560,0.0604104,0.102339,0.0571277,0.107829,0.116912,0.173563,0.115727,0.134854,0.147321,0.213533,0.146629,0.157402,0.106777,0.160027,0.104675,0.127443
2212,0.075,1000060120,0.29403,0.47596,0.266918,0.443192,0.56293,0.839373,0.552305,0.616916,4.07009,10.0647,2.91913,4.0627,2.44813,4.57563,2.06258,2.44637
2212,0.125,1000060120,0.240532,0.403808,0.201976,0.419259,0.472558,0.715377,0.462382,0.551674,1.96015,3.3707,1.73444,1.95905,1.43236,2.26929,1.33253,1.43314
2212,0.175,1000060120,0.226192,0.386186,0.184424,0.415589,0.472586,0.715801,0.463063,0.55251,1.44925,2.3008,1.347,1.45071,1.15959,1.77253,1.10416,1.16339
2212,0.225,1000060120,0.213473,0.368852,0.169456,0.412299,0.472122,0.715065,0.46241,0.551965,1.19536,1.83346,1.13668,1.20023,1.03966,1.56973,0.997641,1.04486
2212,0.275,1000060120,0.211151,0.366332,0.166498,0.412095,0.470707,0.713081,0.460865,0.550862,1.06989,1.62017,1.02466,1.07452,0.95051,1.42113,0.920277,0.96136
2212,0.325,1000060120,0.219229,0.37771,0.179648,0.416878,0.471917,0.714665,0.461996,0.551567,0.977982,1.46714,0.943493,0.986229,0.85738,1.27547,0.83252,0.871002
2212,0.375,1000060120,0.210662,0.364607,0.167306,0.413441,0.461994,0.700908,0.451348,0.544144,0.906844,1.35113,0.880573,0.919832,0.792874,1.1755,0.772972,0.811956
2212,0.425,1000060120,0.21185,0.368128,0.169569,0.414462,0.451497,0.686594,0.442497,0.538894,0.846435,1.25812,0.822707,0.861084,0.710676,1.05181,0.695567,0.738854
2212,0.475,1000060120,0.210753,0.365096,0.168188,0.414262,0.447591,0.682245,0.43793,0.536169,0.812454,1.20444,0.792429,0.83086,0.677658,1.00299,0.665927,0.712481
2212,0.525,1000060120,0.220399,0.379441,0.182313,0.418208,0.42457,0.65141,0.414315,0.521442,0.771311,1.14235,0.753172,0.792804,0.610879,0.908444,0.601183,0.65739
2212,0.575,1000060120,0.218105,0.376918,0.179969,0.418311,0.412663,0.63608,0.403201,0.515449,0.718712,1.06403,0.702873,0.745594,0.551671,0.825161,0.543372,0.61124
2212,0.625,1000060120,0.224488,0.384569,0.187381,0.419187,0.390261,0.6063,0.37964,0.501835,0.669054,0.990973,0.655432,0.702812,0.517144,0.777929,0.509696,0.586392
2212,0.675,1000060120,0.222111,0.382018,0.185432,0.419639,0.376953,0.588496,0.36535,0.493825,0.643691,0.954109,0.631057,0.681568,0.494001,0.745799,0.485452,0.568529
2212,0.725,1000060120,0.240653,0.408534,0.209894,0.428135,0.356102,0.560444,0.34204,0.481028,0.617116,0.916165,0.605397,0.659925,0.453783,0.692047,0.446836,0.543427
2212,0.775,1000060120,0.230832,0.394244,0.199274,0.425027,0.348503,0.550858,0.334599,0.477828,0.579881,0.862186,0.569907,0.630703,0.435299,0.667184,0.429217,0.532606
2212,0.825,1000060120,0.244692,0.413998,0.21655,0.430956,0.34545,0.547253,0.332116,0.477143,0.576845,0.858889,0.565717,0.627397,0.417821,0.644354,0.410982,0.521589
2212,0.875,1000060120,0.245752,0.414731,0.21622,0.429668,0.330546,0.526842,0.314227,0.467603,0.547283,0.817514,0.536565,0.604666,0.398467,0.617964,0.389647,0.508361
2212,0.925,1000060120,0.239393,0.407185,0.209945,0.429111,0.346251,0.548704,0.333816,0.478501,0.545046,0.814235,0.534327,0.602885,0.390344,0.607026,0.384867,0.506928
2212,0.975,1000060120,0.241816,0.409385,0.209601,0.426795,0.336098,0.535055,0.322296,0.472631,0.538742,0.807076,0.526677,0.597345,0.357101,0.562975,0.345232,0.484058
2212,1.025,1000060120,0.251792,0.422134,0.223051,0.431159,0.3222,0.516514,0.306355,0.464899,0.520939,0.781005,0.510181,0.584846,0.37093,0.58205,0.361932,0.493851
2212,1.075,1000060120,0.249805,0.420198,0.222263,0.432094,0.348899,0.551118,0.33449,0.477435,0.525759,0.786889,0.515781,0.588892,0.369617,0.581844,0.36358,0.496637
2212,1.125,1000060120,0.250492,0.421424,0.223967,0.433228,0.3372,0.536554,0.323418,0.473156,0.508984,0.764065,0.498591,0.576332,0.396908,0.616151,0.391096,0.510425
2212,1.175,1000060120,0.256181,0.428967,0.230425,0.435119,0.330945,0.528372,0.316814,0.470182,0.495623,0.741561,0.484702,0.565327,0.375797,0.590898,0.372359,0.502616
2212,1.225,1000060120,0.260117,0.433677,0.232981,0.434687,0.333842,0.534271,0.324439,0.476627,0.512538,0.768095,0.503018,0.579437,0.378996,0.593192,0.371442,0.499546
2212,1.275,1000060120,0.257934,0.431222,0.231956,0.435325,0.33334,0.532705,0.321964,0.474214,0.499812,0.747374,0.48883,0.568233,0.404595,0.620515,0.399442,0.514057
2212,1.325,1000060120,0.249105,0.419121,0.220926,0.431359,0.32578,0.521334,0.310572,0.466967,0.498651,0.746014,0.487649,0.567188,0.415149,0.640667,0.408126,0.51979
2212,1.375,1000060120,0.255225,0.427513,0.229027,0.434432,0.344233,0.546546,0.332648,0.478586,0.502956,0.756191,0.492149,0.571764,0.384535,0.600418,0.376657,0.502113
2212,1.425,1000060120,0.273512,0.453218,0.251885,0.443718,0.33526,0.533587,0.320597,0.471331,0.502505,0.755667,0.491839,0.571627,0.375942,0.590769,0.371385,0.501503
2212,1.475,1000060120,0.265972,0.442301,0.242069,0.439257,0.338121,0.538336,0.325624,0.474975,0.47587,0.719253,0.464703,0.552644,0.376871,0.590858,0.370197,0.499481
2212,1.525,1000060120,0.261933,0.436222,0.234752,0.435195,0.359256,0.566902,0.349754,0.487754,0.477423,0.719532,0.467542,0.554188,0.379494,0.594345,0.3761,0.503878
2212,1.575,1000060120,0.263891,0.440068,0.240722,0.439612,0.354146,0.559507,0.343267,0.483748,0.49245,0.741896,0.481671,0.564429,0.374306,0.588756,0.37003,0.500993
2212,1.625,1000060120,0.260284,0.435196,0.235735,0.437557,0.36209,0.570637,0.352795,0.489315,0.490068,0.738125,0.479493,0.562756,0.404379,0.628676,0.405305,0.522237
2212,1.675,1000060120,0.277691,0.458393,0.255729,0.444459,0.354735,0.559547,0.3424,0.482364,0.479513,0.72293,0.469699,0.555915,0.385784,0.603899,0.381708,0.50718
2212,1.725,1000060120,0.267469,0.443562,0.242189,0.438132,0.371144,0.582113,0.361712,0.493459,0.486122,0.733266,0.475817,0.560523,0.404415,0.628852,0.4015,0.518665
2212,1.775,1000060120,0.264411,0.44029,0.240224,0.438657,0.370611,0.58305,0.364411,0.496938,0.497156,0.743952,0.486133,0.566073,0.377211,0.592311,0.372399,0.501862
2212,1.825,1000060120,0.25722,0.430375,0.231502,0.435417,0.373763,0.586684,0.366685,0.49748,0.498517,0.745918,0.488329,0.568484,0.402294,0.626423,0.399988,0.518225
2212,1.875,1000060120,0.269128,0.446018,0.244913,0.439581,0.375885,0.590288,0.371191,0.501148,0.507803,0.762595,0.497396,0.575534,0.41134,0.637864,0.408331,0.522454
2212,1.925,1000060120,0.27152,0.449486,0.246545,0.439834,0.354653,0.559551,0.342541,0.482579,0.511984,0.768592,0.501722,0.5788,0.369675,0.582467,0.364723,0.497928
2212,1.975,1000060120,0.273735,0.452871,0.250567,0.442167,0.37086,0.581915,0.361763,0.493707,0.512867,0.769549,0.502564,0.579292,0.38199,0.59631,0.376156,0.502287
2212,2.025,1000060120,0.274917,0.454912,0.25314,0.443904,0.364808,0.573442,0.354136,0.489023,0.522238,0.782845,0.512058,0.586426,0.404498,0.628786,0.401177,0.518244
2212,0.075,1000080160,0.242257,0.378215,0.229593,0.325807,0.549081,0.797623,0.541934,0.56098,4.5445,12.0984,3.12121,4.52598,2.45718,4.59959,2.06839,2.45543
2212,0.125,1000080160,0.214532,0.34181,0.198137,0.311037,0.474122,0.690346,0.469346,0.495095,2.22731,4.00642,1.91911,2.2259,1.40362,2.21227,1.31085,1.40532
2212,0.175,1000080160,0.188888,0.308153,0.167434,0.298537,0.456145,0.665619,0.451119,0.479403,1.59609,2.58893,1.46358,1.59642,1.14951,1.75297,1.09535,1.15031
2212,0.225,1000080160,0.191813,0.310957,0.171078,0.300143,0.446782,0.652382,0.441874,0.471499,1.33494,2.08581,1.25255,1.33526,0.976651,1.46074,0.941633,0.976759
2212,0.275,1000080160,0.186557,0.305519,0.165445,0.298414,0.438551,0.640267,0.434661,0.465455,1.18761,1.81937,1.12855,1.18861,0.905928,1.3452,0.877513,0.906268
2212,0.325,1000080160,0.177637,0.293409,0.154903,0.29466,0.425237,0.622963,0.420211,0.453624,1.0722,1.61933,1.02847,1.07378,0.827851,1.22033,0.805777,0.828784
2212,0.375,1000080160,0.180614,0.298213,0.158635,0.296514,0.436978,0.63847,0.432672,0.463828,0.999797,1.49926,0.962244,0.999696,0.76305,1.11782,0.746727,0.766109
2212,0.425,1000080160,0.192103,0.313233,0.173117,0.3019,0.411493,0.603564,0.407543,0.4435,0.937546,1.39576,0.907255,0.938712,0.671373,0.977194,0.660757,0.677331
2212,0.475,1000080160,0.190894,0.310243,0.17144,0.301243,0.397263,0.584632,0.392813,0.431949,0.875636,1.29644,0.850267,0.876759,0.642264,0.926538,0.631636,0.645608
2212,0.525,1000080160,0.189687,0.308993,0.170032,0.300583,0.376351,0.556337,0.371892,0.416054,0.812583,1.19604,0.791891,0.813949,0.567913,0.825001,0.560111,0.578195
2212,0.575,1000080160,0.187031,0.30646,0.166985,0.299563,0.35291,0.52495,0.348097,0.398756,0.745126,1.09102,0.728796,0.747445,0.531313,0.771689,0.525055,0.545211
2212,0.625,1000080160,0.193363,0.314713,0.175273,0.302876,0.330597,0.494683,0.325311,0.382798,0.719233,1.05064,0.705148,0.72283,0.471478,0.686893,0.466549,0.492702
2212,0.675,1000080160,0.19337,0.314707,0.175213,0.302816,0.312742,0.471043,0.306354,0.370202,0.671275,0.977086,0.660612,0.677186,0.458858,0.66871,0.454376,0.482076
2212,0.725,1000080160,0.198506,0.321243,0.181145,0.304925,0.301556,0.456409,0.295739,0.363917,0.639576,0.929619,0.630291,0.646692,0.428131,0.625982,0.423954,0.45655
2212,0.775,1000080160,0.196715,0.319772,0.179864,0.305276,0.293468,0.445947,0.286433,0.358026,0.631436,0.918063,0.621939,0.638444,0.393656,0.579523,0.389113,0.428973
2212,0.825,1000080160,0.200879,0.323864,0.184072,0.306281,0.28373,0.432628,0.277112,0.352571,0.596296,0.865202,0.589103,0.606037,0.382178,0.56444,0.376738,0.41947
2212,0.875,1000080160,0.20137,0.324645,0.185412,0.307622,0.283982,0.433111,0.277657,0.353058,0.58397,0.848399,0.575669,0.593113,0.378726,0.559403,0.374201,0.417698
2212,0.925,1000080160,0.207084,0.333566,0.19203,0.310275,0.274198,0.420977,0.266492,0.346683,0.573941,0.833797,0.566086,0.583945,0.371738,0.549988,0.367127,0.412427
2212,0.975,1000080160,0.202262,0.326854,0.185901,0.307348,0.269499,0.414762,0.261115,0.343518,0.562973,0.817751,0.555404,0.573707,0.341657,0.509044,0.336834,0.390566
2212,1.025,1000080160,0.207279,0.3336,0.191735,0.309821,0.27704,0.425041,0.270063,0.349063,0.541626,0.786748,0.534982,0.554495,0.333123,0.498228,0.327503,0.384226
2212,1.075,1000080160,0.214906,0.343263,0.201202,0.31392,0.2678,0.41268,0.259566,0.342826,0.543422,0.789319,0.536592,0.555962,0.327618,0.491198,0.322395,0.381096
2212,1.125,1000080160,0.201347,0.326096,0.185981,0.308101,0.27137,0.417435,0.264283,0.345805,0.547275,0.795005,0.540187,0.559337,0.349468,0.519934,0.34489,0.396409
2212,1.175,1000080160,0.209164,0.336126,0.194155,0.310955,0.276866,0.424605,0.269481,0.348495,0.529809,0.769664,0.523606,0.543921,0.341745,0.509524,0.337718,0.391582
2212,1.225,1000080160,0.209709,0.337034,0.195295,0.311744,0.265612,0.410062,0.257693,0.342085,0.52949,0.769354,0.522938,0.543269,0.329568,0.493572,0.323864,0.381812
2212,1.275,1000080160,0.20293,0.327768,0.187842,0.308619,0.263258,0.405862,0.25524,0.340236,0.516648,0.750624,0.510817,0.532106,0.328836,0.492921,0.32478,0.383104
2212,1.325,1000080160,0.226801,0.359534,0.215146,0.320725,0.272757,0.419083,0.265295,0.346127,0.520304,0.755233,0.515115,0.535999,0.324723,0.487157,0.318871,0.378493
2212,1.375,1000080160,0.209345,0.336562,0.194861,0.311559,0.273877,0.421196,0.26723,0.347785,0.510018,0.741133,0.504791,0.526725,0.353156,0.525587,0.34906,0.399791
2212,1.425,1000080160,0.223142,0.355172,0.211994,0.319885,0.280449,0.429319,0.273279,0.35068,0.514692,0.747398,0.509426,0.530812,0.330769,0.496134,0.326939,0.384886
2212,1.475,1000080160,0.212565,0.340459,0.198734,0.313086,0.272202,0.418548,0.26509,0.34624,0.502825,0.731252,0.496935,0.519538,0.331533,0.497097,0.326764,0.384439
2212,1.525,1000080160,0.222804,0.354116,0.210315,0.31829,0.287527,0.438711,0.281561,0.355849,0.500894,0.727782,0.496115,0.518811,0.344741,0.513919,0.340791,0.393891
2212,1.575,1000080160,0.220428,0.350259,0.208114,0.317085,0.267907,0.413069,0.26018,0.343462,0.500243,0.727598,0.494393,0.517252,0.332083,0.497063,0.328287,0.385445
2212,1.625,1000080160,0.21267,0.341086,0.200189,0.314512,0.285593,0.436139,0.279449,0.354563,0.504534,0.733353,0.49922,0.521634,0.332893,0.498333,0.328172,0.385146
2212,1.675,1000080160,0.208489,0.335657,0.194342,0.311651,0.294065,0.447845,0.289316,0.361049,0.504057,0.732972,0.498674,0.521234,0.340723,0.509182,0.338314,0.392951
2212,1.725,1000080160,0.215838,0.344798,0.203342,0.315448,0.291834,0.443988,0.285451,0.357774,0.519261,0.754619,0.513072,0.534192,0.347272,0.518165,0.344128,0.396828
2212,1.775,1000080160,0.201203,0.324342,0.184845,0.307024,0.295171,0.448196,0.289766,0.360577,0.518302,0.753284,0.512094,0.533299,0.362323,0.537684,0.358877,0.406923
2212,1.825,1000080160,0.216847,0.345682,0.203545,0.314925,0.294545,0.448513,0.28976,0.361314,0.524974,0.763058,0.51896,0.539776,0.345665,0.5152,0.341521,0.394353
2212,1.875,1000080160,0.202869,0.32772,0.187852,0.308674,0.297305,0.451957,0.292508,0.362853,0.520384,0.756409,0.514577,0.535743,0.341704,0.509729,0.338119,0.392111
2212,1.925,1000080160,0.21318,0.341051,0.198991,0.312901,0.298909,0.453954,0.293721,0.363387,0.505873,0.734901,0.50071,0.522895,0.345252,0.515899,0.343342,0.396864
2212,1.975,1000080160,0.220418,0.350089,0.207709,0.316666,0.275584,0.423093,0.268387,0.348046,0.530551,0.770853,0.524005,0.544256,0.345438,0.515936,0.343385,0.396757
2212,2.025,1000080160,0.2144,0.343148,0.201997,0.315109,0.290006,0.441476,0.284171,0.357179,0.512517,0.744939,0.506544,0.528231,0.350656,0.522227,0.346596,0.398064
2212,0.075,1000180400,0.236325,0.336079,0.235726,0.237665,0.427928,0.611986,0.424547,0.427601,2.58146,4.93529,2.14689,2.57986,2.31715,4.22383,1.98279,2.31781
2212,0.125,1000180400,0.182825,0.26113,0.18292,0.188136,0.353642,0.50415,0.351455,0.353215,1.31966,2.05847,1.2389,1.31906,1.17296,1.79208,1.11756,1.1755
2212,0.175,1000180400,0.16357,0.235328,0.163034,0.170834,0.327533,0.466048,0.326317,0.327784,0.955198,1.42513,0.922271,0.954899,0.897046,1.33023,0.869559,0.896838
2212,0.225,1000180400,0.152316,0.219834,0.152043,0.161706,0.31063,0.441586,0.309848,0.311192,0.788224,1.15685,0.768997,0.78779,0.712624,1.038,0.699513,0.713515
2212,0.275,1000180400,0.14483,0.210174,0.144037,0.155324,0.29868,0.424753,0.297604,0.298899,0.687049,0.999308,0.674463,0.687041,0.650348,0.94348,0.639264,0.649967
2212,0.325,1000180400,0.142309,0.206791,0.141495,0.153336,0.295615,0.419788,0.295373,0.296657,0.604805,0.874312,0.595967,0.604596,0.557089,0.801618,0.551558,0.558317
2212,0.375,1000180400,0.14313,0.207942,0.142269,0.153943,0.276026,0.392388,0.27515,0.276468,0.546669,0.78691,0.540362,0.546746,0.500656,0.717668,0.497069,0.501968
2212,0.425,1000180400,0.140823,0.204545,0.140277,0.152376,0.269304,0.382797,0.268507,0.269869,0.495045,0.709274,0.491757,0.496493,0.432834,0.618938,0.429639,0.432796
2212,0.475,1000180400,0.141146,0.205099,0.140469,0.152533,0.251095,0.356783,0.25065,0.252242,0.443752,0.63484,0.440409,0.44381,0.392596,0.56034,0.390126,0.392483
2212,0.525,1000180400,0.138196,0.201375,0.137242,0.15007,0.241686,0.343629,0.241091,0.242892,0.411794,0.588116,0.409183,0.411898,0.353808,0.504362,0.351649,0.353408
2212,0.575,1000180400,0.135279,0.197486,0.13428,0.14783,0.22679,0.322605,0.226331,0.228596,0.368617,0.525559,0.366538,0.368499,0.314556,0.447614,0.313176,0.31454
2212,0.625,1000180400,0.134226,0.19609,0.133203,0.147024,0.209513,0.298446,0.209108,0.212217,0.350151,0.498765,0.348476,0.350185,0.282507,0.399704,0.281575,0.282038
2212,0.675,1000180400,0.133496,0.19511,0.13247,0.146477,0.193703,0.276414,0.193439,0.19767,0.324355,0.461555,0.323054,0.32449,0.262586,0.372626,0.262682,0.264087
2212,0.725,1000180400,0.129737,0.190182,0.128564,0.143607,0.185217,0.264716,0.184954,0.189975,0.30373,0.43205,0.302509,0.303816,0.246859,0.350847,0.246345,0.248016
2212,0.775,1000180400,0.128801,0.188935,0.127617,0.14292,0.180591,0.258202,0.180522,0.186007,0.284706,0.404689,0.283866,0.285149,0.23221,0.330116,0.231857,0.233915
2212,0.825,1000180400,0.130901,0.191635,0.12985,0.144539,0.173416,0.248368,0.173356,0.179696,0.269868,0.383788,0.268803,0.270161,0.225901,0.32133,0.225467,0.227759
2212,0.875,1000180400,0.128708,0.18874,0.127593,0.142894,0.164717,0.236898,0.164177,0.171806,0.253373,0.360112,0.252766,0.254318,0.212105,0.302065,0.211673,0.214626
2212,0.925,1000180400,0.126465,0.185817,0.125247,0.141211,0.156229,0.225204,0.155881,0.164855,0.246632,0.350537,0.246112,0.247791,0.207801,0.296067,0.20738,0.210588
2212,0.975,1000180400,0.126686,0.18611,0.125473,0.141372,0.156586,0.225688,0.156237,0.165149,0.237158,0.336913,0.237021,0.23892,0.199837,0.284844,0.199638,0.203371
2212,1.025,1000180400,0.123534,0.182002,0.122176,0.139042,0.151693,0.219252,0.151122,0.160972,0.229275,0.326121,0.228767,0.23094,0.190163,0.271656,0.189727,0.194285
2212,1.075,1000180400,0.119397,0.176559,0.117896,0.13608,0.154973,0.223522,0.154681,0.163891,0.222162,0.315808,0.222122,0.224552,0.18569,0.265406,0.185367,0.19034
2212,1.125,1000180400,0.122878,0.180841,0.1218,0.138752,0.150166,0.217227,0.149548,0.159702,0.211861,0.301709,0.211458,0.214427,0.184388,0.263473,0.184242,0.189326
2212,1.175,1000180400,0.116159,0.17241,0.114427,0.133748,0.144367,0.209559,0.143562,0.154952,0.208135,0.296534,0.207718,0.210909,0.176234,0.252389,0.175962,0.181978
2212,1.225,1000180400,0.119671,0.176916,0.118183,0.136276,0.148645,0.215274,0.14791,0.158394,0.207575,0.295762,0.207151,0.210377,0.178495,0.255618,0.178061,0.183832
2212,1.275,1000180400,0.113308,0.168715,0.111409,0.131759,0.147244,0.213426,0.146544,0.157331,0.200121,0.285269,0.199887,0.203605,0.173034,0.248203,0.17253,0.178983
2212,1.325,1000180400,0.119103,0.176176,0.117587,0.13587,0.146689,0.212654,0.145931,0.156819,0.193817,0.276534,0.193598,0.197813,0.165463,0.237834,0.165007,0.172503
2212,1.375,1000180400,0.111655,0.16647,0.109757,0.130676,0.147398,0.213601,0.146649,0.157389,0.191893,0.274062,0.191442,0.195849,0.160935,0.231678,0.160475,0.168674
2212,1.425,1000180400,0.10989,0.164265,0.107804,0.129436,0.147891,0.214262,0.147148,0.157786,0.19227,0.274568,0.191834,0.196206,0.163891,0.235766,0.163353,0.171103
2212,1.475,1000180400,0.112187,0.167105,0.110373,0.131067,0.144789,0.21012,0.143994,0.155291,0.188354,0.269082,0.188026,0.192743,0.160805,0.231502,0.160345,0.168566
2212,1.525,1000180400,0.105546,0.158652,0.103231,0.126608,0.144302,0.209474,0.143496,0.154901,0.186912,0.266843,0.186905,0.191725,0.162499,0.23386,0.161976,0.169939
2212,1.575,1000180400,0.103905,0.156526,0.101475,0.125538,0.142965,0.207723,0.142101,0.153812,0.189863,0.271233,0.189447,0.194033,0.156525,0.225601,0.156177,0.165095
2212,1.625,1000180400,0.0996564,0.150877,0.0969666,0.122816,0.144683,0.209979,0.143886,0.155206,0.180667,0.258306,0.180595,0.18607,0.153447,0.221392,0.153141,0.1626
2212,1.675,1000180400,0.100907,0.152303,0.0985612,0.123747,0.147043,0.213126,0.14629,0.157104,0.18547,0.265087,0.185173,0.19017,0.153123,0.220946,0.152825,0.162342
2212,1.725,1000180400,0.102632,0.154871,0.100183,0.124783,0.146356,0.212208,0.145593,0.156551,0.187946,0.268449,0.187708,0.192453,0.154992,0.223515,0.154655,0.163842
2212,1.775,1000180400,0.0968846,0.147397,0.0939295,0.121109,0.147252,0.213406,0.146502,0.157272,0.183757,0.262535,0.183707,0.188848,0.15534,0.22399,0.154998,0.164125
2212,1.825,1000180400,0.0946446,0.144485,0.091559,0.119799,0.149654,0.21663,0.148929,0.15921,0.178955,0.256269,0.178501,0.184225,0.148885,0.215592,0.148152,0.158584
2212,1.875,1000180400,0.0972997,0.147981,0.0943431,0.121353,0.146168,0.211957,0.145402,0.1564,0.180292,0.258012,0.179944,0.185497,0.153044,0.220838,0.152749,0.16228
2212,1.925,1000180400,0.0933954,0.142845,0.0901491,0.118996,0.152478,0.220104,0.152261,0.16192,0.179614,0.25707,0.179284,0.184911,0.15255,0.220157,0.152269,0.16189
2212,1.975,1000180400,0.0886776,0.136722,0.084896,0.116168,0.149854,0.216899,0.149131,0.159372,0.183077,0.261514,0.183133,0.188331,0.146534,0.212442,0.145774,0.156691
2212,2.025,1000180400,0.0897648,0.13811,0.086179,0.116857,0.147433,0.213649,0.146685,0.157417,0.186612,0.26639,0.186653,0.191496,0.150142,0.217283,0.149421,0.159603
2212,0.075,1000260560,0.24112,0.342819,0.240526,0.242331,0.389309,0.555568,0.386899,0.389202,2.26576,4.1028,1.94459,2.26425,1.83576,3.09124,1.64565,1.83588
2212,0.125,1000260560,0.180064,0.257689,0.179722,0.185295,0.33219,0.472984,0.330708,0.33225,1.18698,1.81819,1.12805,1.18798,1.03621,1.56049,0.994126,1.03522
2212,0.175,1000260560,0.154417,0.222725,0.154089,0.163376,0.301332,0.428263,0.300631,0.301931,0.831893,1.22565,0.809796,0.831749,0.76218,1.11589,0.744847,0.761884
2212,0.225,1000260560,0.141198,0.205184,0.1405,0.152556,0.275484,0.391617,0.274613,0.275934,0.666184,0.967443,0.654565,0.666052,0.637155,0.923301,0.626843,0.636915
2212,0.275,1000260560,0.134033,0.195831,0.133009,0.146878,0.265499,0.377339,0.264794,0.266189,0.581347,0.838431,0.574245,0.581916,0.553871,0.797552,0.547453,0.554093
2212,0.325,1000260560,0.131039,0.191818,0.12999,0.144641,0.25252,0.358944,0.251872,0.253444,0.516379,0.741069,0.512146,0.517522,0.483629,0.69329,0.479481,0.483892
2212,0.375,1000260560,0.12468,0.183488,0.123382,0.139888,0.237366,0.337191,0.237253,0.239149,0.468156,0.671238,0.463429,0.467429,0.432202,0.617991,0.429051,0.432193
2212,0.425,1000260560,0.123541,0.182011,0.122184,0.139047,0.224701,0.319377,0.224647,0.226975,0.426716,0.610805,0.422606,0.425659,0.3817,0.547016,0.379433,0.381674
2212,0.475,1000260560,0.11944,0.176633,0.117973,0.13615,0.219198,0.311508,0.219447,0.222018,0.38468,0.548027,0.383475,0.385694,0.33439,0.475948,0.33304,0.33457
2212,0.525,1000260560,0.112463,0.16753,0.110886,0.131501,0.207039,0.295028,0.206605,0.209869,0.356003,0.50737,0.354035,0.35582,0.304947,0.433806,0.303695,0.305008
2212,0.575,1000260560,0.115187,0.171234,0.113607,0.133307,0.185685,0.265435,0.185393,0.190388,0.325726,0.463526,0.324409,0.325854,0.274385,0.390043,0.273521,0.274843
2212,0.625,1000260560,0.111739,0.166806,0.110509,0.131478,0.175329,0.251124,0.175158,0.181292,0.30829,0.438383,0.307304,0.30863,0.251167,0.356877,0.25072,0.252305
2212,0.675,1000260560,0.112209,0.166923,0.111047,0.131627,0.161985,0.233114,0.161523,0.16956,0.285938,0.406464,0.28506,0.28634,0.22519,0.32019,0.224951,0.227261
2212,0.725,1000260560,0.109386,0.164007,0.108045,0.130021,0.152637,0.22028,0.152354,0.161961,0.274013,0.389511,0.273153,0.274476,0.214913,0.305813,0.214693,0.217477
2212,0.775,1000260560,0.104316,0.15745,0.102688,0.126712,0.143304,0.208293,0.142718,0.154421,0.257473,0.365974,0.256768,0.258255,0.206508,0.294302,0.206047,0.20934
2212,0.825,1000260560,0.105715,0.15936,0.104424,0.127901,0.136759,0.199485,0.135755,0.148942,0.24298,0.34544,0.24239,0.244153,0.192935,0.275451,0.192536,0.19684
2212,0.875,1000260560,0.0990349,0.150727,0.0977357,0.124065,0.130194,0.190833,0.12913,0.144068,0.229557,0.326476,0.229099,0.231257,0.181883,0.25971,0.182137,0.187434
2212,0.925,1000260560,0.0979622,0.149455,0.0963224,0.123212,0.12865,0.18879,0.127558,0.142928,0.223708,0.317696,0.224037,0.226382,0.173175,0.248024,0.173121,0.179483
2212,0.975,1000260560,0.0971863,0.148658,0.0961839,0.123478,0.123645,0.182179,0.12236,0.139205,0.213205,0.303469,0.213006,0.215899,0.167011,0.239943,0.166552,0.17382
2212,1.025,1000260560,0.0940847,0.144589,0.0925589,0.121319,0.121511,0.179292,0.120131,0.137612,0.202709,0.288772,0.202611,0.206137,0.160299,0.230809,0.159842,0.168141
2212,1.075,1000260560,0.0931657,0.143209,0.0912248,0.120373,0.114927,0.170841,0.113247,0.133016,0.197964,0.282408,0.197598,0.201499,0.158695,0.228752,0.158102,0.166698
2212,1.125,1000260560,0.0892422,0.138471,0.0875731,0.118818,0.111624,0.166444,0.109758,0.130693,0.192244,0.274543,0.191826,0.196206,0.15206,0.219774,0.151451,0.161235
2212,1.175,1000260560,0.0890915,0.138034,0.0872465,0.118467,0.116447,0.172838,0.11499,0.134229,0.187245,0.267352,0.187171,0.191965,0.144859,0.210205,0.144066,0.155341
2212,1.225,1000260560,0.0888374,0.138323,0.0871459,0.118787,0.112594,0.1676,0.111047,0.131571,0.179841,0.257409,0.179539,0.185156,0.143775,0.208766,0.142956,0.154472
2212,1.275,1000260560,0.0885686,0.137676,0.0866081,0.118269,0.108456,0.162466,0.106475,0.128687,0.174118,0.249323,0.174061,0.180309,0.139152,0.20264,0.138213,0.150804
2212,1.325,1000260560,0.0843586,0.132328,0.082353,0.116319,0.109567,0.163936,0.107636,0.129427,0.173596,0.248626,0.173552,0.179875,0.134985,0.197062,0.134007,0.147616
2212,1.375,1000260560,0.0869734,0.135786,0.0859428,0.118426,0.109029,0.163244,0.107076,0.129078,0.168761,0.242454,0.168398,0.175479,0.129869,0.190348,0.1287,0.143699
2212,1.425,1000260560,0.0807191,0.12801,0.0791886,0.115354,0.106427,0.159747,0.104592,0.127567,0.161679,0.23272,0.161255,0.169353,0.127954,0.187791,0.126761,0.142292
2212,1.475,1000260560,0.0777563,0.124099,0.0755837,0.113554,0.106299,0.159741,0.104255,0.127361,0.160634,0.231286,0.160195,0.168453,0.128477,0.188489,0.127294,0.14268
2212,1.525,1000260560,0.0739029,0.119253,0.0715029,0.111995,0.103827,0.156475,0.101493,0.125605,0.160106,0.23058,0.15969,0.168042,0.122968,0.180942,0.121906,0.13882
2212,1.575,1000260560,0.0728859,0.117752,0.0698949,0.111039,0.102487,0.154567,0.10073,0.125298,0.158088,0.227938,0.157492,0.166197,0.120914,0.178473,0.119541,0.137197
2212,1.625,1000260560,0.0726928,0.117843,0.0704779,0.111814,0.103727,0.15643,0.101552,0.125735,0.154484,0.22285,0.154197,0.163491,0.121555,0.179343,0.120179,0.137641
2212,1.675,1000260560,0.0668045,0.110022,0.0631543,0.10868,0.107937,0.162061,0.106429,0.128945,0.152677,0.220378,0.152455,0.162078,0.111447,0.166212,0.109517,0.130518
2212,1.725,1000260560,0.0685212,0.112499,0.0655646,0.109892,0.105714,0.158994,0.103653,0.127002,0.152827,0.220557,0.15256,0.162141,0.114701,0.170492,0.112907,0.132734
2212,1.775,1000260560,0.0662326,0.109536,0.0631029,0.109098,0.107305,0.16106,0.105306,0.128012,0.150366,0.217521,0.149801,0.159931,0.112935,0.167959,0.111272,0.131634
2212,1.825,1000260560,0.0671685,0.110778,0.0642555,0.109552,0.107933,0.16201,0.106666,0.129155,0.150115,0.21722,0.149599,0.159796,0.111702,0.166518,0.109811,0.130705
2212,1.875,1000260560,0.0640592,0.106725,0.060588,0.108263,0.110813,0.165746,0.109611,0.130987,0.144895,0.21029,0.144153,0.155441,0.108344,0.162158,0.106249,0.128437
2212,1.925,1000260560,0.0609352,0.102697,0.0564625,0.106785,0.111467,0.166515,0.110317,0.131412,0.151848,0.219517,0.15131,0.161155,0.107887,0.161764,0.105579,0.128044
2212,1.975,1000260560,0.0614428,0.103496,0.057879,0.107697,0.111001,0.166015,0.10996,0.131273,0.149982,0.217068,0.149505,0.159742,0.107564,0.161253,0.105321,0.127871
2212,2.025,1000260560,0.0608971,0.102597,0.0570951,0.107271,0.116274,0.172854,0.115272,0.134671,0.14926,0.216136,0.14859,0.158969,0.111683,0.166497,0.109789,0.130692
