probe,ke,target,consthA,constErrhA,slopehA,slopeErrhA,consthN,constErrhN,slopehN,slopeErrhN,constINCL,constErrINCL,slopeINCL,slopeErrINCL,constGeant4,constErrGeant4,slopeGeant4,slopeErrGeant4
2112,0.075,1000060120,0.284673,0.463296,0.255553,0.438348,0.578873,0.861878,0.569925,0.63145,1.08699,1.64953,1.04008,1.09184,1.10392,1.67464,1.058,1.11094
2112,0.125,1000060120,0.240666,0.404133,0.202487,0.419658,0.49485,0.740783,0.484721,0.565994,0.635358,0.942802,0.623867,0.675919,0.87235,1.29867,0.846597,0.885228
2112,0.175,1000060120,0.215764,0.371232,0.170677,0.411258,0.490597,0.740148,0.480628,0.564292,0.471575,0.715559,0.46395,0.554214,0.765567,1.13348,0.747961,0.787802
2112,0.225,1000060120,0.215619,0.371732,0.172194,0.412923,0.473684,0.717435,0.464418,0.553565,0.404664,0.627191,0.398399,0.514699,0.703983,1.0427,0.689511,0.733708
2112,0.275,1000060120,0.211168,0.365178,0.167913,0.413406,0.462534,0.702092,0.452681,0.545477,0.376769,0.590452,0.369583,0.498828,0.669372,0.991848,0.65628,0.70386
2112,0.325,1000060120,0.210584,0.364228,0.166642,0.41283,0.455916,0.696317,0.445745,0.541193,0.352196,0.560047,0.347535,0.48997,0.586223,0.874619,0.57576,0.636687
2112,0.375,1000060120,0.220012,0.378536,0.180854,0.417112,0.449846,0.68469,0.440925,0.538058,0.321889,0.520948,0.316472,0.476372,0.574969,0.857869,0.566275,0.629175
2112,0.425,1000060120,0.207572,0.36082,0.163564,0.412749,0.461682,0.700771,0.451519,0.54454,0.307291,0.503134,0.302167,0.471694,0.527166,0.791325,0.519354,0.593229
2112,0.475,1000060120,0.215823,0.37342,0.175972,0.416523,0.438408,0.669801,0.428387,0.53002,0.283463,0.471442,0.275864,0.461216,0.483145,0.733541,0.479662,0.567225
2112,0.525,1000060120,0.216375,0.374232,0.176851,0.416866,0.444811,0.67811,0.434404,0.533513,0.260341,0.441634,0.251828,0.45441,0.443423,0.68052,0.441682,0.543014
2112,0.575,1000060120,0.217947,0.376519,0.179303,0.417792,0.426454,0.654206,0.4166,0.523079,0.235747,0.408867,0.227468,0.449374,0.425082,0.656995,0.424649,0.533437
2112,0.625,1000060120,0.226122,0.38764,0.191763,0.422044,0.409738,0.624862,0.399736,0.511203,0.228916,0.401182,0.220218,0.448985,0.370147,0.583388,0.365815,0.49888
2112,0.675,1000060120,0.224037,0.384467,0.187888,0.420179,0.381444,0.59389,0.369192,0.495304,0.212191,0.378615,0.200895,0.445032,0.358715,0.567233,0.3513,0.489888
2112,0.725,1000060120,0.246097,0.415169,0.216687,0.429818,0.391861,0.608361,0.381146,0.502585,0.207836,0.37249,0.194928,0.443307,0.319737,0.516658,0.31097,0.471797
2112,0.775,1000060120,0.223092,0.383407,0.187011,0.420252,0.369636,0.578706,0.357097,0.489198,0.207266,0.372596,0.196336,0.445484,0.321585,0.521396,0.317982,0.478294
2112,0.825,1000060120,0.233771,0.398917,0.200981,0.425106,0.352537,0.556104,0.338873,0.479877,0.203922,0.368732,0.193308,0.446095,0.309861,0.505978,0.306632,0.473991
2112,0.875,1000060120,0.242301,0.410608,0.212147,0.428823,0.370847,0.580724,0.359212,0.490827,0.197455,0.359775,0.183386,0.443158,0.307983,0.50246,0.299436,0.468126
2112,0.925,1000060120,0.238829,0.40655,0.209533,0.429201,0.364657,0.571923,0.351332,0.485919,0.194557,0.356946,0.184094,0.446845,0.282065,0.468965,0.27338,0.459491
2112,0.975,1000060120,0.231266,0.395125,0.200599,0.425969,0.356053,0.560983,0.343223,0.482399,0.195625,0.357935,0.183799,0.445406,0.299422,0.492822,0.295296,0.469702
2112,1.025,1000060120,0.240669,0.408396,0.20944,0.427677,0.35807,0.563438,0.344617,0.482707,0.193265,0.356599,0.187046,0.451326,0.294931,0.485383,0.286461,0.463561
2112,1.075,1000060120,0.253142,0.424722,0.226658,0.433712,0.341269,0.541905,0.327867,0.475282,0.190863,0.353861,0.181929,0.449729,0.279695,0.468557,0.276483,0.464987
2112,1.125,1000060120,0.237379,0.403714,0.20556,0.426434,0.3508,0.554393,0.338164,0.480266,0.192885,0.356117,0.184147,0.449403,0.277959,0.464415,0.271076,0.460262
2112,1.175,1000060120,0.258767,0.431495,0.230963,0.433589,0.356455,0.562662,0.345623,0.484944,0.192286,0.355462,0.183886,0.449815,0.263354,0.446744,0.256928,0.457593
2112,1.225,1000060120,0.240774,0.40928,0.211841,0.429927,0.345567,0.547946,0.333365,0.478466,0.193256,0.35578,0.184699,0.44884,0.291909,0.48412,0.289321,0.469109
2112,1.275,1000060120,0.255294,0.427681,0.229275,0.434636,0.361285,0.569059,0.350887,0.487675,0.195494,0.358858,0.186803,0.448727,0.294487,0.486031,0.288851,0.466523
2112,1.325,1000060120,0.260494,0.43448,0.233912,0.435401,0.368352,0.578583,0.358838,0.492056,0.19056,0.352865,0.179863,0.447894,0.270963,0.454873,0.262543,0.456775
2112,1.375,1000060120,0.264422,0.44084,0.241551,0.440029,0.365438,0.574168,0.354606,0.489138,0.198987,0.364385,0.19207,0.450735,0.299367,0.492385,0.294389,0.468744
2112,1.425,1000060120,0.26313,0.438714,0.238926,0.438387,0.371861,0.583545,0.363447,0.494985,0.199583,0.366577,0.196783,0.455094,0.285836,0.475417,0.280912,0.464716
2112,1.475,1000060120,0.272839,0.452553,0.251627,0.443994,0.35474,0.559989,0.343299,0.483379,0.201785,0.369944,0.200118,0.456321,0.28222,0.473172,0.282702,0.469672
2112,1.525,1000060120,0.269843,0.447167,0.246315,0.440444,0.371048,0.582009,0.361655,0.493457,0.211578,0.382407,0.211809,0.457635,0.307544,0.504363,0.306607,0.475911
2112,1.575,1000060120,0.264873,0.441054,0.241173,0.439256,0.366544,0.576071,0.356668,0.490766,0.200905,0.367749,0.195982,0.45293,0.301836,0.499356,0.304957,0.47877
2112,1.625,1000060120,0.284723,0.466908,0.263652,0.446872,0.350236,0.553614,0.337472,0.479873,0.210575,0.380932,0.210436,0.457181,0.299027,0.494468,0.298202,0.473647
2112,1.675,1000060120,0.263364,0.438624,0.236339,0.435999,0.364666,0.572865,0.353209,0.488055,0.211331,0.382567,0.2128,0.458997,0.306941,0.50538,0.311724,0.481715
2112,1.725,1000060120,0.264898,0.440488,0.239739,0.437746,0.365397,0.57347,0.353272,0.487637,0.224095,0.399655,0.226408,0.460782,0.28479,0.472062,0.274746,0.458919
2112,1.775,1000060120,0.270241,0.447566,0.24651,0.440316,0.390931,0.608365,0.382549,0.504826,0.205658,0.374344,0.204136,0.455875,0.26903,0.452522,0.259352,0.455336
2112,1.825,1000060120,0.271121,0.44941,0.247197,0.440827,0.399007,0.618823,0.390463,0.508988,0.215257,0.387144,0.213767,0.456353,0.287719,0.478918,0.285254,0.468013
2112,1.875,1000060120,0.28042,0.460646,0.258562,0.444553,0.391245,0.607807,0.381006,0.502815,0.220645,0.394774,0.220844,0.458498,0.331939,0.540204,0.340034,0.495913
2112,1.925,1000060120,0.245335,0.414012,0.215089,0.428934,0.38813,0.60438,0.379156,0.502637,0.216437,0.388837,0.214446,0.456126,0.327541,0.533499,0.333394,0.491496
2112,1.975,1000060120,0.283681,0.465988,0.263512,0.44754,0.381012,0.594984,0.371837,0.498691,0.217045,0.392184,0.221502,0.463307,0.297097,0.49019,0.293594,0.469662
2112,2.025,1000060120,0.273761,0.453267,0.251495,0.443111,0.386927,0.603429,0.379128,0.503385,0.237175,0.418054,0.247686,0.470124,0.336884,0.545716,0.343214,0.495943
2112,0.075,1000080160,0.252379,0.391577,0.240762,0.331556,0.585467,0.850464,0.57749,0.59492,1.16777,1.78578,1.11013,1.16754,1.65306,2.7066,1.5063,1.65202
2112,0.125,1000080160,0.214765,0.34213,0.198486,0.311226,0.503917,0.732529,0.498329,0.520779,0.817535,1.20325,0.797203,0.819537,1.07222,1.61929,1.02855,1.07386
2112,0.175,1000080160,0.190435,0.310395,0.169601,0.299585,0.461837,0.672962,0.457416,0.484747,0.595052,0.863753,0.587606,0.604651,0.904886,1.34359,0.876474,0.905142
2112,0.225,1000080160,0.186504,0.305187,0.164887,0.297851,0.453093,0.661299,0.448326,0.477063,0.50408,0.733112,0.499969,0.522777,0.81132,1.19404,0.790734,0.812713
2112,0.275,1000080160,0.182325,0.300023,0.159855,0.296296,0.442944,0.646953,0.438343,0.468571,0.457278,0.667245,0.453912,0.482267,0.717061,1.04743,0.702959,0.720579
2112,0.325,1000080160,0.177897,0.293327,0.155408,0.294638,0.421021,0.616996,0.416316,0.450481,0.418339,0.613232,0.416077,0.450957,0.681604,0.993873,0.668939,0.685734
2112,0.375,1000080160,0.182039,0.299702,0.159848,0.29647,0.425487,0.623185,0.420908,0.454271,0.37347,0.55375,0.371185,0.416726,0.615971,0.895507,0.606467,0.623138
2112,0.425,1000080160,0.187747,0.307377,0.167835,0.299849,0.408107,0.599291,0.403531,0.440269,0.340952,0.510054,0.339185,0.394001,0.570461,0.828366,0.563345,0.581343
2112,0.475,1000080160,0.182909,0.301113,0.161902,0.297765,0.396956,0.584203,0.392491,0.431689,0.319473,0.482075,0.318309,0.38054,0.499783,0.725759,0.495642,0.518382
2112,0.525,1000080160,0.189322,0.308639,0.169759,0.300559,0.38366,0.566114,0.379083,0.42137,0.297836,0.453468,0.294879,0.365301,0.457855,0.667835,0.454801,0.483032
2112,0.575,1000080160,0.184968,0.304183,0.165374,0.299618,0.369262,0.546826,0.364852,0.410891,0.28041,0.432205,0.279181,0.357589,0.426265,0.624461,0.422243,0.4556
2112,0.625,1000080160,0.186659,0.30615,0.166973,0.299847,0.356362,0.529605,0.351267,0.400923,0.260058,0.405704,0.257595,0.345604,0.368757,0.546163,0.365543,0.411775
2112,0.675,1000080160,0.191153,0.312325,0.1725,0.302087,0.330541,0.494977,0.325433,0.383098,0.243385,0.384074,0.239817,0.336546,0.345707,0.515247,0.341348,0.394156
2112,0.725,1000080160,0.190176,0.309553,0.170897,0.30124,0.323099,0.485088,0.317334,0.377562,0.233958,0.371449,0.230815,0.332491,0.32434,0.487439,0.319889,0.379969
2112,0.775,1000080160,0.195576,0.318135,0.178087,0.304333,0.309521,0.466491,0.303802,0.368709,0.229956,0.367566,0.227212,0.331818,0.32268,0.485985,0.319577,0.380546
2112,0.825,1000080160,0.207838,0.334336,0.192417,0.310118,0.299902,0.45456,0.293683,0.362683,0.222611,0.357322,0.218733,0.327426,0.303501,0.459637,0.299709,0.367341
2112,0.875,1000080160,0.207948,0.334678,0.193027,0.310676,0.295587,0.448043,0.289646,0.359997,0.212347,0.344516,0.20752,0.322969,0.281539,0.430192,0.275993,0.35254
2112,0.925,1000080160,0.197432,0.320563,0.181708,0.306314,0.293933,0.445739,0.287481,0.35848,0.211963,0.344079,0.20723,0.322944,0.290386,0.443105,0.285582,0.358888
2112,0.975,1000080160,0.204122,0.328894,0.188842,0.308616,0.295627,0.449379,0.28992,0.360824,0.203491,0.333503,0.199927,0.321221,0.278682,0.427601,0.272779,0.351153
2112,1.025,1000080160,0.206712,0.332751,0.190798,0.309263,0.282044,0.431153,0.274475,0.351079,0.20476,0.335218,0.201742,0.322148,0.276658,0.425328,0.271178,0.350608
2112,1.075,1000080160,0.211613,0.339117,0.196636,0.311743,0.295593,0.449198,0.289959,0.360812,0.207678,0.339162,0.205771,0.32419,0.268632,0.414699,0.263132,0.346205
2112,1.125,1000080160,0.209218,0.335931,0.193578,0.31031,0.287268,0.438299,0.280821,0.355218,0.204181,0.334762,0.201792,0.322658,0.263678,0.408057,0.256665,0.342157
2112,1.175,1000080160,0.202997,0.3279,0.188612,0.309235,0.291826,0.444388,0.285932,0.358418,0.20345,0.333917,0.201138,0.322539,0.2694,0.415346,0.263263,0.345857
2112,1.225,1000080160,0.204258,0.329088,0.189103,0.308774,0.279756,0.428275,0.272292,0.349959,0.20113,0.331003,0.198436,0.321507,0.278909,0.428998,0.276858,0.355393
2112,1.275,1000080160,0.212533,0.340308,0.198403,0.312768,0.275806,0.42298,0.267831,0.347261,0.199106,0.328669,0.196657,0.321237,0.275051,0.42349,0.270007,0.35026
2112,1.325,1000080160,0.21434,0.342852,0.201321,0.314455,0.283609,0.432201,0.276709,0.352115,0.201637,0.331592,0.198898,0.321594,0.268184,0.414803,0.263842,0.347361
2112,1.375,1000080160,0.205936,0.332224,0.19104,0.310097,0.29418,0.447072,0.289725,0.360976,0.203605,0.334408,0.202108,0.323451,0.281482,0.433012,0.279652,0.357342
2112,1.425,1000080160,0.214282,0.342523,0.200558,0.313711,0.288683,0.440121,0.283673,0.357366,0.204192,0.334942,0.202247,0.323135,0.268788,0.415657,0.264509,0.347771
2112,1.475,1000080160,0.213057,0.340715,0.198362,0.312343,0.286222,0.43688,0.279852,0.354671,0.204735,0.335804,0.20334,0.323878,0.279429,0.428368,0.275521,0.353328
2112,1.525,1000080160,0.214629,0.342819,0.200605,0.313507,0.293357,0.445907,0.286467,0.358148,0.205659,0.337156,0.204856,0.324789,0.277249,0.426859,0.273277,0.352692
2112,1.575,1000080160,0.213794,0.341661,0.199299,0.31277,0.303147,0.459599,0.298137,0.366145,0.214331,0.348755,0.213396,0.327976,0.271357,0.419001,0.26673,0.348813
2112,1.625,1000080160,0.213821,0.342199,0.200687,0.314181,0.290474,0.442573,0.284659,0.357689,0.215056,0.349634,0.215655,0.329546,0.279052,0.428702,0.276224,0.354517
2112,1.675,1000080160,0.214005,0.342596,0.20136,0.314741,0.291156,0.443642,0.285539,0.358349,0.21683,0.352195,0.218095,0.330944,0.282333,0.433493,0.279472,0.356554
2112,1.725,1000080160,0.22396,0.355504,0.211374,0.318609,0.300371,0.455556,0.294685,0.363645,0.21582,0.351133,0.216966,0.330595,0.291415,0.445501,0.288984,0.362221
2112,1.775,1000080160,0.223125,0.354619,0.210871,0.318661,0.31087,0.468565,0.305577,0.370091,0.226849,0.36498,0.228859,0.335491,0.291221,0.446646,0.291605,0.365448
2112,1.825,1000080160,0.215809,0.344858,0.203566,0.3157,0.32151,0.483452,0.316543,0.377522,0.218243,0.354559,0.220686,0.33282,0.284728,0.439253,0.286185,0.363239
2112,1.875,1000080160,0.206783,0.333601,0.192704,0.311208,0.320361,0.481609,0.315084,0.376338,0.225617,0.364535,0.229369,0.337158,0.303579,0.463182,0.304742,0.373751
2112,1.925,1000080160,0.222717,0.354302,0.210887,0.318972,0.311062,0.46969,0.306334,0.371142,0.235699,0.378262,0.240531,0.342794,0.300819,0.457579,0.299611,0.368871
2112,1.975,1000080160,0.216188,0.344935,0.20295,0.314789,0.316847,0.476969,0.312151,0.374663,0.252215,0.39961,0.258745,0.35204,0.283341,0.435517,0.281088,0.358025
2112,2.025,1000080160,0.218253,0.346885,0.203758,0.314131,0.305243,0.460811,0.299513,0.366041,0.230216,0.369254,0.230934,0.335708,0.299584,0.455452,0.298016,0.367548
2112,0.075,1000180400,0.239006,0.339354,0.239068,0.240902,0.448364,0.640828,0.445978,0.449492,1.46447,2.33074,1.35806,1.46405,2.03383,3.53973,1.78702,2.0329
2112,0.125,1000180400,0.184227,0.263231,0.184104,0.189202,0.370463,0.528125,0.368518,0.370514,0.827108,1.21744,0.806153,0.82775,1.02145,1.53521,0.98157,1.02102
2112,0.175,1000180400,0.159424,0.229739,0.158835,0.16731,0.343828,0.489754,0.342085,0.343722,0.586226,0.845696,0.579023,0.586893,0.754027,1.10238,0.738214,0.75472
2112,0.225,1000180400,0.151954,0.219626,0.151358,0.161163,0.328976,0.468119,0.327749,0.32923,0.465293,0.666308,0.461634,0.465567,0.641951,0.930692,0.631285,0.641586
2112,0.275,1000180400,0.149704,0.216696,0.148979,0.15925,0.31077,0.441776,0.310001,0.311346,0.403356,0.575936,0.400767,0.403324,0.564093,0.813093,0.55695,0.563962
2112,0.325,1000180400,0.142794,0.207214,0.142235,0.153899,0.290632,0.413031,0.289918,0.291199,0.355726,0.506984,0.353755,0.355542,0.492176,0.705617,0.488185,0.492841
2112,0.375,1000180400,0.139905,0.203652,0.138979,0.151398,0.283098,0.400492,0.282162,0.282596,0.319233,0.454212,0.317976,0.319376,0.446483,0.638786,0.443159,0.446627
2112,0.425,1000180400,0.139224,0.202745,0.138286,0.150867,0.268571,0.38141,0.268247,0.269605,0.288245,0.40966,0.287499,0.288781,0.384309,0.548992,0.381055,0.383277
2112,0.475,1000180400,0.138386,0.201628,0.137435,0.150217,0.256202,0.363719,0.256136,0.257633,0.257502,0.366023,0.256799,0.258292,0.337377,0.480393,0.335802,0.337367
2112,0.525,1000180400,0.13713,0.199979,0.136131,0.149227,0.244805,0.348001,0.244238,0.245963,0.230172,0.326862,0.230365,0.232476,0.298325,0.424256,0.297234,0.298527
2112,0.575,1000180400,0.131126,0.191934,0.130078,0.144706,0.231492,0.329169,0.231071,0.233163,0.213576,0.304186,0.213064,0.215948,0.279298,0.396529,0.279113,0.280404
2112,0.625,1000180400,0.134182,0.196032,0.133159,0.146992,0.21724,0.309246,0.216791,0.219479,0.198036,0.282514,0.197636,0.20153,0.251872,0.357896,0.2514,0.252976
2112,0.675,1000180400,0.13513,0.197277,0.134141,0.147724,0.203683,0.289846,0.203922,0.20735,0.184401,0.263501,0.184254,0.189344,0.232946,0.33109,0.232682,0.234716
2112,0.725,1000180400,0.131566,0.192523,0.130524,0.145034,0.198931,0.283813,0.198456,0.202289,0.173377,0.248314,0.173318,0.179663,0.215789,0.307034,0.215577,0.218318
2112,0.775,1000180400,0.134192,0.196045,0.133169,0.146999,0.190073,0.271541,0.189637,0.194209,0.167768,0.241001,0.16729,0.17446,0.20644,0.294213,0.205976,0.209277
2112,0.825,1000180400,0.131842,0.192893,0.130803,0.145241,0.18533,0.264883,0.185052,0.190063,0.158029,0.22786,0.157432,0.166149,0.193051,0.275608,0.192662,0.196958
2112,0.875,1000180400,0.128774,0.188898,0.127589,0.142899,0.175326,0.251082,0.175142,0.181261,0.152747,0.220432,0.15246,0.162048,0.181647,0.259357,0.181944,0.187264
2112,0.925,1000180400,0.127284,0.186906,0.126083,0.14181,0.170516,0.244786,0.169994,0.176789,0.145982,0.21171,0.145212,0.156251,0.172054,0.24687,0.171545,0.178128
2112,0.975,1000180400,0.124585,0.183365,0.123283,0.139819,0.165987,0.238564,0.16552,0.172946,0.142768,0.207206,0.142182,0.15386,0.168078,0.241424,0.167593,0.174717
2112,1.025,1000180400,0.126962,0.186476,0.125754,0.141574,0.164527,0.236638,0.163986,0.171644,0.137249,0.200075,0.136319,0.149365,0.159988,0.23039,0.159531,0.167886
2112,1.075,1000180400,0.12757,0.187287,0.126373,0.142019,0.155958,0.224836,0.155612,0.164633,0.134773,0.196785,0.133795,0.147463,0.156795,0.225969,0.156447,0.16532
2112,1.125,1000180400,0.120071,0.177435,0.118603,0.136563,0.158724,0.228799,0.158131,0.166729,0.130701,0.191482,0.129528,0.144312,0.15296,0.220722,0.152667,0.162214
2112,1.175,1000180400,0.124707,0.183524,0.123411,0.139909,0.159193,0.229433,0.158603,0.167121,0.128823,0.188964,0.127639,0.142935,0.14812,0.214566,0.14738,0.157968
2112,1.225,1000180400,0.116695,0.173012,0.115082,0.134174,0.155785,0.2246,0.155439,0.164491,0.127084,0.186638,0.125879,0.141663,0.146527,0.212433,0.145767,0.156686
2112,1.275,1000180400,0.114693,0.170516,0.112952,0.132799,0.153695,0.221738,0.153383,0.162801,0.121839,0.179713,0.120482,0.137855,0.147451,0.21367,0.146703,0.15743
2112,1.325,1000180400,0.11617,0.172425,0.114439,0.133756,0.151421,0.218722,0.151032,0.160888,0.121784,0.179643,0.120424,0.137814,0.140713,0.204724,0.139803,0.15203
2112,1.375,1000180400,0.112331,0.167279,0.110536,0.131171,0.153614,0.221662,0.153353,0.162805,0.119481,0.176667,0.117983,0.136139,0.143572,0.208503,0.142748,0.154314
2112,1.425,1000180400,0.113959,0.169533,0.112124,0.132224,0.152938,0.220695,0.152646,0.162199,0.119683,0.17693,0.118195,0.136283,0.135214,0.197392,0.134219,0.147781
2112,1.475,1000180400,0.111917,0.166781,0.11006,0.130868,0.153077,0.220887,0.152781,0.162309,0.117257,0.173778,0.115641,0.134553,0.136566,0.199228,0.135556,0.148791
2112,1.525,1000180400,0.108334,0.162206,0.106187,0.128409,0.158586,0.228612,0.157992,0.166613,0.118835,0.175824,0.117306,0.135677,0.133674,0.195348,0.132648,0.146608
2112,1.575,1000180400,0.106755,0.159997,0.104659,0.127436,0.156637,0.225759,0.156289,0.165192,0.116148,0.172313,0.114492,0.133781,0.126819,0.186284,0.125609,0.141468
2112,1.625,1000180400,0.10192,0.153911,0.099312,0.124211,0.14928,0.216127,0.148551,0.158907,0.118921,0.175936,0.117396,0.135738,0.128405,0.188396,0.127223,0.142632
2112,1.675,1000180400,0.104084,0.156733,0.101618,0.125597,0.154399,0.222706,0.154072,0.163366,0.118068,0.174826,0.1165,0.135131,0.125956,0.185156,0.12471,0.140828
2112,1.725,1000180400,0.0988502,0.149984,0.0960246,0.122315,0.157577,0.227248,0.156978,0.165772,0.118962,0.17599,0.117439,0.135768,0.127252,0.186861,0.126049,0.141785
2112,1.775,1000180400,0.100674,0.152316,0.0979536,0.123411,0.152882,0.220618,0.152592,0.162155,0.115206,0.171152,0.113439,0.133089,0.124604,0.183387,0.123303,0.139831
2112,1.825,1000180400,0.0940353,0.14365,0.0908092,0.119333,0.160377,0.230926,0.15992,0.168214,0.119131,0.17621,0.117616,0.135888,0.124455,0.183193,0.123147,0.139721
2112,1.875,1000180400,0.0918881,0.140898,0.0884289,0.118041,0.158527,0.228533,0.157933,0.166564,0.122025,0.179824,0.120849,0.138109,0.12386,0.182421,0.12252,0.139281
2112,1.925,1000180400,0.0924417,0.141644,0.0891388,0.118475,0.159772,0.2301,0.159317,0.167709,0.118778,0.175749,0.117247,0.135636,0.120235,0.177647,0.118777,0.13668
2112,1.975,1000180400,0.0931722,0.142602,0.0899931,0.118963,0.163664,0.235462,0.163127,0.170916,0.121506,0.179284,0.120126,0.137607,0.126859,0.186338,0.12565,0.141498
2112,2.025,1000180400,0.0883374,0.136411,0.0845284,0.116046,0.161974,0.233099,0.161513,0.16955,0.12564,0.184739,0.124383,0.140594,0.123726,0.182248,0.122378,0.139183
2112,0.075,1000260560,0.236829,0.33647,0.236652,0.238557,0.429362,0.614186,0.425805,0.428889,1.38287,2.17517,1.29197,1.38287,1.80397,3.01956,1.62408,1.80571
2112,0.125,1000260560,0.177839,0.254743,0.177371,0.18322,0.344999,0.491446,0.343239,0.34489,0.830115,1.22191,0.809315,0.831138,0.959807,1.43277,0.926362,0.959436
2112,0.175,1000260560,0.15097,0.218211,0.150463,0.160432,0.305178,0.434145,0.303924,0.305243,0.573822,0.826358,0.568074,0.575459,0.653736,0.947418,0.644069,0.654923
2112,0.225,1000260560,0.142765,0.207198,0.14218,0.153856,0.286592,0.407418,0.285879,0.28721,0.454852,0.651164,0.451185,0.454853,0.55812,0.803106,0.55262,0.559415
2112,0.275,1000260560,0.132605,0.193912,0.131572,0.145808,0.273399,0.388642,0.27255,0.273882,0.383439,0.54704,0.381132,0.383333,0.480614,0.688746,0.476688,0.481018
2112,0.325,1000260560,0.126991,0.186514,0.125784,0.141595,0.254939,0.362018,0.254847,0.256389,0.331549,0.472029,0.330004,0.33151,0.429915,0.614738,0.426693,0.429787
2112,0.375,1000260560,0.123533,0.182,0.122175,0.139041,0.24347,0.346163,0.242925,0.244701,0.293395,0.416956,0.292693,0.293975,0.375712,0.535837,0.373529,0.375604
2112,0.425,1000260560,0.120968,0.178549,0.119599,0.137242,0.228613,0.325281,0.228071,0.230294,0.266183,0.378341,0.265431,0.266819,0.326954,0.465213,0.325741,0.3272
2112,0.475,1000260560,0.115241,0.171252,0.113568,0.133228,0.218706,0.310318,0.218244,0.220839,0.238649,0.338899,0.238694,0.240555,0.29629,0.420776,0.296008,0.29729
2112,0.525,1000260560,0.113854,0.169478,0.112168,0.132337,0.20743,0.295565,0.207003,0.210241,0.213966,0.304517,0.213752,0.216598,0.266307,0.378519,0.265548,0.266933
2112,0.575,1000260560,0.11384,0.169448,0.112131,0.132302,0.194498,0.277471,0.194293,0.198453,0.1969,0.280987,0.196533,0.200539,0.241816,0.343808,0.241221,0.243015
2112,0.625,1000260560,0.111648,0.166611,0.110184,0.131159,0.18148,0.259136,0.181833,0.187185,0.182727,0.261031,0.182877,0.188128,0.215566,0.306725,0.215352,0.218105
2112,0.675,1000260560,0.111556,0.16646,0.10996,0.130959,0.169548,0.243511,0.169141,0.176101,0.169447,0.243366,0.169033,0.176004,0.19851,0.283166,0.198109,0.201963
2112,0.725,1000260560,0.108253,0.162297,0.106775,0.12909,0.1642,0.236214,0.163691,0.171411,0.159942,0.230436,0.159645,0.168068,0.186186,0.266135,0.185811,0.190744
2112,0.775,1000260560,0.107716,0.161838,0.10653,0.129151,0.14935,0.21626,0.148682,0.159045,0.148577,0.215355,0.14812,0.158709,0.174575,0.250148,0.174272,0.180499
2112,0.825,1000260560,0.101993,0.154057,0.100468,0.125292,0.149118,0.21595,0.148452,0.158862,0.14489,0.210416,0.144371,0.155731,0.16617,0.23881,0.165701,0.173097
2112,0.875,1000260560,0.102911,0.155772,0.101469,0.126135,0.143314,0.208201,0.142549,0.154194,0.136377,0.199212,0.135774,0.149173,0.156261,0.225244,0.155913,0.164878
2112,0.925,1000260560,0.098069,0.149489,0.0962267,0.123034,0.135881,0.198148,0.135197,0.148556,0.130846,0.191851,0.13027,0.145109,0.149298,0.216147,0.148569,0.158918
2112,0.975,1000260560,0.102673,0.155881,0.102043,0.126957,0.129608,0.190048,0.128496,0.143591,0.125416,0.184709,0.124647,0.141046,0.142327,0.206807,0.141519,0.153352
2112,1.025,1000260560,0.0959211,0.146766,0.0940086,0.121837,0.129304,0.189724,0.12832,0.143536,0.12052,0.17837,0.119787,0.137749,0.135456,0.197718,0.134457,0.147959
2112,1.075,1000260560,0.0908099,0.140312,0.0889557,0.119332,0.130774,0.191592,0.129643,0.144415,0.117106,0.173929,0.116156,0.135264,0.127849,0.187655,0.126655,0.142219
2112,1.125,1000260560,0.0927545,0.142898,0.091221,0.120639,0.122242,0.180118,0.121183,0.13838,0.11082,0.165833,0.109853,0.131256,0.123633,0.182124,0.12228,0.139111
2112,1.175,1000260560,0.0892959,0.138912,0.0872659,0.118704,0.118923,0.175957,0.117432,0.135781,0.108089,0.162101,0.107285,0.129648,0.122042,0.179969,0.120699,0.138002
2112,1.225,1000260560,0.0885466,0.138438,0.0867813,0.118725,0.117038,0.173638,0.115689,0.134736,0.10719,0.161159,0.10589,0.128724,0.118099,0.174864,0.116533,0.135151
2112,1.275,1000260560,0.0816158,0.128408,0.0789925,0.114387,0.11898,0.176072,0.117567,0.135914,0.102723,0.155455,0.101122,0.125843,0.112226,0.167147,0.110417,0.131092
2112,1.325,1000260560,0.0847837,0.132852,0.0830043,0.116696,0.117832,0.174636,0.116472,0.135232,0.102882,0.155841,0.101649,0.126364,0.112246,0.167173,0.110441,0.131108
2112,1.375,1000260560,0.0795873,0.125967,0.0771832,0.113823,0.115758,0.171874,0.114238,0.133691,0.0994907,0.151132,0.0983841,0.124413,0.107532,0.161335,0.105175,0.127797
2112,1.425,1000260560,0.0793513,0.125774,0.0771109,0.113926,0.115364,0.171528,0.1139,0.133563,0.0999764,0.152232,0.098875,0.124907,0.10342,0.155529,0.101223,0.125309
2112,1.475,1000260560,0.0782031,0.124224,0.0755068,0.113039,0.116903,0.17348,0.115576,0.134678,0.0993293,0.150979,0.0980656,0.124202,0.100999,0.152376,0.0986323,0.123757
2112,1.525,1000260560,0.076857,0.123287,0.0753656,0.113979,0.114239,0.170119,0.112842,0.132928,0.0978456,0.149437,0.0970163,0.123964,0.0990552,0.150241,0.0962345,0.122427
2112,1.575,1000260560,0.0758046,0.121489,0.0731947,0.112388,0.115118,0.171208,0.113654,0.133403,0.0954749,0.146699,0.0945766,0.122775,0.0960001,0.14621,0.0929374,0.120519
2112,1.625,1000260560,0.0699723,0.114271,0.0672056,0.110429,0.115452,0.171631,0.114207,0.13383,0.0956528,0.146904,0.0947176,0.122824,0.094785,0.144622,0.0916262,0.119784
2112,1.675,1000260560,0.0670029,0.110244,0.0635999,0.108914,0.111686,0.166706,0.110366,0.131343,0.0946592,0.14552,0.0934336,0.121984,0.0947422,0.144584,0.0916139,0.119797
2112,1.725,1000260560,0.0698124,0.114039,0.0670192,0.110343,0.117317,0.174022,0.11603,0.134989,0.0952593,0.146316,0.0941284,0.122397,0.0918685,0.141249,0.0881341,0.117967
2112,1.775,1000260560,0.0693917,0.113966,0.0676313,0.111344,0.119606,0.177036,0.118509,0.13671,0.0944803,0.145448,0.0935703,0.122256,0.0893702,0.137455,0.0858546,0.116656
2112,1.825,1000260560,0.0687782,0.112829,0.0660368,0.110144,0.115631,0.171859,0.114365,0.133923,0.0945378,0.145607,0.0938098,0.122494,0.0896261,0.137881,0.0860605,0.116783
2112,1.875,1000260560,0.0650165,0.10812,0.0621154,0.109059,0.120483,0.178102,0.119304,0.137183,0.096512,0.148129,0.096246,0.12396,0.0887124,0.136773,0.0849817,0.116232
2112,1.925,1000260560,0.0608606,0.102868,0.0575169,0.107834,0.122369,0.18046,0.121887,0.139125,0.0965598,0.148212,0.0963944,0.12409,0.0877107,0.135538,0.0838162,0.115642
2112,1.975,1000260560,0.0591026,0.100242,0.0545135,0.106295,0.120335,0.178144,0.119614,0.137643,0.0977733,0.149669,0.0976409,0.124729,0.0825093,0.128578,0.0782138,0.112826
2112,2.025,1000260560,0.0604104,0.102339,0.0571277,0.107829,0.116912,0.173563,0.115727,0.134854,0.0964463,0.148108,0.0963555,0.124118,0.0827683,0.128949,0.0783659,0.112866
2212,0.075,1000060120,0.29403,0.47596,0.266918,0.443192,0.56293,0.839373,0.552305,0.616916,1.08454,1.64358,1.03903,1.09018,1.0429,1.5751,1.00052,1.04799
2212,0.125,1000060120,0.240532,0.403808,0.201976,0.419259,0.472558,0.715377,0.462382,0.551674,0.617009,0.915073,0.607538,0.661964,0.910466,1.35981,0.881806,0.921761
2212,0.175,1000060120,0.226192,0.386186,0.184424,0.415589,0.472586,0.715801,0.463063,0.55251,0.461494,0.701959,0.45381,0.547495,0.779825,1.15602,0.761135,0.800735
2212,0.225,1000060120,0.213473,0.368852,0.169456,0.412299,0.472122,0.715065,0.46241,0.551965,0.404391,0.625318,0.397409,0.513157,0.726114,1.07446,0.711902,0.754215
2212,0.275,1000060120,0.211151,0.366332,0.166498,0.412095,0.470707,0.713081,0.460865,0.550862,0.368932,0.580837,0.362637,0.496006,0.650487,0.964835,0.638875,0.689002
2212,0.325,1000060120,0.219229,0.37771,0.179648,0.416878,0.471917,0.714665,0.461996,0.551567,0.34432,0.549576,0.338809,0.485508,0.615411,0.914994,0.605537,0.661031
2212,0.375,1000060120,0.210662,0.364607,0.167306,0.413441,0.461994,0.700908,0.451348,0.544144,0.317775,0.514086,0.312098,0.473687,0.567258,0.848137,0.560402,0.625464
2212,0.425,1000060120,0.21185,0.368128,0.169569,0.414462,0.451497,0.686594,0.442497,0.538894,0.299277,0.491597,0.292709,0.466975,0.51975,0.781442,0.512208,0.588172
2212,0.475,1000060120,0.210753,0.365096,0.168188,0.414262,0.447591,0.682245,0.43793,0.536169,0.280054,0.466949,0.272602,0.460284,0.492267,0.745179,0.487333,0.571741
2212,0.525,1000060120,0.220399,0.379441,0.182313,0.418208,0.42457,0.65141,0.414315,0.521442,0.257801,0.437131,0.248743,0.452611,0.445051,0.682313,0.441703,0.542289
2212,0.575,1000060120,0.218105,0.376918,0.179969,0.418311,0.412663,0.63608,0.403201,0.515449,0.24584,0.422671,0.236641,0.450765,0.416919,0.644877,0.413166,0.524805
2212,0.625,1000060120,0.224488,0.384569,0.187381,0.419187,0.390261,0.6063,0.37964,0.501835,0.225379,0.396892,0.216281,0.448511,0.375921,0.589552,0.369153,0.498879
2212,0.675,1000060120,0.222111,0.382018,0.185432,0.419639,0.376953,0.588496,0.36535,0.493825,0.224422,0.396413,0.216509,0.449911,0.357155,0.565789,0.350871,0.490464
2212,0.725,1000060120,0.240653,0.408534,0.209894,0.428135,0.356102,0.560444,0.34204,0.481028,0.212831,0.379663,0.201985,0.445573,0.337795,0.541565,0.332963,0.483482
2212,0.775,1000060120,0.230832,0.394244,0.199274,0.425027,0.348503,0.550858,0.334599,0.477828,0.203165,0.366945,0.19034,0.443762,0.326546,0.526438,0.320216,0.477151
2212,0.825,1000060120,0.244692,0.413998,0.21655,0.430956,0.34545,0.547253,0.332116,0.477143,0.200255,0.364011,0.187133,0.44426,0.314941,0.512488,0.313573,0.477486
2212,0.875,1000060120,0.245752,0.414731,0.21622,0.429668,0.330546,0.526842,0.314227,0.467603,0.198338,0.361975,0.187101,0.446144,0.305671,0.500078,0.298378,0.468709
2212,0.925,1000060120,0.239393,0.407185,0.209945,0.429111,0.346251,0.548704,0.333816,0.478501,0.193852,0.355351,0.181597,0.444956,0.290864,0.476719,0.285078,0.46415
2212,0.975,1000060120,0.241816,0.409385,0.209601,0.426795,0.336098,0.535055,0.322296,0.472631,0.196212,0.359185,0.185645,0.44674,0.272228,0.4551,0.25895,0.452264
2212,1.025,1000060120,0.251792,0.422134,0.223051,0.431159,0.3222,0.516514,0.306355,0.464899,0.195624,0.359014,0.186867,0.448659,0.288539,0.477573,0.280697,0.462302
2212,1.075,1000060120,0.249805,0.420198,0.222263,0.432094,0.348899,0.551118,0.33449,0.477435,0.195004,0.358365,0.186822,0.449271,0.275959,0.461636,0.268554,0.459151
2212,1.125,1000060120,0.250492,0.421424,0.223967,0.433228,0.3372,0.536554,0.323418,0.473156,0.194433,0.357069,0.18481,0.447737,0.303121,0.49797,0.298406,0.470691
2212,1.175,1000060120,0.256181,0.428967,0.230425,0.435119,0.330945,0.528372,0.316814,0.470182,0.190561,0.35265,0.179246,0.44724,0.285073,0.474497,0.281081,0.465308
2212,1.225,1000060120,0.260117,0.433677,0.232981,0.434687,0.333842,0.534271,0.324439,0.476627,0.194347,0.356061,0.182181,0.445046,0.287154,0.477809,0.283823,0.466876
2212,1.275,1000060120,0.257934,0.431222,0.231956,0.435325,0.33334,0.532705,0.321964,0.474214,0.20013,0.36677,0.195631,0.453315,0.314839,0.513112,0.315237,0.479415
2212,1.325,1000060120,0.249105,0.419121,0.220926,0.431359,0.32578,0.521334,0.310572,0.466967,0.193579,0.355995,0.184303,0.448091,0.312442,0.508855,0.30963,0.475054
2212,1.375,1000060120,0.255225,0.427513,0.229027,0.434432,0.344233,0.546546,0.332648,0.478586,0.20354,0.37228,0.201387,0.455936,0.297122,0.490805,0.294983,0.471176
2212,1.425,1000060120,0.273512,0.453218,0.251885,0.443718,0.33526,0.533587,0.320597,0.471331,0.201565,0.369661,0.199419,0.45595,0.297195,0.493684,0.299934,0.477035
2212,1.475,1000060120,0.265972,0.442301,0.242069,0.439257,0.338121,0.538336,0.325624,0.474975,0.192438,0.357347,0.187782,0.454123,0.298506,0.493258,0.296353,0.472018
2212,1.525,1000060120,0.261933,0.436222,0.234752,0.435195,0.359256,0.566902,0.349754,0.487754,0.199522,0.366635,0.197126,0.455528,0.292324,0.484987,0.290559,0.47014
2212,1.575,1000060120,0.263891,0.440068,0.240722,0.439612,0.354146,0.559507,0.343267,0.483748,0.208011,0.377652,0.207731,0.45707,0.28256,0.473507,0.282814,0.469515
2212,1.625,1000060120,0.260284,0.435196,0.235735,0.437557,0.36209,0.570637,0.352795,0.489315,0.205257,0.373922,0.203918,0.456102,0.309412,0.507216,0.311414,0.479407
2212,1.675,1000060120,0.277691,0.458393,0.255729,0.444459,0.354735,0.559547,0.3424,0.482364,0.20427,0.373842,0.20595,0.45948,0.299656,0.494126,0.296121,0.470868
2212,1.725,1000060120,0.267469,0.443562,0.242189,0.438132,0.371144,0.582113,0.361712,0.493459,0.210374,0.382067,0.21379,0.461125,0.331532,0.53856,0.337259,0.492987
2212,1.775,1000060120,0.264411,0.44029,0.240224,0.438657,0.370611,0.58305,0.364411,0.496938,0.216366,0.389667,0.216552,0.45857,0.290618,0.482772,0.288638,0.4694
2212,1.825,1000060120,0.25722,0.430375,0.231502,0.435417,0.373763,0.586684,0.366685,0.49748,0.222257,0.398243,0.226741,0.463127,0.306171,0.505515,0.313513,0.484343
2212,1.875,1000060120,0.269128,0.446018,0.244913,0.439581,0.375885,0.590288,0.371191,0.501148,0.219109,0.393319,0.220329,0.459626,0.313254,0.510327,0.311597,0.476603
2212,1.925,1000060120,0.27152,0.449486,0.246545,0.439834,0.354653,0.559551,0.342541,0.482579,0.235938,0.416102,0.245391,0.468813,0.280739,0.468779,0.274983,0.462469
2212,1.975,1000060120,0.273735,0.452871,0.250567,0.442167,0.37086,0.581915,0.361763,0.493707,0.229122,0.406718,0.236248,0.465634,0.301547,0.497583,0.300514,0.474254
2212,2.025,1000060120,0.274917,0.454912,0.25314,0.443904,0.364808,0.573442,0.354136,0.489023,0.236907,0.416863,0.245246,0.467667,0.317393,0.518533,0.319157,0.482782
2212,0.075,1000080160,0.242257,0.378215,0.229593,0.325807,0.549081,0.797623,0.541934,0.56098,1.14059,1.73855,1.08638,1.14018,1.6083,2.61303,1.47357,1.60901
2212,0.125,1000080160,0.214532,0.34181,0.198137,0.311037,0.474122,0.690346,0.469346,0.495095,0.77913,1.14379,0.760581,0.780785,1.11547,1.69507,1.06454,1.11514
2212,0.175,1000080160,0.188888,0.308153,0.167434,0.298537,0.456145,0.665619,0.451119,0.479403,0.584103,0.84871,0.575941,0.593456,0.920095,1.36752,0.891189,0.921119
2212,0.225,1000080160,0.191813,0.310957,0.171078,0.300143,0.446782,0.652382,0.441874,0.471499,0.497846,0.72474,0.492824,0.516255,0.799184,1.17515,0.779246,0.800522
2212,0.275,1000080160,0.186557,0.305519,0.165445,0.298414,0.438551,0.640267,0.434661,0.465455,0.439338,0.642911,0.436218,0.46757,0.733819,1.07311,0.718786,0.73698
2212,0.325,1000080160,0.177637,0.293409,0.154903,0.29466,0.425237,0.622963,0.420211,0.453624,0.406213,0.597782,0.403431,0.441138,0.676532,0.975667,0.664284,0.677635
2212,0.375,1000080160,0.180614,0.298213,0.158635,0.296514,0.436978,0.63847,0.432672,0.463828,0.380633,0.563804,0.378793,0.422703,0.632255,0.918985,0.622935,0.639382
2212,0.425,1000080160,0.192103,0.313233,0.173117,0.3019,0.411493,0.603564,0.407543,0.4435,0.348763,0.519616,0.348337,0.400423,0.558655,0.811779,0.551615,0.570321
2212,0.475,1000080160,0.190894,0.310243,0.17144,0.301243,0.397263,0.584632,0.392813,0.431949,0.317621,0.48015,0.31587,0.378998,0.522058,0.758701,0.515702,0.536606
2212,0.525,1000080160,0.189687,0.308993,0.170032,0.300583,0.376351,0.556337,0.371892,0.416054,0.29582,0.451627,0.294162,0.365715,0.454762,0.659496,0.450814,0.478008
2212,0.575,1000080160,0.187031,0.30646,0.166985,0.299563,0.35291,0.52495,0.348097,0.398756,0.270538,0.41896,0.267955,0.350758,0.421645,0.616954,0.419429,0.453372
2212,0.625,1000080160,0.193363,0.314713,0.175273,0.302876,0.330597,0.494683,0.325311,0.382798,0.260032,0.40562,0.257468,0.345474,0.369979,0.547425,0.367248,0.413018
2212,0.675,1000080160,0.19337,0.314707,0.175213,0.302816,0.312742,0.471043,0.306354,0.370202,0.248951,0.390866,0.244918,0.338519,0.365395,0.541866,0.362467,0.409708
2212,0.725,1000080160,0.198506,0.321243,0.181145,0.304925,0.301556,0.456409,0.295739,0.363917,0.234993,0.372462,0.231181,0.332182,0.339055,0.506461,0.335563,0.390507
2212,0.775,1000080160,0.196715,0.319772,0.179864,0.305276,0.293468,0.445947,0.286433,0.358026,0.226628,0.36171,0.222524,0.328417,0.305989,0.462938,0.302202,0.368882
2212,0.825,1000080160,0.200879,0.323864,0.184072,0.306281,0.28373,0.432628,0.277112,0.352571,0.221993,0.356708,0.218499,0.327614,0.298382,0.45357,0.29382,0.36381
2212,0.875,1000080160,0.20137,0.324645,0.185412,0.307622,0.283982,0.433111,0.277657,0.353058,0.219987,0.35393,0.214754,0.325228,0.301485,0.457796,0.297364,0.366165
2212,0.925,1000080160,0.207084,0.333566,0.19203,0.310275,0.274198,0.420977,0.266492,0.346683,0.217914,0.352043,0.214266,0.32623,0.292934,0.446272,0.287634,0.359822
2212,0.975,1000080160,0.202262,0.326854,0.185901,0.307348,0.269499,0.414762,0.261115,0.343518,0.207517,0.337823,0.202685,0.321002,0.267011,0.413011,0.261456,0.345507
2212,1.025,1000080160,0.207279,0.3336,0.191735,0.309821,0.27704,0.425041,0.270063,0.349063,0.202745,0.332431,0.198689,0.320498,0.26228,0.40655,0.255805,0.342081
2212,1.075,1000080160,0.214906,0.343263,0.201202,0.31392,0.2678,0.41268,0.259566,0.342826,0.202817,0.332684,0.199215,0.320997,0.255758,0.397677,0.24988,0.339153
2212,1.125,1000080160,0.201347,0.326096,0.185981,0.308101,0.27137,0.417435,0.264283,0.345805,0.212137,0.345306,0.209678,0.325515,0.272827,0.42036,0.267181,0.348394
2212,1.175,1000080160,0.209164,0.336126,0.194155,0.310955,0.276866,0.424605,0.269481,0.348495,0.210071,0.343166,0.20865,0.325966,0.268862,0.415231,0.263719,0.346765
2212,1.225,1000080160,0.209709,0.337034,0.195295,0.311744,0.265612,0.410062,0.257693,0.342085,0.207714,0.339016,0.205345,0.323698,0.263338,0.408684,0.258469,0.34445
2212,1.275,1000080160,0.20293,0.327768,0.187842,0.308619,0.263258,0.405862,0.25524,0.340236,0.200231,0.329908,0.197484,0.321214,0.25881,0.40224,0.254812,0.34267
2212,1.325,1000080160,0.226801,0.359534,0.215146,0.320725,0.272757,0.419083,0.265295,0.346127,0.208021,0.340448,0.206246,0.324906,0.261087,0.404013,0.254857,0.341217
2212,1.375,1000080160,0.209345,0.336562,0.194861,0.311559,0.273877,0.421196,0.26723,0.347785,0.200973,0.330895,0.198496,0.321697,0.275113,0.423396,0.269736,0.349903
2212,1.425,1000080160,0.223142,0.355172,0.211994,0.319885,0.280449,0.429319,0.273279,0.35068,0.211327,0.345032,0.21053,0.327091,0.26581,0.412457,0.26289,0.347785
2212,1.475,1000080160,0.212565,0.340459,0.198734,0.313086,0.272202,0.418548,0.26509,0.34624,0.206126,0.336624,0.202511,0.321897,0.276459,0.425916,0.275002,0.354653
2212,1.525,1000080160,0.222804,0.354116,0.210315,0.31829,0.287527,0.438711,0.281561,0.355849,0.207673,0.340501,0.207054,0.326065,0.270423,0.418464,0.26718,0.34992
2212,1.575,1000080160,0.220428,0.350259,0.208114,0.317085,0.267907,0.413069,0.26018,0.343462,0.211049,0.345826,0.212817,0.329869,0.262903,0.408252,0.258281,0.344517
2212,1.625,1000080160,0.21267,0.341086,0.200189,0.314512,0.285593,0.436139,0.279449,0.354563,0.210082,0.343919,0.210341,0.32784,0.271355,0.42024,0.269216,0.351711
2212,1.675,1000080160,0.208489,0.335657,0.194342,0.311651,0.294065,0.447845,0.289316,0.361049,0.217339,0.352967,0.21775,0.330456,0.273368,0.421783,0.269207,0.3504
2212,1.725,1000080160,0.215838,0.344798,0.203342,0.315448,0.291834,0.443988,0.285451,0.357774,0.220328,0.35675,0.221532,0.332261,0.289654,0.444217,0.289363,0.363714
2212,1.775,1000080160,0.201203,0.324342,0.184845,0.307024,0.295171,0.448196,0.289766,0.360577,0.224994,0.362578,0.225134,0.333072,0.28812,0.441339,0.285351,0.360061
2212,1.825,1000080160,0.216847,0.345682,0.203545,0.314925,0.294545,0.448513,0.28976,0.361314,0.236032,0.378511,0.24156,0.343477,0.286757,0.439931,0.284776,0.360201
2212,1.875,1000080160,0.202869,0.32772,0.187852,0.308674,0.297305,0.451957,0.292508,0.362853,0.22825,0.367495,0.231234,0.337321,0.27112,0.419099,0.267293,0.349618
2212,1.925,1000080160,0.21318,0.341051,0.198991,0.312901,0.298909,0.453954,0.293721,0.363387,0.225228,0.363156,0.228018,0.335665,0.287962,0.442605,0.287831,0.363166
2212,1.975,1000080160,0.220418,0.350089,0.207709,0.316666,0.275584,0.423093,0.268387,0.348046,0.23595,0.378063,0.240919,0.342751,0.287509,0.441846,0.287376,0.362824
2212,2.025,1000080160,0.2144,0.343148,0.201997,0.315109,0.290006,0.441476,0.284171,0.357179,0.225342,0.363172,0.227952,0.335479,0.295518,0.450662,0.292727,0.364187
2212,0.075,1000180400,0.236325,0.336079,0.235726,0.237665,0.427928,0.611986,0.424547,0.427601,1.34672,2.10646,1.26338,1.34795,1.85748,3.14213,1.65936,1.85586
2212,0.125,1000180400,0.182825,0.26113,0.18292,0.188136,0.353642,0.50415,0.351455,0.353215,0.805234,1.18299,0.785655,0.805646,1.02586,1.54252,0.985594,1.02552
2212,0.175,1000180400,0.16357,0.235328,0.163034,0.170834,0.327533,0.466048,0.326317,0.327784,0.560957,0.807255,0.555484,0.562387,0.771516,1.13034,0.753778,0.771436
2212,0.225,1000180400,0.152316,0.219834,0.152043,0.161706,0.31063,0.441586,0.309848,0.311192,0.457426,0.65497,0.45366,0.457393,0.618034,0.893935,0.60911,0.618316
2212,0.275,1000180400,0.14483,0.210174,0.144037,0.155324,0.29868,0.424753,0.297604,0.298899,0.394112,0.562549,0.391612,0.393999,0.559694,0.805403,0.554217,0.561073
2212,0.325,1000180400,0.142309,0.206791,0.141495,0.153336,0.295615,0.419788,0.295373,0.296657,0.34795,0.495606,0.346289,0.347976,0.492965,0.706554,0.489264,0.493944
2212,0.375,1000180400,0.14313,0.207942,0.142269,0.153943,0.276026,0.392388,0.27515,0.276468,0.311378,0.442604,0.310667,0.312015,0.440115,0.629257,0.437218,0.440539
2212,0.425,1000180400,0.140823,0.204545,0.140277,0.152376,0.269304,0.382797,0.268507,0.269869,0.279301,0.396751,0.278821,0.280119,0.375974,0.535404,0.374922,0.377005
2212,0.475,1000180400,0.141146,0.205099,0.140469,0.152533,0.251095,0.356783,0.25065,0.252242,0.253699,0.360601,0.253061,0.254612,0.338631,0.482202,0.337037,0.338615
2212,0.525,1000180400,0.138196,0.201375,0.137242,0.15007,0.241686,0.343629,0.241091,0.242892,0.231368,0.329002,0.230938,0.233036,0.305599,0.434625,0.304511,0.30583
2212,0.575,1000180400,0.135279,0.197486,0.13428,0.14783,0.22679,0.322605,0.226331,0.228596,0.20789,0.2962,0.20747,0.210679,0.27223,0.386975,0.271387,0.272726
2212,0.625,1000180400,0.134226,0.19609,0.133203,0.147024,0.209513,0.298446,0.209108,0.212217,0.194549,0.277552,0.194329,0.198487,0.244527,0.347609,0.243955,0.245683
2212,0.675,1000180400,0.133496,0.19511,0.13247,0.146477,0.193703,0.276414,0.193439,0.19767,0.181794,0.259584,0.182066,0.187377,0.2242,0.318525,0.224341,0.226677
2212,0.725,1000180400,0.129737,0.190182,0.128564,0.143607,0.185217,0.264716,0.184954,0.189975,0.17246,0.247429,0.171953,0.178486,0.21168,0.301456,0.211278,0.214257
2212,0.775,1000180400,0.128801,0.188935,0.127617,0.14292,0.180591,0.258202,0.180522,0.186007,0.164672,0.236837,0.164132,0.171769,0.198683,0.283272,0.198453,0.202279
2212,0.825,1000180400,0.130901,0.191635,0.12985,0.144539,0.173416,0.248368,0.173356,0.179696,0.157166,0.226476,0.156819,0.165631,0.19281,0.27529,0.192402,0.196722
2212,0.875,1000180400,0.128708,0.18874,0.127593,0.142894,0.164717,0.236898,0.164177,0.171806,0.147774,0.214106,0.14703,0.157692,0.179335,0.256681,0.17901,0.184668
2212,0.925,1000180400,0.126465,0.185817,0.125247,0.141211,0.156229,0.225204,0.155881,0.164855,0.144755,0.210076,0.14396,0.155264,0.176865,0.251165,0.176409,0.182136
2212,0.975,1000180400,0.126686,0.18611,0.125473,0.141372,0.156586,0.225688,0.156237,0.165149,0.140457,0.204387,0.139542,0.151831,0.17059,0.244881,0.170068,0.17685
2212,1.025,1000180400,0.123534,0.182002,0.122176,0.139042,0.151693,0.219252,0.151122,0.160972,0.136015,0.198499,0.134994,0.148369,0.161221,0.23207,0.16076,0.168915
2212,1.075,1000180400,0.119397,0.176559,0.117896,0.13608,0.154973,0.223522,0.154681,0.163891,0.133755,0.195459,0.13273,0.146671,0.156469,0.225525,0.15612,0.165049
2212,1.125,1000180400,0.122878,0.180841,0.1218,0.138752,0.150166,0.217227,0.149548,0.159702,0.126924,0.186425,0.125716,0.141546,0.155989,0.224874,0.155642,0.164655
2212,1.175,1000180400,0.116159,0.17241,0.114427,0.133748,0.144367,0.209559,0.143562,0.154952,0.126119,0.185359,0.124891,0.140956,0.146113,0.21188,0.145345,0.156353
2212,1.225,1000180400,0.119671,0.176916,0.118183,0.136276,0.148645,0.215274,0.14791,0.158394,0.125524,0.184599,0.124278,0.14053,0.149692,0.216679,0.148967,0.159239
2212,1.275,1000180400,0.113308,0.168715,0.111409,0.131759,0.147244,0.213426,0.146544,0.157331,0.121765,0.179618,0.120403,0.1378,0.145369,0.210889,0.144587,0.155755
2212,1.325,1000180400,0.119103,0.176176,0.117587,0.13587,0.146689,0.212654,0.145931,0.156819,0.119575,0.17679,0.118082,0.136206,0.138275,0.201477,0.137322,0.150128
2212,1.375,1000180400,0.111655,0.16647,0.109757,0.130676,0.147398,0.213601,0.146649,0.157389,0.11953,0.176731,0.118034,0.136174,0.134538,0.196435,0.133592,0.147306
2212,1.425,1000180400,0.10989,0.164265,0.107804,0.129436,0.147891,0.214262,0.147148,0.157786,0.118483,0.175366,0.116938,0.135427,0.136965,0.199751,0.13597,0.149103
2212,1.475,1000180400,0.112187,0.167105,0.110373,0.131067,0.144789,0.21012,0.143994,0.155291,0.118194,0.17499,0.116633,0.135221,0.134747,0.196744,0.133771,0.147444
2212,1.525,1000180400,0.105546,0.158652,0.103231,0.126608,0.144302,0.209474,0.143496,0.154901,0.117264,0.173787,0.115649,0.134558,0.135838,0.198259,0.134815,0.148232
2212,1.575,1000180400,0.103905,0.156526,0.101475,0.125538,0.142965,0.207723,0.142101,0.153812,0.118907,0.175918,0.117382,0.135728,0.128947,0.189129,0.127763,0.143023
2212,1.625,1000180400,0.0996564,0.150877,0.0969666,0.122816,0.144683,0.209979,0.143886,0.155206,0.112539,0.167208,0.111087,0.13149,0.127984,0.187837,0.126792,0.142319
2212,1.675,1000180400,0.100907,0.152303,0.0985612,0.123747,0.147043,0.213126,0.14629,0.157104,0.117298,0.17383,0.115684,0.134582,0.125594,0.184681,0.124336,0.140562
2212,1.725,1000180400,0.102632,0.154871,0.100183,0.124783,0.146356,0.212208,0.145593,0.156551,0.119332,0.176483,0.117849,0.136058,0.128394,0.188382,0.127213,0.142625
2212,1.775,1000180400,0.0968846,0.147397,0.0939295,0.121109,0.147252,0.213406,0.146502,0.157272,0.119209,0.176311,0.117698,0.135943,0.128994,0.189119,0.127883,0.143103
2212,1.825,1000180400,0.0946446,0.144485,0.091559,0.119799,0.149654,0.21663,0.148929,0.15921,0.114763,0.170589,0.112995,0.132808,0.123197,0.181222,0.122171,0.139007
2212,1.875,1000180400,0.0972997,0.147981,0.0943431,0.121353,0.146168,0.211957,0.145402,0.1564,0.117108,0.173584,0.115482,0.134445,0.124611,0.183396,0.12331,0.139836
2212,1.925,1000180400,0.0933954,0.142845,0.0901491,0.118996,0.152478,0.220104,0.152261,0.16192,0.115946,0.17214,0.114231,0.13363,0.124911,0.183787,0.123624,0.140058
2212,1.975,1000180400,0.0886776,0.136722,0.084896,0.116168,0.149854,0.216899,0.149131,0.159372,0.121052,0.178654,0.11969,0.137302,0.120262,0.177682,0.118805,0.1367
2212,2.025,1000180400,0.0897648,0.13811,0.086179,0.116857,0.147433,0.213649,0.146685,0.157417,0.121735,0.179578,0.120371,0.137777,0.124301,0.182993,0.122984,0.139607
2212,0.075,1000260560,0.24112,0.342819,0.240526,0.242331,0.389309,0.555568,0.386899,0.389202,1.3935,2.19484,1.30099,1.39376,1.71387,2.83237,1.55313,1.71304
2212,0.125,1000260560,0.180064,0.257689,0.179722,0.185295,0.33219,0.472984,0.330708,0.33225,0.795957,1.16891,0.776332,0.795662,0.930206,1.38227,0.90194,0.932157
2212,0.175,1000260560,0.154417,0.222725,0.154089,0.163376,0.301332,0.428263,0.300631,0.301931,0.552213,0.795087,0.545847,0.55243,0.679187,0.9872,0.667082,0.679242
2212,0.225,1000260560,0.141198,0.205184,0.1405,0.152556,0.275484,0.391617,0.274613,0.275934,0.429512,0.614159,0.426289,0.429375,0.568263,0.819393,0.560889,0.568057
2212,0.275,1000260560,0.134033,0.195831,0.133009,0.146878,0.265499,0.377339,0.264794,0.266189,0.368305,0.524926,0.366488,0.36845,0.489637,0.701729,0.485904,0.490486
2212,0.325,1000260560,0.131039,0.191818,0.12999,0.144641,0.25252,0.358944,0.251872,0.253444,0.324721,0.462087,0.323417,0.324859,0.436634,0.624327,0.433586,0.436827
2212,0.375,1000260560,0.12468,0.183488,0.123382,0.139888,0.237366,0.337191,0.237253,0.239149,0.291723,0.414575,0.291021,0.292302,0.388766,0.555376,0.385545,0.387839
2212,0.425,1000260560,0.123541,0.182011,0.122184,0.139047,0.224701,0.319377,0.224647,0.226975,0.258436,0.367103,0.25806,0.259532,0.339874,0.484019,0.338226,0.339816
2212,0.475,1000260560,0.11944,0.176633,0.117973,0.13615,0.219198,0.311508,0.219447,0.222018,0.233703,0.332011,0.233661,0.235671,0.295262,0.419873,0.294196,0.295481
2212,0.525,1000260560,0.112463,0.16753,0.110886,0.131501,0.207039,0.295028,0.206605,0.209869,0.212561,0.302803,0.212105,0.215068,0.266662,0.37904,0.265877,0.267259
2212,0.575,1000260560,0.115187,0.171234,0.113607,0.133307,0.185685,0.265435,0.185393,0.190388,0.193376,0.27605,0.193088,0.197375,0.237308,0.337111,0.237188,0.239083
2212,0.625,1000260560,0.111739,0.166806,0.110509,0.131478,0.175329,0.251124,0.175158,0.181292,0.179697,0.257259,0.179464,0.185126,0.218277,0.310705,0.217808,0.220444
2212,0.675,1000260560,0.112209,0.166923,0.111047,0.131627,0.161985,0.233114,0.161523,0.16956,0.169429,0.243371,0.169059,0.17605,0.195877,0.279579,0.195405,0.199475
2212,0.725,1000260560,0.109386,0.164007,0.108045,0.130021,0.152637,0.22028,0.152354,0.161961,0.159812,0.230232,0.159474,0.167903,0.185315,0.264857,0.185038,0.190047
2212,0.775,1000260560,0.104316,0.15745,0.102688,0.126712,0.143304,0.208293,0.142718,0.154421,0.151585,0.219194,0.151133,0.161049,0.175594,0.251499,0.17535,0.181446
2212,0.825,1000260560,0.105715,0.15936,0.104424,0.127901,0.136759,0.199485,0.135755,0.148942,0.142704,0.207585,0.142189,0.154068,0.164868,0.237098,0.164327,0.17193
2212,0.875,1000260560,0.0990349,0.150727,0.0977357,0.124065,0.130194,0.190833,0.12913,0.144068,0.134123,0.196161,0.133442,0.14739,0.154526,0.222876,0.154196,0.163465
2212,0.925,1000260560,0.0979622,0.149455,0.0963224,0.123212,0.12865,0.18879,0.127558,0.142928,0.131111,0.192181,0.130499,0.145257,0.146432,0.212304,0.145669,0.156608
2212,0.975,1000260560,0.0971863,0.148658,0.0961839,0.123478,0.123645,0.182179,0.12236,0.139205,0.125285,0.184503,0.124419,0.140842,0.141058,0.204946,0.140412,0.152483
2212,1.025,1000260560,0.0940847,0.144589,0.0925589,0.121319,0.121511,0.179292,0.120131,0.137612,0.119872,0.177572,0.119167,0.137362,0.134445,0.196378,0.133425,0.147186
2212,1.075,1000260560,0.0931657,0.143209,0.0912248,0.120373,0.114927,0.170841,0.113247,0.133016,0.117562,0.174596,0.11678,0.135762,0.132405,0.193641,0.13137,0.145656
2212,1.125,1000260560,0.0892422,0.138471,0.0875731,0.118818,0.111624,0.166444,0.109758,0.130693,0.114277,0.170394,0.113307,0.133469,0.126821,0.186285,0.125611,0.141468
2212,1.175,1000260560,0.0890915,0.138034,0.0872465,0.118467,0.116447,0.172838,0.11499,0.134229,0.109377,0.164095,0.108261,0.130275,0.119186,0.176279,0.117674,0.135925
2212,1.225,1000260560,0.0888374,0.138323,0.0871459,0.118787,0.112594,0.1676,0.111047,0.131571,0.106134,0.16009,0.104986,0.12837,0.119355,0.1765,0.117851,0.136046
2212,1.275,1000260560,0.0885686,0.137676,0.0866081,0.118269,0.108456,0.162466,0.106475,0.128687,0.104141,0.157422,0.102896,0.127063,0.114276,0.16994,0.112459,0.132441
2212,1.325,1000260560,0.0843586,0.132328,0.082353,0.116319,0.109567,0.163936,0.107636,0.129427,0.104999,0.158735,0.104208,0.128091,0.110184,0.164641,0.108116,0.129632
2212,1.375,1000260560,0.0869734,0.135786,0.0859428,0.118426,0.109029,0.163244,0.107076,0.129078,0.100281,0.152468,0.0988866,0.12473,0.105617,0.158715,0.103258,0.126594
2212,1.425,1000260560,0.0807191,0.12801,0.0791886,0.115354,0.106427,0.159747,0.104592,0.127567,0.097642,0.149255,0.0969567,0.124025,0.102596,0.154773,0.100049,0.124646
2212,1.475,1000260560,0.0777563,0.124099,0.0755837,0.113554,0.106299,0.159741,0.104255,0.127361,0.0978093,0.14932,0.0967364,0.123685,0.103868,0.156432,0.101403,0.125462
2212,1.525,1000260560,0.0739029,0.119253,0.0715029,0.111995,0.103827,0.156475,0.101493,0.125605,0.0986246,0.150376,0.0976149,0.124192,0.0987281,0.149801,0.0958464,0.122184
2212,1.575,1000260560,0.0728859,0.117752,0.0698949,0.111039,0.102487,0.154567,0.10073,0.125298,0.0967245,0.148094,0.0954751,0.123014,0.0957114,0.145849,0.0926582,0.12038
2212,1.625,1000260560,0.0726928,0.117843,0.0704779,0.111814,0.103727,0.15643,0.101552,0.125735,0.0972746,0.148883,0.0967106,0.123987,0.0971534,0.147766,0.0941358,0.121206
2212,1.675,1000260560,0.0668045,0.110022,0.0631543,0.10868,0.107937,0.162061,0.106429,0.128945,0.0943825,0.14531,0.0934395,0.122169,0.0873325,0.135094,0.083302,0.115368
2212,1.725,1000260560,0.0685212,0.112499,0.0655646,0.109892,0.105714,0.158994,0.103653,0.127002,0.0964374,0.148035,0.0961314,0.123884,0.0904004,0.139046,0.0867232,0.117143
2212,1.775,1000260560,0.0662326,0.109536,0.0631029,0.109098,0.107305,0.16106,0.105306,0.128012,0.0950453,0.14643,0.0947046,0.1232,0.0891619,0.137451,0.0853461,0.116421
2212,1.825,1000260560,0.0671685,0.110778,0.0642555,0.109552,0.107933,0.16201,0.106666,0.129155,0.0963042,0.147933,0.0961518,0.123989,0.0869915,0.13439,0.0832371,0.115318
2212,1.875,1000260560,0.0640592,0.106725,0.060588,0.108263,0.110813,0.165746,0.109611,0.130987,0.0908893,0.140893,0.0900387,0.120513,0.0840549,0.130607,0.0798276,0.113577
2212,1.925,1000260560,0.0609352,0.102697,0.0564625,0.106785,0.111467,0.166515,0.110317,0.131412,0.0974779,0.149448,0.0977507,0.125024,0.0833744,0.129472,0.0788851,0.113113
2212,1.975,1000260560,0.0614428,0.103496,0.057879,0.107697,0.111001,0.166015,0.10996,0.131273,0.0957375,0.147335,0.0954747,0.123646,0.0823676,0.128713,0.0777797,0.112681
2212,2.025,1000260560,0.0608971,0.102597,0.0570951,0.107271,0.116274,0.172854,0.115272,0.134671,0.0976446,0.149593,0.097832,0.125001,0.0874113,0.135241,0.0836307,0.115645
