probe,ke,target,meanhA,meanErrhA,stdhA,stdErrhA,meannhN,meanErrhN,stdhN,stdErrhN,meanINCL,meanErrINCL,stdINCL,stdErrINCL,meanGeant4,meanErrGeant4,stdGeant4,stdErrGeant4
2112,0.075,1000060120,-0.271952,2.06718,2.03484,1.54116,-0.429805,1.55275,1.55106,1.0955,0.0797788,1.03108,1.03108,0.721947,-0.144928,1.06264,1.06264,0.743612
2112,0.125,1000060120,-0.355285,2.0659,2.03199,1.54157,-0.428488,1.57143,1.56944,1.10974,-0.0476982,1.07538,1.07538,0.752923,-0.417181,1.06465,1.06465,0.745684
2112,0.175,1000060120,-0.41016,2.10394,2.06336,1.57998,-0.471331,1.55778,1.55589,1.09952,-0.0828502,1.0985,1.0985,0.769388,-0.476745,1.12253,1.12252,0.785936
2112,0.225,1000060120,-0.422057,2.01242,1.9835,1.48856,-0.464536,1.53795,1.53639,1.08461,-0.115869,1.06962,1.06962,0.749283,-0.462118,1.08877,1.08877,0.762493
2112,0.275,1000060120,-0.45292,2.09992,2.05876,1.57495,-0.450977,1.5384,1.53688,1.08211,-0.156257,1.08601,1.08601,0.760758,-0.4488,1.1088,1.10879,0.776579
2112,0.325,1000060120,-0.446958,2.11248,2.06966,1.58778,-0.491274,1.5963,1.59341,1.12672,-0.214468,1.09457,1.09457,0.765065,-0.466593,1.14097,1.14096,0.799122
2112,0.375,1000060120,-0.478866,2.09489,2.05278,1.57223,-0.475952,1.57733,1.57508,1.11245,-0.218881,1.07524,1.07524,0.751739,-0.478535,1.13978,1.13977,0.798268
2112,0.425,1000060120,-0.414451,2.11845,2.07535,1.59305,-0.493104,1.52508,1.52362,1.07516,-0.240861,1.06853,1.06853,0.747099,-0.438367,1.15134,1.15134,0.806466
2112,0.475,1000060120,-0.378051,2.10312,2.06375,1.58104,-0.511865,1.56286,1.56074,1.10408,-0.29621,1.0882,1.0882,0.760932,-0.453797,1.12825,1.12825,0.790257
2112,0.525,1000060120,-0.389601,2.11609,2.07453,1.59297,-0.455451,1.535,1.53351,1.0823,-0.271962,1.06777,1.06777,0.747301,-0.454393,1.14251,1.1425,0.800266
2112,0.575,1000060120,-0.431338,2.13124,2.08464,1.60586,-0.466442,1.5639,1.56172,1.10201,-0.294427,1.0837,1.0837,0.758461,-0.46484,1.13782,1.13782,0.797065
2112,0.625,1000060120,-0.396364,2.128,2.08415,1.60305,-0.445753,1.55527,1.55308,1.09754,-0.305612,1.07137,1.07137,0.75009,-0.441959,1.1173,1.1173,0.782614
2112,0.675,1000060120,-0.411804,2.09543,2.05591,1.57019,-0.50284,1.5699,1.56747,1.10657,-0.319461,1.05977,1.05976,0.742026,-0.390231,1.13255,1.13255,0.793313
2112,0.725,1000060120,-0.387079,2.1877,2.13503,1.66732,-0.542231,1.54855,1.54613,1.09118,-0.334035,1.07193,1.07193,0.750549,-0.360441,1.12757,1.12757,0.789814
2112,0.775,1000060120,-0.447885,2.1553,2.10598,1.63167,-0.48763,1.542,1.54032,1.08538,-0.334677,1.05263,1.05263,0.736833,-0.378427,1.08861,1.08861,0.762562
2112,0.825,1000060120,-0.442023,2.1305,2.0846,1.60866,-0.52165,1.52753,1.52596,1.07516,-0.340838,1.0517,1.0517,0.73654,-0.404199,1.10843,1.10843,0.776415
2112,0.875,1000060120,-0.475309,2.11834,2.07399,1.59662,-0.523798,1.56165,1.55952,1.10097,-0.321538,1.05836,1.05836,0.741129,-0.366576,1.1235,1.1235,0.786973
2112,0.925,1000060120,-0.460246,2.1141,2.07038,1.5919,-0.519356,1.51704,1.51562,1.06936,-0.361232,1.04294,1.04294,0.730223,-0.407774,1.1346,1.1346,0.79474
2112,0.975,1000060120,-0.465379,2.10908,2.06671,1.58717,-0.497647,1.53337,1.53178,1.07888,-0.349329,1.04903,1.04903,0.734469,-0.381925,1.10659,1.10659,0.77511
2112,1.025,1000060120,-0.453699,2.0877,2.04803,1.56257,-0.490193,1.57134,1.56915,1.10754,-0.341108,1.03891,1.03891,0.727413,-0.336626,1.08288,1.08288,0.758504
2112,1.075,1000060120,-0.547929,2.09845,2.05431,1.57764,-0.496033,1.54927,1.54744,1.09176,-0.346489,1.04411,1.04411,0.73111,-0.371517,1.0918,1.0918,0.764787
2112,1.125,1000060120,-0.446287,2.12932,2.08319,1.60644,-0.496301,1.54753,1.54573,1.09015,-0.338858,1.03315,1.03315,0.723403,-0.392613,1.10979,1.10978,0.777356
2112,1.175,1000060120,-0.449868,2.07092,2.03231,1.54559,-0.453427,1.54349,1.54188,1.08628,-0.337857,1.03578,1.03578,0.725315,-0.327023,1.10926,1.10926,0.777038
2112,1.225,1000060120,-0.412638,2.07654,2.03897,1.55131,-0.464423,1.55077,1.54902,1.09169,-0.339461,1.0199,1.0199,0.714196,-0.350537,1.08486,1.08486,0.759879
2112,1.275,1000060120,-0.497197,2.14504,2.09535,1.62409,-0.482751,1.52793,1.52647,1.0751,-0.348742,1.03613,1.03613,0.725237,-0.454505,1.06447,1.06447,0.745634
2112,1.325,1000060120,-0.456223,2.13771,2.08984,1.61321,-0.479914,1.54,1.53803,1.08385,-0.358426,1.0264,1.0264,0.718775,-0.372882,1.08961,1.08961,0.763105
2112,1.375,1000060120,-0.539667,2.09742,2.05368,1.57645,-0.526308,1.50093,1.49969,1.05733,-0.343565,1.00436,1.00436,0.703303,-0.41527,1.06086,1.06086,0.743066
2112,1.425,1000060120,-0.449135,2.13225,2.08617,1.60723,-0.493312,1.48657,1.48556,1.04635,-0.338419,1.04493,1.04493,0.731867,-0.350306,1.08897,1.08897,0.762788
2112,1.475,1000060120,-0.4683,2.18631,2.13129,1.66303,-0.487528,1.55296,1.5511,1.09466,-0.326543,0.998415,0.998415,0.699218,-0.348802,1.12906,1.12906,0.790864
2112,1.525,1000060120,-0.523405,2.17339,2.11807,1.65263,-0.472809,1.55463,1.55279,1.09736,-0.347874,1.02963,1.02963,0.720967,-0.371039,1.09952,1.09951,0.770123
2112,1.575,1000060120,-0.463065,2.1645,2.11279,1.6437,-0.481091,1.58023,1.57755,1.11515,-0.347876,1.03781,1.03781,0.726415,-0.366973,1.03729,1.03729,0.72661
2112,1.625,1000060120,-0.464971,2.09666,2.05533,1.57167,-0.462098,1.54368,1.54205,1.08618,-0.35951,1.01224,1.01224,0.70863,-0.343576,1.06825,1.06825,0.748149
2112,1.675,1000060120,-0.537653,2.17278,2.11711,1.65317,-0.434818,1.51492,1.51338,1.06701,-0.33439,1.03235,1.03235,0.722833,-0.397838,1.13578,1.13577,0.79537
2112,1.725,1000060120,-0.474717,2.11314,2.06991,1.59151,-0.471441,1.53481,1.53327,1.0823,-0.319549,1.03583,1.03583,0.725079,-0.297981,1.14987,1.14987,0.805435
2112,1.775,1000060120,-0.534909,2.14648,2.09489,1.62602,-0.455317,1.54786,1.54619,1.0905,-0.338102,0.992216,0.992216,0.694444,-0.327068,1.0356,1.0356,0.725416
2112,1.825,1000060120,-0.41835,2.16571,2.1151,1.64441,-0.490905,1.50221,1.50104,1.05568,-0.331265,1.03713,1.03713,0.72584,-0.365385,1.06675,1.06675,0.747202
2112,1.875,1000060120,-0.476626,2.1319,2.085,1.60902,-0.514945,1.5811,1.57862,1.11817,-0.344946,1.02825,1.02825,0.719767,-0.285916,1.11153,1.11153,0.778639
2112,1.925,1000060120,-0.475287,2.13484,2.08789,1.61343,-0.551887,1.5172,1.51568,1.0698,-0.325941,1.01118,1.01118,0.707823,-0.339941,1.00749,1.00749,0.705695
2112,1.975,1000060120,-0.469549,2.11453,2.07158,1.59419,-0.416985,1.53966,1.53784,1.08546,-0.353862,0.997187,0.997187,0.698198,-0.397591,1.10071,1.10071,0.770908
2112,2.025,1000060120,-0.49614,2.05935,2.0223,1.53536,-0.461549,1.56214,1.56022,1.10064,-0.378828,1.03069,1.03069,0.721259,-0.303078,1.16772,1.16771,0.817921
2112,0.075,1000080160,-0.309741,2.14093,2.0965,1.61767,-0.424685,1.64758,1.64361,1.16617,0.144809,1.02861,1.02861,0.720369,-0.0459906,1.10686,1.10686,0.775275
2112,0.125,1000080160,-0.264609,2.22526,2.16689,1.70389,-0.473542,1.67581,1.67062,1.19214,0.0331643,1.07009,1.07009,0.749613,-0.195434,1.10424,1.10424,0.773212
2112,0.175,1000080160,-0.357121,2.15346,2.10481,1.62752,-0.45123,1.62152,1.61785,1.14854,0.0174241,1.1519,1.1519,0.806696,-0.317611,1.12406,1.12406,0.78725
2112,0.225,1000080160,-0.407959,2.20273,2.14467,1.68062,-0.472559,1.69045,1.68438,1.20428,-0.041189,1.14424,1.14423,0.801359,-0.362605,1.13177,1.13177,0.792597
2112,0.275,1000080160,-0.435103,2.1946,2.13678,1.67417,-0.478802,1.66242,1.65765,1.1815,-0.0595768,1.17287,1.17287,0.821515,-0.355211,1.1853,1.18529,0.83023
2112,0.325,1000080160,-0.411074,2.20909,2.14976,1.68928,-0.55226,1.69891,1.69241,1.2125,-0.0892229,1.16552,1.16551,0.81641,-0.379315,1.20885,1.20884,0.846764
2112,0.375,1000080160,-0.44703,2.22745,2.16354,1.7091,-0.477274,1.6897,1.68378,1.20376,-0.125869,1.18905,1.18905,0.832979,-0.36875,1.22584,1.22582,0.858693
2112,0.425,1000080160,-0.426138,2.23072,2.16762,1.71266,-0.505456,1.69925,1.69314,1.21212,-0.153972,1.1784,1.1784,0.825505,-0.334627,1.20759,1.20758,0.845936
2112,0.475,1000080160,-0.46701,2.22686,2.16404,1.70922,-0.486081,1.67656,1.67145,1.19044,-0.147982,1.18909,1.18909,0.833016,-0.353318,1.24089,1.24087,0.869306
2112,0.525,1000080160,-0.464392,2.22791,2.16471,1.7102,-0.462489,1.67714,1.67234,1.19338,-0.174037,1.18797,1.18796,0.832358,-0.351278,1.22026,1.22024,0.854875
2112,0.575,1000080160,-0.479363,2.22831,2.16581,1.71126,-0.52184,1.68796,1.68235,1.20135,-0.210988,1.19529,1.19528,0.835746,-0.325323,1.23757,1.23755,0.866993
2112,0.625,1000080160,-0.446433,2.12621,2.08086,1.60396,-0.492858,1.6951,1.68904,1.20603,-0.192498,1.1863,1.1863,0.829725,-0.308607,1.23296,1.2327,0.863775
2112,0.675,1000080160,-0.510083,2.19262,2.13247,1.67285,-0.503373,1.71028,1.70329,1.22111,-0.240007,1.20409,1.20408,0.842491,-0.286277,1.20349,1.20348,0.843098
2112,0.725,1000080160,-0.470104,2.14642,2.09686,1.62492,-0.524387,1.68451,1.67856,1.20037,-0.235728,1.18511,1.1851,0.829061,-0.290748,1.23267,1.23265,0.863626
2112,0.775,1000080160,-0.525523,2.21432,2.14997,1.69588,-0.559306,1.66611,1.66079,1.18437,-0.254667,1.18177,1.18176,0.826017,-0.285067,1.21467,1.21466,0.850989
2112,0.825,1000080160,-0.369377,2.22115,2.16166,1.69888,-0.488313,1.72641,1.71876,1.23155,-0.237387,1.19991,1.1999,0.839905,-0.254209,1.19744,1.19743,0.838855
2112,0.875,1000080160,-0.383262,2.19184,2.13605,1.6707,-0.449921,1.72273,1.71551,1.23042,-0.248571,1.20396,1.20395,0.842794,-0.253387,1.21914,1.21913,0.85217
2112,0.925,1000080160,-0.433259,2.20564,2.14701,1.68613,-0.510697,1.70829,1.70144,1.2164,-0.245964,1.1861,1.18609,0.829948,-0.259044,1.19263,1.19263,0.835473
2112,0.975,1000080160,-0.269271,2.15887,2.11061,1.63351,-0.535314,1.67327,1.66757,1.18922,-0.261526,1.18985,1.18984,0.832388,-0.291264,1.19001,1.19,0.833653
2112,1.025,1000080160,-0.476587,2.18428,2.12808,1.66409,-0.512569,1.68795,1.68214,1.19995,-0.251256,1.18945,1.18944,0.83253,-0.284182,1.17206,1.17206,0.819644
2112,1.075,1000080160,-0.498932,2.23668,2.1708,1.71993,-0.507745,1.67391,1.66833,1.19145,-0.251656,1.16587,1.16586,0.815688,-0.268708,1.17677,1.17677,0.822651
2112,1.125,1000080160,-0.495421,2.19058,2.13065,1.66851,-0.535759,1.69259,1.68639,1.20491,-0.217641,1.15984,1.15983,0.811642,-0.264774,1.18686,1.18685,0.829925
2112,1.175,1000080160,-0.414361,2.26006,2.1908,1.74361,-0.525285,1.71561,1.70822,1.22288,-0.226293,1.16159,1.16159,0.813003,-0.261848,1.18978,1.18977,0.833507
2112,1.225,1000080160,-0.37992,2.14881,2.10109,1.62614,-0.43202,1.66792,1.66266,1.18537,-0.238607,1.17791,1.17791,0.824405,-0.242985,1.16055,1.16054,0.811582
2112,1.275,1000080160,-0.472769,2.20081,2.14055,1.6777,-0.447314,1.71339,1.70704,1.21962,-0.254187,1.17879,1.17878,0.825059,-0.322135,1.20158,1.20157,0.841755
2112,1.325,1000080160,-0.473436,2.2369,2.17065,1.71945,-0.462866,1.7293,1.72144,1.23405,-0.261186,1.17314,1.17313,0.821204,-0.25049,1.16958,1.16957,0.817513
2112,1.375,1000080160,-0.478456,2.18247,2.12529,1.65988,-0.427848,1.66836,1.66373,1.18404,-0.225884,1.13735,1.13735,0.795848,-0.285381,1.19316,1.19316,0.835852
2112,1.425,1000080160,-0.484909,2.18301,2.12719,1.66315,-0.431738,1.67609,1.67018,1.19092,-0.221936,1.17277,1.17276,0.82097,-0.185947,1.24339,1.24337,0.869175
2112,1.475,1000080160,-0.498595,2.12934,2.08216,1.60808,-0.472058,1.71833,1.71191,1.22418,-0.262823,1.1607,1.1607,0.812206,-0.230592,1.18328,1.18328,0.829074
2112,1.525,1000080160,-0.41717,2.23933,2.17613,1.72148,-0.463985,1.68034,1.67472,1.19362,-0.242101,1.17456,1.17455,0.821662,-0.238962,1.14396,1.14396,0.799601
2112,1.575,1000080160,-0.511324,2.2807,2.2046,1.76682,-0.522876,1.70188,1.69536,1.21234,-0.230329,1.16734,1.16733,0.816461,-0.214856,1.12074,1.12074,0.783738
2112,1.625,1000080160,-0.444863,2.24622,2.17976,1.72939,-0.526889,1.64166,1.63723,1.16566,-0.253971,1.15927,1.15927,0.811382,-0.205428,1.1881,1.18809,0.832313
2112,1.675,1000080160,-0.394354,2.12194,2.07562,1.5992,-0.487425,1.6431,1.63922,1.16645,-0.230716,1.15624,1.15624,0.809354,-0.275344,1.17367,1.17367,0.822209
2112,1.725,1000080160,-0.430655,2.18388,2.12674,1.66237,-0.445133,1.67955,1.67478,1.19484,-0.265223,1.15842,1.15842,0.810882,-0.206474,1.19226,1.19225,0.835374
2112,1.775,1000080160,-0.498387,2.18876,2.13067,1.66902,-0.486667,1.62571,1.62161,1.15258,-0.245335,1.17491,1.1749,0.82219,-0.294585,1.15739,1.15739,0.809533
2112,1.825,1000080160,-0.456279,2.26565,2.19549,1.75071,-0.49682,1.70837,1.70177,1.2192,-0.219781,1.13803,1.13803,0.796486,-0.231756,1.2108,1.21079,0.848243
2112,1.875,1000080160,-0.472816,2.17884,2.12409,1.65863,-0.42521,1.65155,1.64776,1.17228,-0.240333,1.19164,1.19164,0.83359,-0.270509,1.15188,1.15188,0.806912
2112,1.925,1000080160,-0.491166,2.211,2.14972,1.68871,-0.481858,1.65188,1.64741,1.17332,-0.282459,1.1484,1.1484,0.803264,-0.251276,1.19429,1.19428,0.836802
2112,1.975,1000080160,-0.455647,2.18604,2.12981,1.66565,-0.45746,1.66126,1.65701,1.18028,-0.234841,1.15954,1.15954,0.810545,-0.331888,1.13926,1.13926,0.798095
2112,2.025,1000080160,-0.418689,2.16635,2.11258,1.64103,-0.553893,1.62276,1.61798,1.14878,-0.271832,1.15153,1.15152,0.806808,-0.236289,1.19761,1.1976,0.838978
2112,0.075,1000180400,-0.956359,2.28156,2.28156,1.59839,-0.807863,1.8733,1.8733,1.3095,-0.919942,1.24332,1.24332,0.870307,-1.35782,1.33419,1.33419,0.934184
2112,0.125,1000180400,-1.20139,2.33977,2.33977,1.63512,-0.90285,1.93447,1.93447,1.35281,-0.750763,1.36981,1.36981,0.959176,-1.26435,1.37583,1.37583,0.963588
2112,0.175,1000180400,-1.26093,2.32245,2.32245,1.62663,-0.938743,1.99937,1.99937,1.39858,-0.748609,1.39576,1.39576,0.977639,-1.3146,1.40988,1.40988,0.987474
2112,0.225,1000180400,-1.3564,2.37828,2.37828,1.66528,-0.969417,1.98841,1.98841,1.39026,-0.799117,1.43663,1.43663,1.00638,-1.26449,1.45469,1.45469,1.01896
2112,0.275,1000180400,-1.40562,2.37762,2.37762,1.66466,-0.954365,2.0263,2.0263,1.41645,-0.856627,1.46001,1.46001,1.02291,-1.24571,1.49355,1.49355,1.04679
2112,0.325,1000180400,-1.36729,2.27784,2.27784,1.59573,-0.961675,2.0706,2.0706,1.44863,-0.923722,1.46389,1.46389,1.02449,-1.29837,1.51351,1.51351,1.06033
2112,0.375,1000180400,-1.47791,2.36646,2.36646,1.6564,-1.00273,2.07613,2.07613,1.45108,-0.963439,1.49494,1.49494,1.0464,-1.28211,1.54141,1.54141,1.07696
2112,0.425,1000180400,-1.45533,2.31928,2.31928,1.6244,-0.989158,2.13497,2.13497,1.49427,-1.01203,1.49694,1.49694,1.04766,-1.26234,1.55668,1.55668,1.09035
2112,0.475,1000180400,-1.47091,2.3027,2.3027,1.61263,-1.04434,2.13426,2.13426,1.49531,-1.06373,1.51404,1.51404,1.06062,-1.28089,1.57917,1.57917,1.10714
2112,0.525,1000180400,-1.5695,2.28299,2.28299,1.5988,-1.01373,2.17988,2.17988,1.52508,-1.09916,1.55553,1.55553,1.0896,-1.3483,1.60703,1.60703,1.12572
2112,0.575,1000180400,-1.52094,2.32927,2.32927,1.63139,-1.10743,2.17256,2.17256,1.5196,-1.14544,1.5601,1.5601,1.09295,-1.37092,1.59229,1.59229,1.11548
2112,0.625,1000180400,-1.4602,2.2761,2.2761,1.59445,-1.09715,2.1592,2.1592,1.51167,-1.17587,1.57863,1.57863,1.10464,-1.35289,1.62528,1.62528,1.13851
2112,0.675,1000180400,-1.49792,2.30481,2.30481,1.61419,-1.15477,2.26011,2.26011,1.58182,-1.22664,1.57372,1.57372,1.10002,-1.40212,1.63676,1.63676,1.14658
2112,0.725,1000180400,-1.47583,2.2845,2.2845,1.5992,-1.13708,2.26227,2.26227,1.58232,-1.27567,1.61768,1.61768,1.13285,-1.40898,1.6537,1.6537,1.15843
2112,0.775,1000180400,-1.51072,2.28582,2.28582,1.60094,-1.16282,2.23429,2.23429,1.56164,-1.25807,1.60326,1.60326,1.1207,-1.44685,1.63055,1.63055,1.14221
2112,0.825,1000180400,-1.45504,2.31966,2.31966,1.62496,-1.1643,2.26857,2.26857,1.5855,-1.26379,1.64198,1.64198,1.1503,-1.48094,1.65447,1.65447,1.15895
2112,0.875,1000180400,-1.53415,2.27986,2.27986,1.59702,-1.23221,2.32389,2.32389,1.62556,-1.32488,1.65956,1.65956,1.16523,-1.54031,1.7041,1.7041,1.1937
2112,0.925,1000180400,-1.49555,2.30188,2.30188,1.60941,-1.19642,2.29696,2.29696,1.60902,-1.29421,1.67252,1.67252,1.16974,-1.57563,1.64999,1.64999,1.15578
2112,0.975,1000180400,-1.57168,2.23463,2.23463,1.56528,-1.17055,2.29994,2.29994,1.60944,-1.34364,1.65647,1.65647,1.16092,-1.55361,1.68467,1.68467,1.18024
2112,1.025,1000180400,-1.55825,2.31831,2.31831,1.62311,-1.2106,2.30442,2.30442,1.61217,-1.36342,1.66764,1.66764,1.16835,-1.53842,1.69425,1.69425,1.18684
2112,1.075,1000180400,-1.50391,2.37814,2.37814,1.66504,-1.26535,2.28563,2.28563,1.60021,-1.38482,1.68419,1.68419,1.18033,-1.57049,1.70515,1.70515,1.19659
2112,1.125,1000180400,-1.44417,2.30117,2.30117,1.61277,-1.21125,2.34876,2.34876,1.64306,-1.37576,1.72009,1.72009,1.20429,-1.60784,1.67787,1.67787,1.17547
2112,1.175,1000180400,-1.53888,2.32578,2.32578,1.62799,-1.202,2.2947,2.2947,1.60517,-1.39533,1.70835,1.70835,1.19575,-1.66713,1.74961,1.74961,1.22552
2112,1.225,1000180400,-1.51932,2.32551,2.32551,1.62853,-1.20715,2.35759,2.35759,1.64918,-1.34964,1.6953,1.6953,1.18618,-1.66089,1.71876,1.71876,1.20407
2112,1.275,1000180400,-1.55762,2.2026,2.2026,1.54296,-1.24611,2.33507,2.33507,1.6332,-1.41531,1.73077,1.73077,1.2109,-1.60578,1.74387,1.74387,1.22156
2112,1.325,1000180400,-1.56391,2.34199,2.34199,1.64032,-1.23504,2.35671,2.35671,1.65076,-1.38026,1.71316,1.71316,1.20062,-1.63521,1.7243,1.7243,1.20758
2112,1.375,1000180400,-1.56222,2.31356,2.31356,1.62403,-1.2474,2.39495,2.39495,1.67613,-1.40863,1.73667,1.73667,1.21654,-1.60081,1.73904,1.73904,1.21813
2112,1.425,1000180400,-1.50217,2.24792,2.24792,1.57392,-1.18624,2.30874,2.30874,1.61389,-1.36948,1.73339,1.73339,1.21437,-1.63199,1.74367,1.74367,1.2215
2112,1.475,1000180400,-1.46221,2.31137,2.31137,1.61944,-1.16471,2.27546,2.27546,1.59396,-1.39912,1.75178,1.75178,1.22708,-1.67841,1.79701,1.79701,1.25875
2112,1.525,1000180400,-1.54277,2.32902,2.32902,1.63164,-1.23128,2.29636,2.29636,1.60859,-1.37358,1.72198,1.72198,1.20618,-1.69271,1.74835,1.74835,1.22477
2112,1.575,1000180400,-1.54071,2.31902,2.31902,1.62557,-1.20076,2.27615,2.27615,1.59262,-1.39432,1.74864,1.74864,1.2246,-1.70989,1.75517,1.75517,1.23169
2112,1.625,1000180400,-1.48239,2.29758,2.29758,1.60819,-1.25485,2.35175,2.35175,1.64403,-1.37137,1.73532,1.73532,1.2154,-1.74503,1.73088,1.73088,1.21232
2112,1.675,1000180400,-1.58746,2.31195,2.31195,1.61885,-1.21572,2.33858,2.33858,1.63846,-1.37521,1.75522,1.75522,1.22945,-1.75426,1.7761,1.7761,1.24429
2112,1.725,1000180400,-1.60959,2.32358,2.32358,1.62734,-1.20022,2.22554,2.22554,1.55622,-1.40957,1.75694,1.75694,1.2307,-1.704,1.75705,1.75705,1.2279
2112,1.775,1000180400,-1.56975,2.28423,2.28423,1.59921,-1.23185,2.34833,2.34833,1.64118,-1.4095,1.75877,1.75877,1.23202,-1.76718,1.75988,1.75988,1.23611
2112,1.825,1000180400,-1.48952,2.31501,2.31501,1.62175,-1.19428,2.30068,2.30068,1.61191,-1.39794,1.78224,1.78224,1.24532,-1.77449,1.75183,1.75183,1.22728
2112,1.875,1000180400,-1.5848,2.32487,2.32487,1.62809,-1.20145,2.31224,2.31224,1.61827,-1.36687,1.73326,1.73326,1.21415,-1.69319,1.79903,1.79903,1.26162
2112,1.925,1000180400,-1.47623,2.2814,2.2814,1.59639,-1.19513,2.33497,2.33497,1.6323,-1.37571,1.78393,1.78393,1.24962,-1.75684,1.77191,1.77191,1.24323
2112,1.975,1000180400,-1.54118,2.25478,2.25478,1.57905,-1.23049,2.21325,2.21325,1.54833,-1.3678,1.75807,1.75807,1.23158,-1.78104,1.78533,1.78533,1.25062
2112,2.025,1000180400,-1.62304,2.29267,2.29267,1.60507,-1.11299,2.23973,2.23973,1.56678,-1.38469,1.72162,1.72162,1.20596,-1.69809,1.75753,1.75753,1.23313
2112,0.075,1000260560,-0.726233,2.3155,2.3155,1.62645,-0.702054,1.93567,1.93567,1.35329,0.0384909,1.27278,1.27278,0.891484,0.015528,1.34791,1.34791,0.944133
2112,0.125,1000260560,-0.919932,2.48608,2.48608,1.73663,-0.740083,2.04798,2.04798,1.43464,0.0831245,1.34252,1.34252,0.940382,-0.130482,1.41751,1.41751,0.991568
2112,0.175,1000260560,-1.04893,2.51783,2.51783,1.7637,-0.82902,2.08187,2.08187,1.45654,0.0411277,1.40193,1.40193,0.98222,-0.236775,1.49184,1.49184,1.0448
2112,0.225,1000260560,-0.976973,2.50925,2.50925,1.75967,-0.863502,2.16317,2.16317,1.51296,-0.04936,1.43291,1.43291,1.0016,-0.303283,1.52225,1.52225,1.06517
2112,0.275,1000260560,-1.11107,2.49648,2.49648,1.7488,-0.86481,2.15309,2.15309,1.50851,-0.0645018,1.47931,1.47931,1.03452,-0.317595,1.57573,1.57573,1.10351
2112,0.325,1000260560,-1.14036,2.46522,2.46522,1.72702,-0.824617,2.18221,2.18221,1.52545,-0.152358,1.47363,1.47363,1.03124,-0.304821,1.57637,1.57637,1.10345
2112,0.375,1000260560,-1.16496,2.44184,2.44184,1.71048,-0.884757,2.25802,2.25802,1.57888,-0.165078,1.51466,1.51466,1.05975,-0.334743,1.59097,1.59097,1.11383
2112,0.425,1000260560,-1.16883,2.49167,2.49167,1.74123,-0.859543,2.25586,2.25586,1.57687,-0.22202,1.5386,1.5386,1.07689,-0.232527,1.61063,1.61063,1.12769
2112,0.475,1000260560,-1.12242,2.52896,2.52896,1.77108,-0.944312,2.33174,2.33174,1.63342,-0.276385,1.53593,1.53593,1.07532,-0.298249,1.65207,1.65207,1.15699
2112,0.525,1000260560,-1.19111,2.45919,2.45919,1.72264,-0.924644,2.39439,2.39439,1.67355,-0.328537,1.56938,1.56938,1.09857,-0.268811,1.67874,1.67874,1.17597
2112,0.575,1000260560,-1.19577,2.45446,2.45446,1.71939,-1.00532,2.37872,2.37872,1.66659,-0.369646,1.58682,1.58682,1.11066,-0.300637,1.66659,1.66659,1.16709
2112,0.625,1000260560,-1.29322,2.53971,2.53971,1.77863,-1.0615,2.38749,2.38749,1.66903,-0.385619,1.62668,1.62668,1.13872,-0.329909,1.69257,1.69257,1.18572
2112,0.675,1000260560,-1.24007,2.42127,2.42127,1.69588,-1.01706,2.4385,2.4385,1.70847,-0.425775,1.63573,1.63573,1.14529,-0.313833,1.69302,1.69302,1.1856
2112,0.725,1000260560,-1.2331,2.45674,2.45674,1.72268,-1.05239,2.44014,2.44014,1.70601,-0.452845,1.65118,1.65118,1.15581,-0.330806,1.72252,1.72252,1.20648
2112,0.775,1000260560,-1.19751,2.49004,2.49004,1.74433,-1.15482,2.44747,2.44747,1.71476,-0.464286,1.6713,1.6713,1.17045,-0.380422,1.73105,1.73105,1.212
2112,0.825,1000260560,-1.22686,2.44637,2.44637,1.71386,-1.04159,2.48383,2.48383,1.73613,-0.488705,1.66006,1.66006,1.16237,-0.368822,1.72919,1.72919,1.21138
2112,0.875,1000260560,-1.12983,2.44077,2.44077,1.70991,-1.02732,2.53759,2.53759,1.77758,-0.514985,1.69272,1.69272,1.18526,-0.392918,1.77295,1.77295,1.24166
2112,0.925,1000260560,-1.20078,2.52254,2.52254,1.77093,-1.15277,2.50574,2.50574,1.75147,-0.536186,1.7179,1.7179,1.2027,-0.452849,1.78493,1.78493,1.25045
2112,0.975,1000260560,-1.18534,2.45502,2.45502,1.72435,-1.21169,2.58888,2.58888,1.8135,-0.566519,1.69836,1.69836,1.18883,-0.44201,1.76236,1.76236,1.2323
2112,1.025,1000260560,-1.22967,2.50094,2.50094,1.75259,-1.14286,2.54019,2.54019,1.7756,-0.579176,1.76709,1.76709,1.23642,-0.446035,1.82088,1.82088,1.27566
2112,1.075,1000260560,-1.17716,2.5015,2.5015,1.75231,-1.09153,2.58715,2.58715,1.81219,-0.570727,1.74785,1.74785,1.22317,-0.456448,1.81948,1.81948,1.27453
2112,1.125,1000260560,-1.13861,2.47535,2.47535,1.73413,-1.13318,2.58635,2.58635,1.81205,-0.622998,1.76821,1.76821,1.23792,-0.489287,1.81577,1.81577,1.27185
2112,1.175,1000260560,-1.30711,2.5048,2.5048,1.75273,-1.07066,2.58457,2.58457,1.81042,-0.620592,1.80911,1.80911,1.26569,-0.560552,1.85425,1.85425,1.2989
2112,1.225,1000260560,-1.12526,2.46967,2.46967,1.72945,-1.11131,2.60023,2.60023,1.82142,-0.629611,1.80083,1.80083,1.2602,-0.524656,1.80857,1.80857,1.26687
2112,1.275,1000260560,-1.24177,2.49182,2.49182,1.74915,-1.14697,2.60446,2.60446,1.82437,-0.671836,1.80526,1.80526,1.26318,-0.582332,1.83343,1.83343,1.28292
2112,1.325,1000260560,-1.20756,2.41184,2.41184,1.68969,-1.16627,2.63324,2.63324,1.84453,-0.637953,1.8189,1.8189,1.27305,-0.533333,1.78116,1.78116,1.24766
2112,1.375,1000260560,-1.31077,2.4181,2.4181,1.69487,-1.08089,2.64739,2.64739,1.85091,-0.687676,1.83965,1.83965,1.28711,-0.624894,1.8154,1.8154,1.26881
2112,1.425,1000260560,-1.17401,2.44131,2.44131,1.70863,-1.15826,2.54822,2.54822,1.7848,-0.650963,1.83453,1.83453,1.28337,-0.665453,1.82974,1.82974,1.28184
2112,1.475,1000260560,-1.16231,2.5251,2.5251,1.76955,-1.09054,2.64579,2.64579,1.84993,-0.639475,1.84922,1.84922,1.29392,-0.648974,1.85451,1.85451,1.2992
2112,1.525,1000260560,-1.20813,2.45775,2.45775,1.72663,-1.13457,2.59739,2.59739,1.81642,-0.66839,1.84932,1.84932,1.29567,-0.708687,1.89636,1.89636,1.32838
2112,1.575,1000260560,-1.22701,2.49918,2.49918,1.7508,-1.10243,2.5238,2.5238,1.76823,-0.682117,1.87323,1.87323,1.30972,-0.708376,1.88452,1.88452,1.31963
2112,1.625,1000260560,-1.21522,2.50547,2.50547,1.76015,-1.18832,2.54519,2.54519,1.78294,-0.675618,1.87748,1.87748,1.31297,-0.7375,1.89683,1.89683,1.32883
2112,1.675,1000260560,-1.19827,2.54638,2.54638,1.78393,-1.13922,2.58504,2.58504,1.81082,-0.667226,1.86656,1.86656,1.30612,-0.70331,1.90468,1.90468,1.33224
2112,1.725,1000260560,-1.26045,2.48871,2.48871,1.74331,-1.1328,2.58053,2.58053,1.80374,-0.665132,1.88011,1.88011,1.31528,-0.724965,1.85648,1.85648,1.30189
2112,1.775,1000260560,-1.33262,2.47229,2.47229,1.73188,-1.15033,2.58505,2.58505,1.81114,-0.684239,1.90573,1.90573,1.33266,-0.721736,1.89269,1.89269,1.32782
2112,1.825,1000260560,-1.18097,2.50405,2.50405,1.75405,-1.10943,2.59007,2.59007,1.81435,-0.66797,1.90245,1.90245,1.32963,-0.777971,1.92857,1.92857,1.35064
2112,1.875,1000260560,-1.24855,2.47053,2.47053,1.73078,-1.10192,2.57201,2.57201,1.80169,-0.654592,1.88742,1.88742,1.32237,-0.804718,1.91612,1.91612,1.34221
2112,1.925,1000260560,-1.16653,2.46352,2.46352,1.73012,-1.03878,2.58403,2.58402,1.81004,-0.676502,1.91959,1.91959,1.34469,-0.818422,1.8466,1.8466,1.29362
2112,1.975,1000260560,-1.293,2.48133,2.48133,1.73831,-1.05403,2.56437,2.56437,1.79665,-0.654769,1.85977,1.85977,1.3028,-0.799912,1.94526,1.94526,1.36278
2112,2.025,1000260560,-1.18774,2.50411,2.50411,1.75502,-1.08478,2.53962,2.53962,1.77653,-0.701969,1.88228,1.88228,1.31877,-0.778891,1.93023,1.93023,1.3522
2212,0.075,1000060120,1.48586,2.12209,2.01031,1.62813,1.42235,1.57364,1.56022,1.13574,1.34328,0.977706,0.977701,0.684971,1.73564,1.08021,1.07998,0.757075
2212,0.125,1000060120,1.47718,2.24625,2.09749,1.74206,1.42282,1.58975,1.57524,1.1494,1.30227,1.05236,1.05233,0.737181,1.72583,1.10289,1.10259,0.773841
2212,0.175,1000060120,1.59324,2.24635,2.08731,1.74531,1.43026,1.56434,1.55165,1.12826,1.2873,1.06841,1.06838,0.748392,1.70152,1.12932,1.1289,0.792999
2212,0.225,1000060120,1.57688,2.15425,2.02387,1.66076,1.48409,1.59029,1.57434,1.15218,1.32586,1.10415,1.10408,0.773841,1.77911,1.14673,1.14604,0.806436
2212,0.275,1000060120,1.56593,2.31212,2.13394,1.80494,1.43556,1.60066,1.58503,1.15923,1.32637,1.08008,1.08003,0.756861,1.72655,1.14472,1.14416,0.80456
2212,0.325,1000060120,1.59895,2.20758,2.05696,1.70937,1.48479,1.58783,1.57223,1.15046,1.37598,1.09916,1.09908,0.770485,1.74644,1.16266,1.1619,0.817814
2212,0.375,1000060120,1.60645,2.25873,2.09137,1.75606,1.4468,1.54645,1.53482,1.11364,1.37715,1.06621,1.06617,0.745578,1.75475,1.15407,1.15337,0.811707
2212,0.425,1000060120,1.60559,2.20095,2.05124,1.7035,1.44278,1.55559,1.5436,1.12144,1.42917,1.06397,1.06392,0.745787,1.69536,1.16776,1.16706,0.821113
2212,0.475,1000060120,1.60198,2.21696,2.06607,1.71861,1.45811,1.57525,1.56091,1.13857,1.44115,1.10135,1.10124,0.772287,1.69144,1.15237,1.15181,0.809912
2212,0.525,1000060120,1.57522,2.23395,2.08062,1.73346,1.49402,1.57596,1.5611,1.14075,1.44409,1.06955,1.06949,0.748558,1.63277,1.15605,1.15557,0.81214
2212,0.575,1000060120,1.66514,2.28074,2.09776,1.77688,1.42624,1.57345,1.5599,1.13283,1.46866,1.06387,1.06381,0.744501,1.63696,1.18786,1.18711,0.83553
2212,0.625,1000060120,1.64408,2.31916,2.1278,1.81057,1.49801,1.57501,1.55923,1.13997,1.45192,1.04269,1.04265,0.730038,1.60823,1.14957,1.14916,0.807364
2212,0.675,1000060120,1.64683,2.21771,2.05904,1.72025,1.49351,1.56774,1.55348,1.13374,1.47479,1.06236,1.0623,0.743824,1.59172,1.14488,1.14452,0.803894
2212,0.725,1000060120,1.62128,2.42125,2.19607,1.90402,1.47767,1.57544,1.5614,1.13968,1.47572,1.04428,1.04424,0.731097,1.58336,1.12276,1.1225,0.787779
2212,0.775,1000060120,1.67517,2.30078,2.11166,1.79535,1.52198,1.56834,1.55357,1.13249,1.47443,1.04496,1.04491,0.73177,1.55346,1.1387,1.13841,0.799192
2212,0.825,1000060120,1.61573,2.31024,2.12345,1.80259,1.49316,1.55181,1.53869,1.11732,1.4899,1.05969,1.05963,0.74227,1.58264,1.10151,1.10133,0.772579
2212,0.875,1000060120,1.67852,2.26175,2.08596,1.76033,1.52142,1.5483,1.53452,1.11839,1.47692,1.05539,1.05533,0.739319,1.58114,1.09925,1.09907,0.770989
2212,0.925,1000060120,1.55271,2.228,2.07671,1.72704,1.49673,1.53357,1.52188,1.10507,1.48911,1.02163,1.0216,0.715301,1.51677,1.11752,1.11733,0.783791
2212,0.975,1000060120,1.65403,2.2481,2.07869,1.74728,1.52042,1.57489,1.559,1.13788,1.4714,1.05084,1.05079,0.736047,1.5155,1.08932,1.08921,0.763747
2212,1.025,1000060120,1.71734,2.36131,2.14383,1.84911,1.47045,1.53742,1.52589,1.10595,1.47463,1.03701,1.03698,0.726569,1.56522,1.1268,1.12615,0.790659
2212,1.075,1000060120,1.64304,2.25778,2.08703,1.75553,1.47558,1.50843,1.49867,1.08329,1.46667,1.03116,1.03113,0.72232,1.54191,1.05671,1.05625,0.740689
2212,1.125,1000060120,1.71606,2.37861,2.15522,1.8645,1.4243,1.54451,1.5328,1.10886,1.47508,1.02053,1.02051,0.714926,1.58168,1.11947,1.11922,0.785456
2212,1.175,1000060120,1.62203,2.25964,2.09103,1.7573,1.48282,1.5866,1.57078,1.14927,1.48587,1.00617,1.00616,0.704714,1.52062,1.11355,1.11337,0.781079
2212,1.225,1000060120,1.66085,2.33324,2.13434,1.824,1.45165,1.54398,1.53268,1.11206,1.47918,1.05194,1.05189,0.736702,1.52776,1.11149,1.11131,0.77949
2212,1.275,1000060120,1.70918,2.30734,2.10918,1.80089,1.51944,1.53557,1.5238,1.10773,1.44801,1.01917,1.01914,0.713506,1.54489,1.07846,1.07835,0.756111
2212,1.325,1000060120,1.60716,2.21798,2.06617,1.71959,1.46867,1.57422,1.56004,1.13819,1.47311,1.01581,1.01579,0.711296,1.52349,1.08449,1.08389,0.760234
2212,1.375,1000060120,1.63734,2.34984,2.15045,1.84038,1.51228,1.54722,1.53406,1.11715,1.48182,1.03831,1.03827,0.72719,1.52334,1.07904,1.07894,0.756402
2212,1.425,1000060120,1.66224,2.27854,2.0986,1.77502,1.49527,1.4805,1.47188,1.05887,1.45794,1.02944,1.02941,0.720777,1.57527,1.07663,1.07651,0.754803
2212,1.475,1000060120,1.67803,2.32308,2.12406,1.81479,1.46431,1.53902,1.52813,1.10845,1.49461,1.01537,1.01534,0.711096,1.5011,1.11081,1.11066,0.778913
2212,1.525,1000060120,1.62992,2.21957,2.06146,1.72107,1.51252,1.46092,1.45276,1.04298,1.43641,1.01452,1.0145,0.71047,1.48367,1.13259,1.13238,0.794529
2212,1.575,1000060120,1.61726,2.32199,2.13222,1.81369,1.50862,1.52156,1.51057,1.09365,1.48164,1.00887,1.00885,0.706475,1.56221,1.08596,1.08583,0.761447
2212,1.625,1000060120,1.67153,2.30086,2.11098,1.79505,1.42199,1.51261,1.50374,1.08218,1.47692,1.01615,1.01613,0.711365,1.56058,1.10632,1.10614,0.776021
2212,1.675,1000060120,1.72304,2.29583,2.10046,1.7909,1.48059,1.5228,1.51189,1.09518,1.50623,1.03204,1.03201,0.722844,1.48125,1.14404,1.14379,0.802742
2212,1.725,1000060120,1.52984,2.27367,2.11262,1.76893,1.44436,1.57495,1.56154,1.13754,1.46935,0.998457,0.998442,0.699033,1.50258,1.10968,1.10952,0.778217
2212,1.775,1000060120,1.67196,2.36385,2.15286,1.85086,1.42379,1.55259,1.54122,1.1158,1.50464,0.984313,0.9843,0.688913,1.57937,1.11219,1.11198,0.780297
2212,1.825,1000060120,1.68622,2.30731,2.11335,1.80164,1.44053,1.55168,1.54003,1.11557,1.52399,1.03376,1.03372,0.7239,1.54165,1.06809,1.068,0.748878
2212,1.875,1000060120,1.65194,2.31203,2.12294,1.80528,1.47073,1.54614,1.53424,1.11462,1.45248,1.01063,1.01061,0.707565,1.54849,1.07873,1.07862,0.756134
2212,1.925,1000060120,1.62958,2.33529,2.14102,1.82547,1.48254,1.54414,1.53095,1.11038,1.47254,1.00515,1.00513,0.703468,1.56651,1.05424,1.05416,0.738925
2212,1.975,1000060120,1.59066,2.29595,2.11972,1.78955,1.49243,1.59857,1.58207,1.1568,1.46854,1.025,1.02497,0.717349,1.5829,1.08492,1.08478,0.760945
2212,2.025,1000060120,1.58903,2.44198,2.21456,1.92334,1.48744,1.53446,1.52341,1.10354,1.45487,1.02987,1.02985,0.720622,1.57353,1.1473,1.14694,0.805514
2212,0.075,1000080160,1.40429,2.2286,2.09383,1.72473,1.40208,1.66093,1.64056,1.20941,1.50754,0.756833,0.756621,0.528466,1.95148,1.08084,1.08035,0.759471
2212,0.125,1000080160,1.47975,2.25637,2.10458,1.75158,1.46587,1.67859,1.65392,1.22775,1.36593,1.01366,1.01364,0.709504,1.90189,1.11095,1.11032,0.781098
2212,0.175,1000080160,1.59987,2.38192,2.17537,1.86801,1.50974,1.69232,1.66412,1.24191,1.31738,1.11008,1.11001,0.778079,1.87368,1.1928,1.19121,0.842073
2212,0.225,1000080160,1.58013,2.37587,2.17264,1.86274,1.48708,1.71323,1.6824,1.25858,1.3141,1.11695,1.11687,0.78264,1.8796,1.15918,1.15809,0.816791
2212,0.275,1000080160,1.58272,2.37312,2.16852,1.85962,1.49059,1.73318,1.70099,1.27653,1.36348,1.13928,1.13913,0.79874,1.88688,1.18802,1.18645,0.838685
2212,0.325,1000080160,1.56496,2.38879,2.18204,1.87442,1.41812,1.71818,1.69055,1.25957,1.37068,1.15489,1.15469,0.809979,1.84916,1.20912,1.20712,0.854204
2212,0.375,1000080160,1.65674,2.4263,2.19113,1.90717,1.44729,1.69154,1.66574,1.23778,1.40449,1.16419,1.16393,0.816832,1.83952,1.236,1.23325,0.874654
2212,0.425,1000080160,1.63465,2.32444,2.12926,1.81538,1.45028,1.73,1.69717,1.27155,1.40257,1.188,1.18764,0.83402,1.77848,1.25401,1.25145,0.887437
2212,0.475,1000080160,1.55208,2.33565,2.14651,1.82525,1.43714,1.73924,1.70743,1.27933,1.43271,1.19227,1.19185,0.83729,1.7743,1.20375,1.2024,0.848946
2212,0.525,1000080160,1.62966,2.35439,2.15046,1.84171,1.50307,1.69424,1.66475,1.24302,1.46786,1.17858,1.17819,0.827635,1.70359,1.23185,1.23011,0.869228
2212,0.575,1000080160,1.65952,2.44358,2.20458,1.92385,1.42921,1.68188,1.65765,1.22874,1.4275,1.18808,1.18769,0.832496,1.71366,1.20703,1.20562,0.850668
2212,0.625,1000080160,1.62993,2.40883,2.18816,1.89264,1.50456,1.70473,1.67457,1.25242,1.48441,1.18086,1.18044,0.829531,1.68064,1.20185,1.20062,0.846445
2212,0.675,1000080160,1.62061,2.39066,2.1724,1.8751,1.45229,1.71344,1.68299,1.25396,1.49932,1.17569,1.17527,0.823815,1.71081,1.20812,1.20626,0.851371
2212,0.725,1000080160,1.63743,2.41466,2.18721,1.89701,1.5425,1.70962,1.67787,1.25882,1.4999,1.18054,1.1801,0.827812,1.66212,1.17958,1.17886,0.829906
2212,0.775,1000080160,1.62939,2.38878,2.17115,1.87344,1.48194,1.69017,1.66185,1.23529,1.50677,1.17926,1.17881,0.82695,1.67498,1.18974,1.18865,0.835667
2212,0.825,1000080160,1.61562,2.35668,2.14899,1.84391,1.48654,1.70531,1.67559,1.25197,1.51128,1.19743,1.19686,0.840264,1.62553,1.18866,1.18793,0.836274
2212,0.875,1000080160,1.60196,2.34373,2.14691,1.83281,1.53579,1.6913,1.66135,1.23909,1.51441,1.1683,1.16791,0.819417,1.63399,1.23454,1.23242,0.86832
2212,0.925,1000080160,1.68025,2.41269,2.18346,1.89564,1.46664,1.7273,1.69672,1.26729,1.49244,1.17294,1.17255,0.822442,1.64103,1.20621,1.20497,0.849406
2212,0.975,1000080160,1.58964,2.42704,2.20088,1.90862,1.47164,1.78074,1.74189,1.31456,1.49356,1.16881,1.16845,0.819431,1.62717,1.21092,1.20996,0.852775
2212,1.025,1000080160,1.66501,2.47196,2.22284,1.94957,1.50133,1.67406,1.64846,1.22234,1.48054,1.16461,1.16428,0.816505,1.61617,1.19279,1.19204,0.839236
2212,1.075,1000080160,1.6512,2.45615,2.21084,1.93424,1.47416,1.68872,1.66208,1.23399,1.49067,1.16574,1.16539,0.817384,1.56327,1.20301,1.20228,0.84616
2212,1.125,1000080160,1.61586,2.35472,2.15402,1.84342,1.50926,1.67504,1.6483,1.22358,1.48925,1.17902,1.1786,0.826622,1.66088,1.19339,1.19253,0.839931
2212,1.175,1000080160,1.68802,2.4942,2.22792,1.96785,1.42095,1.72383,1.69473,1.26293,1.48894,1.17231,1.17192,0.821762,1.59356,1.18817,1.18751,0.835635
2212,1.225,1000080160,1.66516,2.31604,2.11967,1.80808,1.49812,1.70431,1.67604,1.25201,1.47555,1.14921,1.14895,0.805536,1.60453,1.16423,1.16374,0.818047
2212,1.275,1000080160,1.62452,2.38656,2.17065,1.87151,1.49609,1.68728,1.66103,1.23406,1.4811,1.14747,1.14721,0.804143,1.61602,1.18565,1.18497,0.832054
2212,1.325,1000080160,1.58183,2.36025,2.15689,1.8472,1.50782,1.65606,1.6333,1.21035,1.47308,1.16163,1.16132,0.813992,1.60846,1.19402,1.19328,0.839906
2212,1.375,1000080160,1.72288,2.46422,2.20617,1.9403,1.47319,1.69756,1.67073,1.24475,1.49447,1.18826,1.18778,0.833651,1.64455,1.23775,1.23638,0.872922
2212,1.425,1000080160,1.59875,2.31028,2.12493,1.80241,1.46228,1.68514,1.65836,1.22946,1.49618,1.15954,1.15922,0.812772,1.58795,1.19614,1.19501,0.841287
2212,1.475,1000080160,1.63003,2.35324,2.14985,1.84251,1.5061,1.67755,1.65175,1.22888,1.46447,1.15205,1.15179,0.807508,1.60529,1.17645,1.17587,0.827134
2212,1.525,1000080160,1.60718,2.34243,2.14742,1.83206,1.52781,1.6926,1.66317,1.24299,1.49837,1.14181,1.14155,0.799926,1.5729,1.16513,1.16427,0.818621
2212,1.575,1000080160,1.64301,2.34364,2.14051,1.83276,1.49706,1.65787,1.63416,1.21121,1.51015,1.16017,1.15982,0.813532,1.64698,1.18446,1.18373,0.831653
2212,1.625,1000080160,1.67376,2.42469,2.18725,1.90467,1.42407,1.68278,1.6588,1.229,1.4612,1.16108,1.16079,0.814016,1.57781,1.17775,1.1772,0.827726
2212,1.675,1000080160,1.55074,2.35274,2.16,1.84116,1.50066,1.68298,1.65591,1.23321,1.48423,1.1574,1.1571,0.810758,1.64498,1.20103,1.20013,0.845467
2212,1.725,1000080160,1.67018,2.38817,2.16349,1.87256,1.51419,1.66097,1.63518,1.21454,1.45537,1.15251,1.15225,0.807241,1.6106,1.13763,1.13728,0.798746
2212,1.775,1000080160,1.62644,2.45305,2.21472,1.93225,1.43715,1.69681,1.6715,1.24231,1.53005,1.1151,1.11491,0.780751,1.59542,1.17238,1.17184,0.823916
2212,1.825,1000080160,1.63886,2.45786,2.21205,1.93566,1.4625,1.71343,1.68524,1.25816,1.46587,1.15694,1.15666,0.810321,1.61726,1.1861,1.18541,0.834314
2212,1.875,1000080160,1.5702,2.34305,2.14847,1.83177,1.43795,1.70251,1.67571,1.24719,1.51785,1.1585,1.15816,0.811857,1.59981,1.15397,1.15244,0.810487
2212,1.925,1000080160,1.61244,2.32924,2.13883,1.82031,1.48797,1.71259,1.68314,1.25866,1.49233,1.13217,1.13196,0.793222,1.57465,1.16081,1.1598,0.815337
2212,1.975,1000080160,1.57235,2.34914,2.1533,1.83769,1.39887,1.72159,1.69429,1.25856,1.48732,1.15774,1.15743,0.811383,1.59449,1.19457,1.19386,0.840162
2212,2.025,1000080160,1.57519,2.46597,2.22516,1.94402,1.51849,1.73015,1.69716,1.27576,1.47517,1.13706,1.13685,0.796492,1.61157,1.21088,1.20996,0.852411
2212,0.075,1000180400,0.460032,2.32633,2.32633,1.63022,1.00459,1.88329,1.88329,1.3172,0.0901186,1.14871,1.14871,0.80382,0.379804,1.24708,1.24708,0.873254
2212,0.125,1000180400,0.404128,2.44999,2.44999,1.71588,1.01679,1.96522,1.96522,1.37688,0.280681,1.2821,1.2821,0.898132,0.700477,1.47647,1.47647,1.03345
2212,0.175,1000180400,0.451716,2.38403,2.38403,1.67306,0.982549,2.02307,2.02307,1.4172,0.31097,1.34264,1.34264,0.939099,0.827401,1.49573,1.49573,1.04731
2212,0.225,1000180400,0.402985,2.50436,2.50436,1.75751,0.966962,2.00632,2.00632,1.40244,0.354123,1.38882,1.38882,0.972362,0.863887,1.56076,1.56076,1.09302
2212,0.275,1000180400,0.448081,2.38678,2.38678,1.67336,0.969615,2.07042,2.07042,1.44787,0.378987,1.40996,1.40996,0.987619,0.89836,1.58473,1.58473,1.10984
2212,0.325,1000180400,0.44216,2.40847,2.40847,1.685,0.966466,2.05701,2.05701,1.44097,0.363589,1.43784,1.43784,1.0073,0.832456,1.60276,1.60276,1.12262
2212,0.375,1000180400,0.42618,2.40915,2.40915,1.68895,0.939382,2.07998,2.07998,1.45478,0.344852,1.45201,1.45201,1.01721,0.815466,1.60842,1.60842,1.12645
2212,0.425,1000180400,0.454645,2.42485,2.42485,1.70227,0.91274,2.11719,2.11719,1.48012,0.357155,1.48606,1.48606,1.04105,0.73621,1.61582,1.61582,1.13156
2212,0.475,1000180400,0.384872,2.38981,2.38981,1.67422,0.9,2.12716,2.12716,1.49033,0.354072,1.50641,1.50641,1.05677,0.698551,1.66744,1.66744,1.1649
2212,0.525,1000180400,0.436552,2.33808,2.33808,1.64119,0.927106,2.13768,2.13768,1.49445,0.344112,1.53137,1.53136,1.07046,0.578221,1.62211,1.62211,1.13458
2212,0.575,1000180400,0.364695,2.38783,2.38783,1.67272,0.927381,2.15583,2.15583,1.50725,0.326828,1.56983,1.56983,1.10096,0.520931,1.68232,1.68232,1.18209
2212,0.625,1000180400,0.47192,2.36941,2.36941,1.66262,0.835083,2.18948,2.18948,1.53109,0.333833,1.56905,1.56905,1.10195,0.446341,1.6902,1.6902,1.18405
2212,0.675,1000180400,0.36477,2.43556,2.43556,1.7061,0.8798,2.23849,2.23849,1.56576,0.267976,1.59255,1.59255,1.11756,0.426131,1.67354,1.67354,1.1724
2212,0.725,1000180400,0.450261,2.37983,2.37983,1.66715,0.887913,2.30447,2.30447,1.61457,0.304916,1.6201,1.6201,1.13637,0.372345,1.67101,1.67101,1.17047
2212,0.775,1000180400,0.389933,2.38956,2.38956,1.67702,0.807287,2.32229,2.32229,1.62319,0.294107,1.61309,1.61309,1.13299,0.268096,1.6927,1.6927,1.18734
2212,0.825,1000180400,0.390452,2.34653,2.34653,1.64719,0.823727,2.24927,2.24927,1.57291,0.266366,1.64708,1.64708,1.15315,0.304114,1.64409,1.64409,1.15181
2212,0.875,1000180400,0.376574,2.36808,2.36808,1.65854,0.727861,2.34645,2.34645,1.64397,0.264388,1.66474,1.66474,1.16514,0.214355,1.71697,1.71697,1.20273
2212,0.925,1000180400,0.5244,2.38068,2.38068,1.66673,0.801608,2.31346,2.31346,1.61901,0.230613,1.66635,1.66635,1.16758,0.227228,1.69364,1.69364,1.18652
2212,0.975,1000180400,0.370483,2.32718,2.32718,1.6336,0.760493,2.3699,2.3699,1.65839,0.235461,1.66233,1.66233,1.16453,0.179575,1.6805,1.6805,1.1773
2212,1.025,1000180400,0.361842,2.34354,2.34354,1.64179,0.677765,2.36185,2.36185,1.65447,0.211597,1.69551,1.69551,1.18784,0.198225,1.74715,1.74715,1.22347
2212,1.075,1000180400,0.39661,2.39393,2.39393,1.67694,0.658496,2.32399,2.32399,1.62683,0.257489,1.68883,1.68883,1.18073,0.157127,1.70632,1.70632,1.19541
2212,1.125,1000180400,0.441152,2.36943,2.36943,1.65994,0.712312,2.35124,2.35124,1.64513,0.240724,1.72863,1.72863,1.21255,0.161007,1.72624,1.72624,1.20921
2212,1.175,1000180400,0.408824,2.38369,2.38369,1.67352,0.737441,2.37317,2.37317,1.65997,0.231531,1.71352,1.71352,1.20041,0.102399,1.71632,1.71632,1.20086
2212,1.225,1000180400,0.437474,2.30327,2.30327,1.61048,0.771736,2.31261,2.31261,1.6186,0.194982,1.71979,1.71979,1.20473,0.144333,1.74477,1.74477,1.22229
2212,1.275,1000180400,0.403004,2.3522,2.3522,1.64759,0.656,2.37045,2.37045,1.65682,0.243455,1.75437,1.75437,1.23176,0.0877591,1.74099,1.74099,1.21969
2212,1.325,1000180400,0.447017,2.37076,2.37076,1.66552,0.627938,2.34897,2.34897,1.64359,0.213155,1.73993,1.73993,1.21887,0.110717,1.7213,1.7213,1.20528
2212,1.375,1000180400,0.427273,2.36518,2.36518,1.65875,0.633498,2.36935,2.36935,1.65778,0.172441,1.72253,1.72253,1.20395,0.0747088,1.7275,1.7275,1.20754
2212,1.425,1000180400,0.409128,2.39607,2.39607,1.67859,0.727577,2.38256,2.38256,1.66816,0.195043,1.73559,1.73559,1.213,0.023874,1.7321,1.7321,1.21401
2212,1.475,1000180400,0.452063,2.37416,2.37416,1.66316,0.723352,2.34929,2.34929,1.64204,0.23601,1.75763,1.75763,1.23134,-0.010077,1.7322,1.7322,1.21345
2212,1.525,1000180400,0.440641,2.36539,2.36539,1.65698,0.680479,2.36677,2.36677,1.65509,0.202562,1.7704,1.7704,1.24029,0.054846,1.73107,1.73107,1.21268
2212,1.575,1000180400,0.398431,2.35785,2.35785,1.65164,0.729231,2.3213,2.3213,1.62611,0.218437,1.73047,1.73047,1.21115,0.0308095,1.719,1.719,1.2044
2212,1.625,1000180400,0.39272,2.39637,2.39637,1.675,0.691165,2.35772,2.35772,1.64997,0.201456,1.7833,1.7833,1.24932,0.0591753,1.73941,1.73941,1.21525
2212,1.675,1000180400,0.401324,2.36595,2.36595,1.66133,0.627021,2.35572,2.35572,1.64904,0.20987,1.74243,1.74243,1.22059,0.0305763,1.74031,1.74031,1.22021
2212,1.725,1000180400,0.430314,2.3807,2.3807,1.67064,0.663439,2.36892,2.36892,1.65643,0.24006,1.75022,1.75022,1.22296,-0.0354782,1.78452,1.78452,1.25009
2212,1.775,1000180400,0.31961,2.44456,2.44456,1.71412,0.666802,2.3167,2.3167,1.62313,0.223708,1.74882,1.74882,1.22506,0.0713652,1.74525,1.74525,1.22169
2212,1.825,1000180400,0.393216,2.38475,2.38475,1.67061,0.735671,2.34672,2.34672,1.64416,0.225107,1.80277,1.80277,1.26268,0.0142324,1.73043,1.73043,1.21227
2212,1.875,1000180400,0.415531,2.39929,2.39929,1.6806,0.58643,2.37034,2.37034,1.65699,0.242386,1.78013,1.78013,1.24463,0.0285227,1.77621,1.77621,1.24435
2212,1.925,1000180400,0.431713,2.3675,2.3675,1.65858,0.704204,2.36698,2.36698,1.65644,0.18511,1.73916,1.73916,1.21954,0.0820969,1.78029,1.78029,1.24551
2212,1.975,1000180400,0.432486,2.32696,2.32696,1.63018,0.752471,2.35476,2.35476,1.64955,0.231713,1.81166,1.81166,1.26735,-0.0183784,1.77972,1.77972,1.24439
2212,2.025,1000180400,0.435717,2.43737,2.43737,1.70966,0.62765,2.34492,2.34492,1.6426,0.204594,1.75355,1.75355,1.22848,0.0366972,1.77147,1.77147,1.24037
2212,0.075,1000260560,0.631775,2.32765,2.32765,1.63046,1.07162,1.97315,1.97315,1.38026,1.06984,1.24933,1.24933,0.874801,1.62384,1.39646,1.39646,0.978014
2212,0.125,1000260560,0.669629,2.53123,2.53123,1.77325,1.1032,2.02895,2.02895,1.41874,1.08295,1.31108,1.31108,0.918299,1.78563,1.39394,1.39394,0.975916
2212,0.175,1000260560,0.726601,2.5621,2.5621,1.79666,1.07606,2.11828,2.11828,1.48113,1.11321,1.3549,1.3549,0.94927,1.77834,1.43969,1.43969,1.00835
2212,0.225,1000260560,0.659592,2.52264,2.52264,1.77257,1.06458,2.13772,2.13772,1.49774,1.12645,1.40306,1.40306,0.980993,1.81125,1.4948,1.4948,1.04666
2212,0.275,1000260560,0.767702,2.56993,2.56993,1.79958,1.06617,2.17594,2.17594,1.52451,1.119,1.42223,1.42223,0.995222,1.79523,1.5239,1.5239,1.06735
2212,0.325,1000260560,0.704092,2.51455,2.51455,1.76325,1.06169,2.22522,2.22522,1.5588,1.1214,1.45261,1.45261,1.01677,1.74247,1.55129,1.55129,1.08641
2212,0.375,1000260560,0.686745,2.54688,2.54688,1.78412,1.02303,2.26104,2.26104,1.58413,1.09681,1.46215,1.46215,1.02346,1.72885,1.56625,1.56625,1.0968
2212,0.425,1000260560,0.66438,2.4759,2.4759,1.73443,1.00608,2.2906,2.2906,1.60149,1.1188,1.51072,1.51072,1.05758,1.68423,1.58791,1.58791,1.11215
2212,0.475,1000260560,0.665713,2.53151,2.53151,1.7735,1.00522,2.29949,2.29949,1.61107,1.10019,1.54177,1.54177,1.0796,1.65941,1.6382,1.6382,1.14735
2212,0.525,1000260560,0.807774,2.47809,2.47809,1.73591,1.04513,2.31154,2.31154,1.61925,1.11044,1.55497,1.55496,1.08869,1.59885,1.64188,1.64188,1.15024
2212,0.575,1000260560,0.672369,2.52531,2.52531,1.77267,0.959936,2.32128,2.32128,1.62281,1.0881,1.58222,1.58222,1.10775,1.56892,1.68737,1.68737,1.18176
2212,0.625,1000260560,0.62805,2.46553,2.46553,1.7272,0.960847,2.39112,2.39112,1.67177,1.0684,1.60746,1.60746,1.1257,1.51367,1.66321,1.66321,1.1652
2212,0.675,1000260560,0.708873,2.52499,2.52499,1.76859,0.960186,2.43258,2.43258,1.70188,1.06185,1.63438,1.63438,1.1444,1.44768,1.7107,1.7107,1.19829
2212,0.725,1000260560,0.747742,2.53134,2.53134,1.77281,0.945004,2.4869,2.4869,1.73884,1.05834,1.64586,1.64586,1.15266,1.42271,1.69723,1.69723,1.18878
2212,0.775,1000260560,0.738733,2.54408,2.54408,1.78223,0.860267,2.47402,2.47402,1.7292,1.0562,1.64787,1.64787,1.15407,1.42847,1.70646,1.70646,1.19542
2212,0.825,1000260560,0.705565,2.48369,2.48369,1.73854,0.888117,2.54819,2.54819,1.78148,1.0491,1.67762,1.67762,1.17504,1.32121,1.76642,1.76642,1.23747
2212,0.875,1000260560,0.658097,2.52842,2.52842,1.77128,0.757117,2.59662,2.59662,1.816,1.0055,1.70266,1.70266,1.1926,1.28802,1.74226,1.74226,1.22043
2212,0.925,1000260560,0.767772,2.48556,2.48556,1.74126,0.929159,2.57653,2.57653,1.80491,0.98051,1.69849,1.69849,1.18978,1.34633,1.80788,1.80788,1.26646
2212,0.975,1000260560,0.689641,2.49853,2.49853,1.75039,0.889564,2.56234,2.56234,1.79363,0.988688,1.73196,1.73196,1.21288,1.24896,1.79433,1.79433,1.2568
2212,1.025,1000260560,0.767163,2.51402,2.51402,1.7612,0.907254,2.60415,2.60415,1.81992,0.941632,1.72561,1.72561,1.20854,1.23314,1.78585,1.78584,1.25106
2212,1.075,1000260560,0.785367,2.47645,2.47645,1.73238,0.791328,2.5454,2.5454,1.78336,0.959364,1.76886,1.76886,1.23865,1.24414,1.79053,1.79053,1.25136
2212,1.125,1000260560,0.656014,2.5096,2.5096,1.75445,0.824309,2.67402,2.67402,1.8731,0.933276,1.76352,1.76352,1.23522,1.17675,1.76963,1.76963,1.23973
2212,1.175,1000260560,0.791478,2.56309,2.56309,1.79564,0.76922,2.68218,2.68218,1.8789,0.946948,1.78414,1.78414,1.24907,1.17138,1.78821,1.78821,1.25218
2212,1.225,1000260560,0.655032,2.53801,2.53801,1.77435,0.701011,2.68263,2.68263,1.87898,0.914932,1.80461,1.80461,1.26346,1.15806,1.80713,1.80713,1.26559
2212,1.275,1000260560,0.77673,2.47233,2.47233,1.72967,0.747698,2.63124,2.63124,1.84351,0.926029,1.84582,1.84582,1.29216,1.16254,1.82078,1.82078,1.27556
2212,1.325,1000260560,0.672691,2.54929,2.54929,1.78223,0.777996,2.66346,2.66346,1.86157,0.910036,1.84117,1.84117,1.28907,1.08228,1.81001,1.81001,1.26706
2212,1.375,1000260560,0.749794,2.53779,2.53779,1.77781,0.848927,2.66396,2.66396,1.86603,0.873583,1.86329,1.86329,1.30453,1.07288,1.83809,1.83809,1.28749
2212,1.425,1000260560,0.747347,2.46073,2.46073,1.72387,0.661,2.73077,2.73077,1.91324,0.881171,1.83344,1.83344,1.28356,1.02009,1.83906,1.83906,1.28836
2212,1.475,1000260560,0.753045,2.55546,2.55546,1.79472,0.778098,2.52939,2.52939,1.76897,0.896811,1.85946,1.85946,1.30177,1.06074,1.8454,1.8454,1.29284
2212,1.525,1000260560,0.671185,2.51421,2.51421,1.75959,0.814036,2.68298,2.68298,1.87937,0.878593,1.85063,1.85063,1.29515,1.01448,1.87481,1.87481,1.31675
2212,1.575,1000260560,0.649023,2.51128,2.51128,1.75932,0.690493,2.66719,2.66719,1.86835,0.875896,1.86502,1.86502,1.30553,0.989414,1.80762,1.80762,1.26857
2212,1.625,1000260560,0.683649,2.56552,2.56552,1.79686,0.712615,2.65997,2.65997,1.86313,0.904073,1.88053,1.88053,1.31589,1.04788,1.85543,1.85543,1.29986
2212,1.675,1000260560,0.575955,2.47138,2.47138,1.73138,0.683493,2.70907,2.70907,1.89453,0.866579,1.84186,1.84186,1.28922,0.942265,1.87996,1.87996,1.31524
2212,1.725,1000260560,0.703503,2.48618,2.48618,1.74175,0.670651,2.64103,2.64103,1.85003,0.858398,1.88945,1.88945,1.32235,0.966968,1.86035,1.86035,1.30693
2212,1.775,1000260560,0.758132,2.50934,2.50934,1.75758,0.754211,2.61558,2.61558,1.83044,0.89904,1.88634,1.88634,1.31973,0.985965,1.9008,1.9008,1.32826
2212,1.825,1000260560,0.716107,2.52995,2.52995,1.77241,0.645926,2.68397,2.68397,1.87998,0.917835,1.91014,1.91014,1.33627,0.95877,1.92371,1.92371,1.34405
2212,1.875,1000260560,0.698758,2.53295,2.53295,1.77402,0.712286,2.67328,2.67328,1.86979,0.879217,1.89178,1.89178,1.32347,0.907311,1.91081,1.91081,1.33582
2212,1.925,1000260560,0.693626,2.532,2.532,1.77367,0.712981,2.6025,2.6025,1.82024,0.898105,1.85952,1.85952,1.30148,0.869574,1.86226,1.86226,1.3045
2212,1.975,1000260560,0.727806,2.5361,2.5361,1.77844,0.823752,2.55361,2.55361,1.78546,0.932943,1.84559,1.84559,1.29116,0.877043,1.88865,1.88865,1.32289
2212,2.025,1000260560,0.651997,2.5569,2.5569,1.79128,0.730737,2.50547,2.50547,1.75144,0.919158,1.86736,1.86736,1.30503,0.948063,1.90925,1.90925,1.33684
