probe,ke,target,meanhA,meanErrhA,stdhA,stdErrhA,meannhN,meanErrhN,stdhN,stdErrhN,meanINCL,meanErrINCL,stdINCL,stdErrINCL,meanGeant4,meanErrGeant4,stdGeant4,stdErrGeant4211,0.325,1000060120,4.46857,1.04571,1.02031,0.789967,4.17663,9.47474,3.38508,5.87784,3.69787,2.70728,1.60588,1.91702,3.36566,11.2138,2.78637,4.37458
-211,0.075,1000060120,2.00006,12.4481,0.614998,0.447002,2.00118,16.8578,2.94343,2.11437,2.36635,14.6161,1.32737,2.28756,2.00069,10.8102,1.85381,1.33496,,,,,,,,,,,,,,,,,,
-211,0.125,1000060120,2,11.9506,1.25415,0.874786,2,15.1441,3.03693,2.18872,2.80219,9.51364,1.39227,2.07437,2.00052,16.6162,2.0585,1.44179,,,,,,,,,,,,,,,,,,
-211,0.175,1000060120,2.00014,16.7145,1.75609,1.22307,2.0031,9.74471,3.4364,2.69811,3.11105,3.13515,1.47672,2.0286,2.00484,17.9291,2.45082,2.01945,,,,,,,,,,,,,,,,,,
-211,0.225,1000060120,3.17714,3.35985,1.59799,2.19112,3.20277,14.9679,3.24172,5.71471,3.28757,3.11035,1.55664,2.05866,2.56832,17.4797,2.6328,4.31311,,,,,,,,,,,,,,,,,,
-211,0.275,1000060120,4.22246,1.23728,1.13138,0.975429,4.10955,9.22866,3.02624,4.74973,3.50885,2.87651,1.58028,1.97427,2.96164,14.2796,2.70346,4.40732,,,,,,,,,,,,,,,,,,
-211,0.325,1000060120,4.45729,1.02672,1.00396,0.773275,4.45943,9.65,3.2599,5.39641,3.64586,2.82725,1.62566,1.97717,2.08778,17.9431,3.31684,5.17905,,,,,,,,,,,,,,,,,,
-211,0.375,1000060120,4.49967,1.08216,1.052,0.821333,5.55373,4.15641,2.89354,3.93965,3.76462,2.76232,1.65897,1.96703,2.0004,11.1464,3.39586,2.57306,,,,,,,,,,,,,,,,,,
-211,0.425,1000060120,4.49495,1.08133,1.051,0.820889,5.52258,4.35196,2.95899,4.16743,3.75583,3.10437,1.77467,2.17037,2.00004,14.0008,3.31918,2.47862,,,,,,,,,,,,,,,,,,
-211,0.475,1000060120,4.54972,1.19165,1.14118,0.917928,5.86776,3.91215,2.88899,3.90026,3.77977,3.30903,1.86027,2.30319,2.00014,17.9271,3.48369,2.67787,,,,,,,,,,,,,,,,,,
-211,0.525,1000060120,4.61085,1.141,1.10723,0.867842,5.70791,5.12886,3.35791,5.52864,3.97205,3.10481,1.8742,2.21942,2.00042,14.9471,3.23216,2.39828,,,,,,,,,,,,,,,,,,
-211,0.575,1000060120,4.5863,1.31909,1.23689,1.02991,6.1266,4.23262,3.12424,4.64922,4.26955,2.86478,1.89765,2.12675,2.00004,17.2025,3.51049,2.71084,,,,,,,,,,,,,,,,,,
-211,0.625,1000060120,4.64257,1.31711,1.2424,1.02491,6.81264,3.50057,2.89255,3.85223,4.14749,3.46701,2.08177,2.50078,2,17.6432,3.83191,3.1495,,,,,,,,,,,,,,,,,,
-211,0.675,1000060120,4.65212,1.31855,1.24457,1.02569,6.59013,3.55468,2.89736,3.87092,4.25008,3.44281,2.11384,2.51239,2,17.9914,3.61484,2.85224,,,,,,,,,,,,,,,,,,
-211,0.725,1000060120,4.78841,1.29487,1.24163,0.996519,6.56993,4.10559,3.18446,4.83147,4.46338,3.04771,2.04571,2.28592,2.00188,17.9616,4.3695,4.15036,,,,,,,,,,,,,,,,,,
-211,0.775,1000060120,4.74203,1.37519,1.29517,1.07114,6.79619,3.45138,2.85246,3.74919,4.71517,2.82062,2.03583,2.17329,2,14.0152,4.44555,4.20143,,,,,,,,,,,,,,,,,,
-211,0.825,1000060120,4.80314,1.41891,1.33327,1.10643,7.21254,4.48374,3.38873,5.60386,4.59619,2.93173,2.04343,2.2395,3.11048,16.8062,4.06865,13.5191,,,,,,,,,,,,,,,,,,
-211,0.875,1000060120,4.84491,1.51741,1.40583,1.19047,6.98807,3.86744,3.08655,4.51349,4.60222,3.65803,2.33295,2.79033,4.62944,10.0014,3.19697,5.26847,,,,,,,,,,,,,,,,,,
-211,0.925,1000060120,4.79541,1.51252,1.39545,1.18831,6.90765,3.06775,2.64549,3.12905,4.48181,3.40148,2.18936,2.54665,3.64434,9.04175,6.00353,17.942,,,,,,,,,,,,,,,,,,
-211,0.975,1000060120,4.84267,1.50621,1.39805,1.18089,6.85796,4.24065,3.26447,5.17411,4.79487,3.01823,2.14509,2.34297,2.8326,9.30645,5.086,13.4463,,,,,,,,,,,,,,,,,,
-211,1.025,1000060120,4.90771,1.51871,1.41533,1.18904,7.72634,4.48757,3.24899,5.14751,4.86114,3.43968,2.34107,2.70596,4.60083,9.72945,3.34042,5.79833,,,,,,,,,,,,,,,,,,
-211,1.075,1000060120,4.99271,1.57827,1.46724,1.23703,6.76778,4.07796,3.18658,4.86395,4.98739,2.96636,2.18654,2.36053,3.58439,17.2055,4.4875,13.8577,,,,,,,,,,,,,,,,,,
-211,1.125,1000060120,5.05871,1.67678,1.54183,1.31959,6.83877,4.96694,3.61179,6.58524,4.60778,3.98083,2.46597,3.06787,2.00002,14.944,4.59981,4.59783,,,,,,,,,,,,,,,,,,
-211,1.175,1000060120,4.95961,1.69227,1.53612,1.33559,7.39134,11.6673,4.6684,14.3804,4.92197,3.17117,2.25464,2.5039,3.85714,12.7376,3.66406,7.12689,,,,,,,,,,,,,,,,,,
-211,1.225,1000060120,5.05505,1.70647,1.56043,1.34509,9.26237,11.7658,5.00684,13.3346,4.45748,4.66185,2.66034,3.60555,2.00014,14.4999,4.86043,5.08492,,,,,,,,,,,,,,,,,,
-211,1.275,1000060120,5.02959,1.84721,1.64302,1.46322,9.34401,11.3016,5.16124,14.0656,4.60007,4.9302,2.81797,3.98466,2.54525,10.5249,4.5967,13.7225,,,,,,,,,,,,,,,,,,
-211,1.325,1000060120,5.14029,1.93024,1.71232,1.53238,8.0231,5.21465,3.42769,5.8831,4.51958,3.50967,2.23934,2.63714,2.00002,17.8316,4.91512,5.1948,,,,,,,,,,,,,,,,,,
-211,1.375,1000060120,5.04666,1.8524,1.64975,1.46725,8.42944,3.90162,2.68483,3.49109,2.84591,17.5222,3.40895,6.38876,2.00001,14.9225,3.96953,3.31644,,,,,,,,,,,,,,,,,,
-211,1.425,1000060120,5.08882,2.15195,1.82757,1.71204,2.62576,14.5885,13.2782,19.824,4.36126,4.84759,2.69993,3.74275,2.00072,13.8888,4.15214,3.86215,,,,,,,,,,,,,,,,,,
-211,1.475,1000060120,5.19376,1.92103,1.71769,1.5244,9.39864,12.4358,3.55283,6.60246,2.20576,17.7353,3.51184,11.9481,2.00003,15.265,4.17272,3.67167,,,,,,,,,,,,,,,,,,
-211,1.525,1000060120,5.20823,2.02915,1.78339,1.61596,19.9741,9.15088,10.7206,19.6476,4.51344,4.05136,2.44322,3.06476,2.00002,17.3865,3.63538,2.8703,,,,,,,,,,,,,,,,,,
-211,1.575,1000060120,5.2363,2.08937,1.82451,1.667,19.9819,12.0359,12.3311,20.6715,2.01857,14.4895,4.41665,4.976,2.00007,11.8933,3.83975,3.23588,,,,,,,,,,,,,,,,,,
-211,1.625,1000060120,5.27771,1.92624,1.73506,1.52931,9.20493,12.3326,3.55271,6.74072,2.52539,17.4382,2.8023,4.88219,2.00001,16.642,4.1298,3.66343,,,,,,,,,,,,,,,,,,
-211,1.675,1000060120,5.28175,1.93883,1.74411,1.5397,8.33219,3.44936,2.52011,3.04397,3.96245,3.59074,2.03685,2.53674,2.00032,12.6636,3.5387,2.74866,,,,,,,,,,,,,,,,,,
-211,1.725,1000060120,5.428,2.02775,1.82426,1.61903,7.47167,3.6995,2.91312,4.0117,5.03932,2.94585,2.19994,2.34972,2.00001,17.8399,4.54819,4.36959,,,,,,,,,,,,,,,,,,
-211,1.775,1000060120,5.32811,2.03867,1.81179,1.62686,9.80398,12.7055,3.49242,6.45357,4.2336,9.91568,2.72475,3.90244,2,17.0186,2.94157,2.18459,,,,,,,,,,,,,,,,,,
-211,1.825,1000060120,5.38467,2.08877,1.85234,1.67267,11.2587,13.5607,3.47539,12.2767,4.41842,5.07939,2.82096,4.0433,2,17.0205,4.13916,3.6592,,,,,,,,,,,,,,,,,,
-211,1.875,1000060120,5.51045,1.96621,1.79911,1.56432,8.81691,3.32726,2.31351,2.67839,4.22011,4.17644,2.37683,3.04434,2.00004,17.6975,3.44,2.61013,,,,,,,,,,,,,,,,,,
-211,1.925,1000060120,5.35628,2.07215,1.838,1.65684,10.9265,13.3167,3.77207,13.0947,2.00019,15.4667,2.87478,2.04791,2,15.6696,3.40724,2.59771,,,,,,,,,,,,,,,,,,
-211,1.975,1000060120,5.41055,2.19509,1.91942,1.76859,11.841,13.04,3.53218,11.7665,2.00078,15.9095,3.26235,2.42243,2.00003,17.7698,3.86003,3.23981,,,,,,,,,,,,,,,,,,
-211,2.025,1000060120,5.45607,2.09037,1.86697,1.67684,8.82113,5.15903,2.9296,4.47013,2,17.8745,4.67137,4.57636,2.37201,9.12019,3.55284,12.2403,,,,,,,,,,,,,,,,,,
-211,0.075,1000080160,2.00001,11.5285,0.686849,0.483445,2.00004,17.745,3.3019,2.30292,2.0005,10.4358,1.37121,0.976818,2.17603,14.3176,1.80248,3.17926,,,,,,,,,,,,,,,,,,
-211,0.125,1000080160,2,11.9491,1.35588,0.945141,2.00075,16.5633,3.48854,2.4458,2.44218,13.7774,1.43275,2.40903,2.00262,9.02123,2.08032,1.546,,,,,,,,,,,,,,,,,,
-211,0.175,1000080160,2.00001,15.4758,1.87576,1.30716,2.0056,17.1068,3.86658,3.01745,2.70331,10.7535,1.52523,2.37886,2.55375,16.3449,2.222,3.61501,,,,,,,,,,,,,,,,,,
-211,0.225,1000080160,3.11077,9.3617,1.8476,2.6649,3.09655,17.2015,3.91361,6.45352,2.94651,9.37611,1.59098,2.31556,3.25373,10.1052,2.34842,3.41853,,,,,,,,,,,,,,,,,,
-211,0.275,1000080160,4.36015,1.46207,1.29088,1.15764,4.34185,9.25903,3.67953,5.35867,3.24255,3.21626,1.57276,2.11325,3.78906,9.57563,2.39521,3.20492,,,,,,,,,,,,,,,,,,
-211,0.325,1000080160,4.6888,1.23125,1.18409,0.945079,5.02317,10.199,3.74545,5.22988,3.2764,3.52874,1.71049,2.32682,3.39082,10.6067,2.73545,3.99187,,,,,,,,,,,,,,,,,,
-211,0.375,1000080160,4.73266,1.31691,1.25238,1.01977,6.1364,5.01777,3.48885,4.18365,3.33095,3.63336,1.7791,2.41073,3.18855,12.7797,2.90116,4.43733,,,,,,,,,,,,,,,,,,
-211,0.425,1000080160,4.79179,1.4349,1.34292,1.12103,6.41767,5.03033,3.58972,4.33405,3.56108,3.26595,1.74461,2.22356,2.79532,17.3432,3.18582,5.19081,,,,,,,,,,,,,,,,,,
-211,0.475,1000080160,4.87851,1.41225,1.33744,1.09659,6.52338,5.40275,3.79301,4.86453,3.63855,3.44481,1.84685,2.35429,2.40184,13.1365,3.44957,5.5367,,,,,,,,,,,,,,,,,,
-211,0.525,1000080160,4.88214,1.56102,1.43994,1.22661,7.03841,4.61743,3.59762,4.21186,3.67777,3.72274,1.97097,2.5435,2.00006,9.94672,3.7895,2.67191,,,,,,,,,,,,,,,,,,
-211,0.575,1000080160,4.91039,1.59498,1.46628,1.25465,7.74081,4.59751,3.78013,4.601,3.87849,3.45199,1.95769,2.41331,2,10.1777,4.32766,3.13769,,,,,,,,,,,,,,,,,,
-211,0.625,1000080160,5.03484,1.58783,1.47934,1.24337,7.95617,4.17826,3.60183,4.08192,4.12604,3.3643,2.03803,2.41055,2.01277,14.7834,4.28322,4.14753,,,,,,,,,,,,,,,,,,
-211,0.675,1000080160,4.9768,1.71872,1.55532,1.35706,8.03333,4.10277,3.56551,3.99251,4.37922,3.08316,2.02906,2.28233,2.00398,13.4584,4.76937,3.81249,,,,,,,,,,,,,,,,,,
-211,0.725,1000080160,5.12052,1.71401,1.57545,1.34864,7.78272,5.05986,4.04736,5.36993,4.42447,3.36069,2.15744,2.46965,2.00794,11.4236,5.09598,4.41431,,,,,,,,,,,,,,,,,,
-211,0.775,1000080160,5.11291,1.86792,1.67014,1.47782,8.07206,3.91174,3.44909,3.72089,4.46296,3.43598,2.19927,2.51979,2.30861,16.728,5.09353,17.3105,,,,,,,,,,,,,,,,,,
-211,0.825,1000080160,5.17914,2.01959,1.77201,1.60006,7.96306,4.17319,3.59571,4.07272,4.8392,2.92782,2.12591,2.24297,4.37477,12.6041,4.6566,8.1468,,,,,,,,,,,,,,,,,,
-211,0.875,1000080160,5.18991,2.01077,1.76873,1.59323,8.30476,4.1635,3.63744,4.1751,4.79156,2.79168,2.05046,2.13737,6.32157,5.90891,3.94932,5.3731,,,,,,,,,,,,,,,,,,
-211,0.925,1000080160,5.23938,2.0382,1.7944,1.61504,8.51161,4.25102,3.73415,4.38968,4.62384,3.24715,2.18386,2.42422,5.35057,9.21814,4.90258,8.76778,,,,,,,,,,,,,,,,,,
-211,0.975,1000080160,5.34451,2.09623,1.84857,1.66201,8.98722,4.59001,3.94602,5.03554,4.22879,9.90694,2.79258,3.64955,5.93393,10.8656,4.26524,6.55441,,,,,,,,,,,,,,,,,,
-211,1.025,1000080160,5.44644,2.10371,1.87264,1.66692,8.69886,4.24802,3.7368,4.40765,4.57396,3.63152,2.31981,2.67008,5.88356,10.506,4.68174,7.87062,,,,,,,,,,,,,,,,,,
-211,1.075,1000080160,5.57063,2.13587,1.91438,1.6919,9.20832,4.41649,3.86067,4.73466,4.84009,3.58573,2.40119,2.6817,5.52039,9.92519,4.61118,7.68005,,,,,,,,,,,,,,,,,,
-211,1.125,1000080160,5.70869,2.161,1.95433,1.71026,8.49778,5.47117,4.44776,6.64122,4.5289,4.56012,2.67758,3.2867,5.20819,9.75001,4.28448,6.75523,,,,,,,,,,,,,,,,,,
-211,1.175,1000080160,5.5891,2.19443,1.95389,1.73896,8.6966,5.86662,4.69891,7.5815,4.85879,3.76361,2.48167,2.80682,4.41829,11.3991,4.38321,7.34763,,,,,,,,,,,,,,,,,,
-211,1.225,1000080160,5.62891,2.3552,2.05457,1.86958,9.69141,6.01643,4.69392,7.55084,4.41078,10.0529,2.92141,3.78328,3.37797,16.9135,4.89109,9.22304,,,,,,,,,,,,,,,,,,
-211,1.275,1000080160,5.80193,2.33053,2.07433,1.84929,9.61807,5.83762,4.62185,7.24302,4.57697,4.50424,2.67161,3.26198,2.00207,17.3168,6.58322,6.52212,,,,,,,,,,,,,,,,,,
-211,1.325,1000080160,5.74438,2.50157,2.16177,1.98693,9.59004,5.62177,4.49674,6.82449,4.14249,9.8092,2.75646,3.63042,2.00005,17.5869,5.1892,4.15775,,,,,,,,,,,,,,,,,,
-211,1.375,1000080160,5.95127,2.41663,2.15379,1.91904,8.50266,5.07991,4.16122,5.80387,4.14261,9.73549,2.82528,3.75346,2.00051,11.0568,5.54386,4.68174,,,,,,,,,,,,,,,,,,
-211,1.425,1000080160,6.02466,2.43382,2.17773,1.93268,9.56029,4.54976,3.87685,4.84322,4.35163,4.65715,2.61664,3.31933,2.00003,9.00118,5.04809,3.94323,,,,,,,,,,,,,,,,,,
-211,1.475,1000080160,5.978,2.62404,2.27972,2.08818,9.93227,4.68087,3.88767,4.88729,3.38905,13.6437,3.48954,5.39922,2.53382,13.325,5.16607,17.5556,,,,,,,,,,,,,,,,,,
-211,1.525,1000080160,6.02566,2.52738,2.23447,2.00936,10.6423,5.63476,4.14737,5.78312,2.4513,11.3275,3.74497,6.2863,2.00064,9.29079,5.94518,5.28299,,,,,,,,,,,,,,,,,,
-211,1.575,1000080160,6.11518,2.6816,2.34123,2.13676,9.40262,3.37105,3.12357,3.00535,3.18699,14.2031,3.224,5.00981,2.00017,9.00004,4.97857,3.86838,,,,,,,,,,,,,,,,,,
-211,1.625,1000080160,6.15681,2.91144,2.47853,2.3244,9.79307,5.36329,4.29919,6.19386,4.37898,4.35947,2.53142,3.12124,2.00001,17.6544,4.93,3.85226,,,,,,,,,,,,,,,,,,
-211,1.675,1000080160,6.41478,2.53081,2.30588,2.01026,10.2123,5.06606,3.98328,5.27057,3.70225,9.08405,2.67272,3.71955,2.00004,16.1537,4.82266,3.69988,,,,,,,,,,,,,,,,,,
-211,1.725,1000080160,6.25826,2.67257,2.36437,2.13192,10.591,5.19249,3.93662,5.14847,2.15457,11.3458,3.42859,5.49174,2,17.6916,5.03885,3.97473,,,,,,,,,,,,,,,,,,
-211,1.775,1000080160,6.40806,2.66763,2.39014,2.12765,10.419,3.74903,3.18198,3.29567,2.00408,15.2301,3.93569,3.02525,2.00051,9.00239,5.36032,4.38339,,,,,,,,,,,,,,,,,,
-211,1.825,1000080160,6.42738,2.7081,2.41903,2.16161,10.6591,3.37891,2.93806,2.83121,2.3825,9.32986,3.60673,6.25349,2.00002,17.4938,4.43978,3.24566,,,,,,,,,,,,,,,,,,
-211,1.875,1000080160,6.50384,2.71218,2.43582,2.16643,11.772,13.4178,4.88306,8.64016,3.47,13.0525,3.45667,5.34549,2.00005,16.8583,4.96571,3.8545,,,,,,,,,,,,,,,,,,
-211,1.925,1000080160,6.47322,2.70635,2.4255,2.1614,10.5678,5.25775,4.01203,5.30655,2.00018,15.5965,4.06958,2.91033,2.00024,12.246,4.38924,3.19302,,,,,,,,,,,,,,,,,,
-211,1.975,1000080160,6.61514,2.67535,2.43207,2.13401,10.962,6.14593,4.24222,6.17416,2,16.2655,3.64391,2.55546,2,17.9969,4.22637,3.06484,,,,,,,,,,,,,,,,,,
-211,2.025,1000080160,6.64603,2.56883,2.36727,2.04002,10.5061,3.44942,3.06308,2.95659,4.73038,3.45606,2.30786,2.58036,2.00001,15.9917,3.92866,2.78521,,,,,,,,,,,,,,,,,,
-211,0.075,1000180400,2,2.74232,0.993184,0.693542,2.00014,10.5908,4.62887,3.22446,3.16764,9.02477,1.77012,2.49446,2.03549,11.2386,2.20208,2.67654,,,,,,,,,,,,,,,,,,
-211,0.125,1000180400,2.00008,11.816,2.05125,1.43316,2.00041,9.28345,5.05495,3.52482,3.54046,3.7594,1.92351,2.53915,2.01564,10.6362,2.54725,2.93167,,,,,,,,,,,,,,,,,,
-211,0.175,1000180400,2,15.1849,2.95627,2.06234,2.4838,14.7786,5.56848,9.65861,3.05422,13.4625,2.79387,4.32162,3.00221,13.4492,2.68975,4.16652,,,,,,,,,,,,,,,,,,
-211,0.225,1000180400,2.00087,9.09649,3.7795,2.73331,4.83112,11.1724,5.25433,7.48534,2.06722,14.8612,3.71783,6.17365,4.04716,9.6559,2.74132,3.65502,,,,,,,,,,,,,,,,,,
-211,0.275,1000180400,5.63277,3.15264,2.4686,2.46945,5.86568,10.1197,5.1707,6.82627,2.00124,10.1973,4.19344,2.95297,4.75666,4.60656,2.79456,3.36856,,,,,,,,,,,,,,,,,,
-211,0.325,1000180400,6.08827,2.65467,2.32025,2.112,6.73798,11.2,5.39035,6.69837,2.00178,11.9463,4.50476,3.18418,4.85839,5.20485,3.09668,3.82893,,,,,,,,,,,,,,,,,,
-211,0.375,1000180400,6.33611,2.7095,2.40318,2.15596,8.4054,6.4747,5.0039,5.31576,2.0003,11.705,5.00973,3.49189,5.02586,5.46408,3.28539,4.0625,,,,,,,,,,,,,,,,,,
-211,0.425,1000180400,6.53107,2.89897,2.55173,2.31197,9.11117,6.40761,5.19093,5.33781,2.00102,9.00017,5.28748,3.69887,5.04112,10.38,3.58474,4.56095,,,,,,,,,,,,,,,,,,
-211,0.475,1000180400,6.79678,2.99909,2.6641,2.39384,9.63085,6.6354,5.47163,5.58553,2.00065,14.3594,5.87307,4.09338,5.41284,10.6163,3.87593,4.86283,,,,,,,,,,,,,,,,,,
-211,0.525,1000180400,6.92133,3.20606,2.81091,2.56455,10.3259,6.80971,5.7886,5.80513,2.00047,12.5332,6.52416,4.54561,5.77674,10.8502,4.10048,5.05711,,,,,,,,,,,,,,,,,,
-211,0.575,1000180400,6.97863,3.41361,2.94519,2.73206,10.9771,6.26401,5.59249,5.33103,2.00023,11.9916,7.32721,5.10431,6.47986,6.40152,4.31237,5.04678,,,,,,,,,,,,,,,,,,
-211,0.625,1000180400,7.15123,3.7253,3.15859,2.98548,11.9591,6.13592,5.74078,5.24415,2.00066,9.00181,7.76368,5.41267,7.26902,5.76446,4.2476,4.59454,,,,,,,,,,,,,,,,,,
-211,0.675,1000180400,7.34535,3.72175,3.2003,2.9887,12.2283,6.12486,5.79211,5.24156,2,13.8232,8.4466,5.88544,8.11583,5.31263,4.2694,4.30384,,,,,,,,,,,,,,,,,,
-211,0.725,1000180400,7.73301,3.67569,3.2566,2.95674,12.4387,6.09817,5.81357,5.22602,2.00125,11.3669,8.7279,6.15444,8.73353,4.70791,4.08317,3.843,,,,,,,,,,,,,,,,,,
-211,0.775,1000180400,7.85545,3.94715,3.44214,3.1847,12.3593,6.99857,6.48407,6.20416,2.03657,17.0858,8.92309,7.84593,9.16591,4.66806,4.15601,3.81766,,,,,,,,,,,,,,,,,,
-211,0.825,1000180400,7.93419,4.15134,3.57665,3.35627,12.414,6.27029,5.93937,5.40685,3.36588,9.03849,9.01548,14.6924,9.72019,4.44454,4.11749,3.61925,,,,,,,,,,,,,,,,,,
-211,0.875,1000180400,8.19421,4.12004,3.61593,3.33524,12.6223,6.80031,6.39898,6.00215,4.68713,15.3944,8.71098,13.7392,10.4247,4.2595,4.09321,3.42826,,,,,,,,,,,,,,,,,,
-211,0.925,1000180400,8.24266,4.49948,3.84825,3.65165,13.1128,6.22451,6.06031,5.38898,5.03311,15.5921,9.16414,14.4185,10.3908,4.13788,3.99644,3.3131,,,,,,,,,,,,,,,,,,
-211,0.975,1000180400,8.56971,4.4489,3.89369,3.61895,13.6946,6.36548,6.30909,5.58417,5.59699,16.0656,8.78754,13.3711,10.7926,4.00759,3.9368,3.16911,,,,,,,,,,,,,,,,,,
-211,1.025,1000180400,8.41743,4.79498,4.06415,3.90061,14.3854,6.30359,6.41509,5.5691,5.37362,15.6834,9.67364,15.162,10.8957,4.37215,4.24065,3.51823,,,,,,,,,,,,,,,,,,
-211,1.075,1000180400,8.52614,5.2443,4.33909,4.28177,14.5868,6.55221,6.70481,5.91914,5.74785,15.9111,10.0171,15.5665,11.1907,4.43913,4.33006,3.5717,,,,,,,,,,,,,,,,,,
-211,1.125,1000180400,8.75009,4.81371,4.15013,3.93229,14.8627,13.3582,7.13989,6.48575,4.85428,9.88266,10.696,17.8414,10.9661,4.71837,4.51395,3.85041,,,,,,,,,,,,,,,,,,
-211,1.175,1000180400,9.33821,4.87139,4.32255,3.99734,15.6156,13.5962,7.30874,6.57062,7.60461,11.0619,9.16575,13.0328,11.0892,4.85064,4.63226,3.97468,,,,,,,,,,,,,,,,,,
-211,1.225,1000180400,9.39871,5.19485,4.53646,4.2808,15.3296,6.13374,6.47905,5.45116,7.67787,12.3654,9.82646,14.4033,11.3056,4.74144,4.58193,3.86343,,,,,,,,,,,,,,,,,,
-211,1.275,1000180400,9.34707,5.4765,4.69234,4.52719,15.4037,6.34683,6.72874,5.7738,8.72232,9.84815,9.18595,12.5094,11.4591,5.19527,4.94768,4.30449,,,,,,,,,,,,,,,,,,
-211,1.325,1000180400,9.65819,5.52254,4.79663,4.58247,15.9556,13.3191,6.90922,5.91832,7.17093,14.5663,10.2383,15.6196,11.6316,5.17313,4.96024,4.27946,,,,,,,,,,,,,,,,,,
-211,1.375,1000180400,9.55597,5.51425,4.76057,4.57061,15.6737,6.27868,6.73716,5.73389,10.5726,13.0202,8.93417,11.1733,11.6003,5.48658,5.19071,4.58814,,,,,,,,,,,,,,,,,,
-211,1.425,1000180400,9.9608,5.36198,4.76899,4.44612,16.312,14.0146,7.61679,6.90745,8.14178,12.0391,10.2764,15.1972,11.9015,5.43083,5.20396,4.53216,,,,,,,,,,,,,,,,,,
-211,1.475,1000180400,10.2606,5.49139,4.91433,4.57562,16.7064,5.52267,6.14924,4.82581,9.51279,11.2348,9.29081,12.3909,12.0568,5.47988,5.26741,4.58321,,,,,,,,,,,,,,,,,,
-211,1.525,1000180400,10.2366,5.82235,5.12139,4.87639,16.2427,5.72133,6.25791,5.01862,10.1195,10.9799,10.1297,14.0767,11.4316,6.75945,6.05397,5.85364,,,,,,,,,,,,,,,,,,
-211,1.575,1000180400,10.4755,5.92726,5.25296,4.98007,17.112,13.6217,6.85635,5.66089,7.84222,12.0443,9.90599,14.4945,12.0001,6.0457,5.67894,5.15748,,,,,,,,,,,,,,,,,,
-211,1.625,1000180400,10.6099,6.2223,5.47906,5.26557,17.5787,13.8058,6.81201,5.52875,9.31246,10.2444,10.7971,16.1299,11.5926,6.03282,5.5793,5.13166,,,,,,,,,,,,,,,,,,
-211,1.675,1000180400,10.9843,6.74825,5.93332,5.80093,18.1116,13.9263,6.52486,5.11215,9.85704,9.43838,10.636,15.4666,12.2381,6.03571,5.72685,5.15052,,,,,,,,,,,,,,,,,,
-211,1.725,1000180400,10.7925,6.81947,5.91956,5.86054,17.9567,14.4276,7.18136,5.99581,12.034,13.9901,9.34824,11.49,11.2487,6.614,5.89965,5.69257,,,,,,,,,,,,,,,,,,
-211,1.775,1000180400,11.2329,6.38595,5.73692,5.46391,18.9367,15.5997,6.97693,5.61738,9.71564,10.5796,9.92736,13.7398,11.2689,6.79758,6.04066,5.88337,,,,,,,,,,,,,,,,,,
-211,1.825,1000180400,11.2258,6.34782,5.715,5.42301,18.128,14.2271,6.82358,5.48216,8.97101,12.097,11.2476,17.4638,11.0621,12.8663,6.6291,6.85183,,,,,,,,,,,,,,,,,,
-211,1.875,1000180400,11.2581,6.95062,6.14777,6.03295,17.8886,14.5071,7.32074,6.21003,5.98218,9.27489,12.5592,22.3514,11.5238,12.9626,6.75893,6.90159,,,,,,,,,,,,,,,,,,
-211,1.925,1000180400,11.7096,6.43909,5.90253,5.54216,18.2185,14.5802,7.08597,5.8313,10.4561,9.17326,11.3543,17.2914,11.3686,12.9735,6.78696,6.96673,,,,,,,,,,,,,,,,,,
-211,1.975,1000180400,12.0779,6.86798,6.31397,6.01987,18.7366,15.122,6.91632,5.55038,7.95144,14.7253,11.5004,18.5702,10.8591,12.9859,6.84599,7.28646,,,,,,,,,,,,,,,,,,
-211,2.025,1000180400,12.1623,6.84033,6.31585,5.99604,17.5308,13.5418,6.54957,5.20092,10.8629,11.0042,10.9161,15.8244,11.3556,13.183,7.11337,7.52718,,,,,,,,,,,,,,,,,,
-211,0.075,1000260560,2,2.79259,1.37177,0.958806,2,12.7864,5.27419,3.67249,3.39653,3.81544,1.88298,2.55153,2.00155,11.2068,2.27397,1.62342,,,,,,,,,,,,,,,,,,
-211,0.125,1000260560,2,12.2756,2.664,1.86189,2.00416,17.8251,5.69347,4.09377,3.88385,3.60151,2.0165,2.50982,2.00126,12.8849,2.55671,1.80281,,,,,,,,,,,,,,,,,,
-211,0.175,1000260560,2,16.1794,3.74647,2.61244,2.21454,17.8137,6.31547,11.5561,4.29745,3.55816,2.18441,2.56819,2.70939,17.0209,2.85747,4.58655,,,,,,,,,,,,,,,,,,
-211,0.225,1000260560,2.00988,14.4525,4.69038,3.72933,5.27128,10.4789,5.6358,7.95332,4.67601,3.51554,2.31243,2.60803,4.12302,9.71057,2.81914,3.74313,,,,,,,,,,,,,,,,,,
-211,0.275,1000260560,6.63498,3.96031,3.14386,3.14139,6.23437,9.63935,6.01884,8.08474,4.93105,3.78317,2.52156,2.82305,4.96967,4.46474,2.82153,3.29946,,,,,,,,,,,,,,,,,,
-211,0.325,1000260560,7.36013,3.46633,3.05579,2.78006,7.77077,11.8854,5.68152,6.7292,5.04193,4.51387,2.8663,3.35012,5.07596,5.26378,3.20798,3.90697,,,,,,,,,,,,,,,,,,
-211,0.375,1000260560,7.61404,3.62613,3.20275,2.91427,9.40325,7.26341,5.7894,6.19235,5.04467,5.54494,3.33402,4.13297,5.38438,5.42202,3.41451,4.07736,,,,,,,,,,,,,,,,,,
-211,0.425,1000260560,8.03253,3.75916,3.3648,3.02924,10.2028,7.35231,6.10596,6.35897,5.10008,10.3172,3.79108,4.87375,5.49565,5.87644,3.68811,4.47118,,,,,,,,,,,,,,,,,,
-211,0.475,1000260560,8.25112,3.72615,3.38548,2.99909,10.8645,7.11267,6.13704,6.17137,4.68916,10.0325,4.58721,6.45676,5.74201,5.98195,3.83094,4.59069,,,,,,,,,,,,,,,,,,
-211,0.525,1000260560,8.41695,4.17365,3.69801,3.38154,11.5729,7.10645,6.34081,6.24044,5.19727,9.19053,4.7826,6.5151,6.20709,6.16164,4.08537,4.80106,,,,,,,,,,,,,,,,,,
-211,0.575,1000260560,8.72053,4.32636,3.8524,3.51645,13.0391,6.80386,6.50979,6.04609,4.88932,12.2326,5.7095,8.26376,6.98856,6.12437,4.33358,4.86444,,,,,,,,,,,,,,,,,,
-211,0.625,1000260560,8.7105,4.46124,3.93352,3.63088,13.696,6.71857,6.61563,6.0139,5.18432,12.2362,6.19542,8.925,7.57183,6.16389,4.54486,4.96207,,,,,,,,,,,,,,,,,,
-211,0.675,1000260560,9.32813,4.86511,4.3168,3.99002,13.8536,6.7661,6.70125,6.09359,5.96499,9.75021,6.3439,8.78264,8.48414,5.50335,4.47241,4.4929,,,,,,,,,,,,,,,,,,
-211,0.725,1000260560,9.52275,4.95967,4.41281,4.08169,13.9831,7.11231,7.06174,6.58415,5.46512,14.2102,7.46063,10.9111,9.34937,4.86582,4.31743,3.9939,,,,,,,,,,,,,,,,,,
-211,0.775,1000260560,9.6406,4.73237,4.29643,3.87788,14.4524,6.6876,6.7952,6.07912,6.7048,9.16147,7.11177,9.69119,10.0422,4.65572,4.31846,3.80801,,,,,,,,,,,,,,,,,,
-211,0.825,1000260560,9.97756,5.12008,4.61709,4.22771,14.6393,6.88701,7.04447,6.40688,5.77083,15.269,8.46055,12.6292,10.8095,4.33543,4.20075,3.4859,,,,,,,,,,,,,,,,,,
-211,0.875,1000260560,10.1613,5.06781,4.6195,4.18329,15.3231,13.4597,7.19956,6.46839,6.89858,10.7223,8.08177,11.3239,11.1556,4.29593,4.20975,3.43664,,,,,,,,,,,,,,,,,,
-211,0.925,1000260560,10.879,4.82745,4.58175,3.95702,15.5965,13.8293,7.57791,7.00727,7.12878,11.1173,8.56379,12.0981,11.5374,4.24186,4.20549,3.3619,,,,,,,,,,,,,,,,,,
-211,0.975,1000260560,10.4731,5.71953,5.11483,4.78814,16.2172,13.8592,7.46241,6.69498,7.55104,10.8366,8.99965,12.727,11.9565,4.12601,4.14021,3.22538,,,,,,,,,,,,,,,,,,
-211,1.025,1000260560,10.7408,5.82294,5.24717,4.89501,16.2608,14.0382,7.65387,6.99432,8.87085,11.2634,8.50129,11.0601,12.2464,4.62796,4.60677,3.71529,,,,,,,,,,,,,,,,,,
-211,1.075,1000260560,10.8602,6.25931,5.56717,5.31348,16.7903,14.49,7.95422,7.41677,8.30242,9.60314,9.38988,13.1436,12.3731,4.5153,4.52189,3.59613,,,,,,,,,,,,,,,,,,
-211,1.125,1000260560,11.4766,6.0926,5.5943,5.1838,17.0935,14.3517,7.65921,6.87235,9.16525,9.95402,9.6638,13.3236,12.6249,4.83636,4.82837,3.91445,,,,,,,,,,,,,,,,,,
-211,1.175,1000260560,11.8296,6.39119,5.89764,5.50134,18.2207,15.8836,8.37808,7.96217,7.87249,12.604,10.1905,15.1448,12.6946,4.87522,4.87049,3.95037,,,,,,,,,,,,,,,,,,
-211,1.225,1000260560,12.1419,6.08255,5.73829,5.19875,18.5969,15.9985,7.95463,7.18487,10.3122,12.4187,9.33178,12.1055,13.0762,4.83835,4.88032,3.89968,,,,,,,,,,,,,,,,,,
-211,1.275,1000260560,12.2077,6.69271,6.20972,5.84804,18.5412,15.8541,7.90319,7.09432,9.68654,9.49439,10.4471,15.0097,13.1608,4.86736,4.91575,3.92749,,,,,,,,,,,,,,,,,,
-211,1.325,1000260560,12.3309,6.89489,6.39287,6.07944,18.6768,16.383,8.22967,7.66149,9.74103,10.0768,11.2111,17.0388,13.5184,5.14923,5.2123,4.21716,,,,,,,,,,,,,,,,,,
-211,1.375,1000260560,12.3621,6.91913,6.42989,6.10255,19.9749,17.7076,8.4598,8.01238,10.4315,9.19208,11.3217,17.2083,13.5374,5.59204,5.60861,4.69942,,,,,,,,,,,,,,,,,,
-211,1.425,1000260560,13.0147,6.67846,6.41016,5.88998,19.8691,9.2271,8.15953,7.45864,11.4582,12.4229,10.626,14.8835,14.0188,5.33627,5.45021,4.41389,,,,,,,,,,,,,,,,,,
-211,1.475,1000260560,13.2437,7.00337,6.74142,6.3116,19.9999,16.9026,9.12832,9.40564,11.9281,10.4715,12.1417,19.3637,14.2473,5.66334,5.79022,4.7868,,,,,,,,,,,,,,,,,,
-211,1.525,1000260560,13.8389,7.04543,6.94969,6.46213,20,17.8316,8.95143,9.02224,12.4126,12.4821,11.5271,17.2535,14.3246,5.59291,5.73666,4.70548,,,,,,,,,,,,,,,,,,
-211,1.575,1000260560,13.5387,7.18124,6.9877,6.58134,20,15.923,8.38104,7.84498,12.7941,14.2604,10.1906,13.2866,15.1595,5.20476,5.47318,4.26576,,,,,,,,,,,,,,,,,,
-211,1.625,1000260560,13.8437,13.3507,7.21727,6.85102,19.9998,17.7967,8.01167,7.19914,12.8726,13.651,11.1223,15.864,14.5451,5.76796,5.94149,4.91716,,,,,,,,,,,,,,,,,,
-211,1.675,1000260560,14.0689,13.4278,7.30205,6.91224,19.9999,16.7091,8.04705,7.30088,11.8174,9.49814,12.5052,20.5484,14.7595,6.13593,6.34193,5.38852,,,,,,,,,,,,,,,,,,
-211,1.725,1000260560,14.3936,13.4374,7.28431,6.80966,20,16.1403,8.76391,8.65669,10.7797,13.4533,14.953,53.8124,14.888,6.37145,6.60774,5.7162,,,,,,,,,,,,,,,,,,
-211,1.775,1000260560,14.3178,13.4144,7.26294,6.7944,20,15.8127,8.67056,8.49016,11.4305,11.0299,13.2386,23.2168,15.3229,6.04319,6.38131,5.32883,,,,,,,,,,,,,,,,,,
-211,1.825,1000260560,14.8562,14.1639,8.116,8.07776,20,15.7794,8.4422,8.03971,16.0964,15.9514,11.5515,16.5261,15.2863,5.94478,6.26919,5.19076,,,,,,,,,,,,,,,,,,
-211,1.875,1000260560,14.8442,14.3722,8.37119,8.5933,20,15.5039,9.13186,9.43323,13.1819,10.4295,13.2527,22.926,14.4846,6.97279,7.08792,6.49862,,,,,,,,,,,,,,,,,,
-211,1.925,1000260560,15.6594,14.457,8.30214,8.26024,20,16.9652,8.85584,8.94479,13.2929,13.2601,11.8564,18.0334,15.3647,6.36722,6.73886,5.79652,,,,,,,,,,,,,,,,,,
-211,1.975,1000260560,14.9521,14.3973,8.37896,8.58585,20,16.3374,9.48966,10.2352,12.3254,11.8417,14.5049,27.7977,15.8832,6.10426,6.60348,5.50909,,,,,,,,,,,,,,,,,,
-211,2.025,1000260560,15.8089,14.6957,8.54265,8.70091,20,16.5067,9.35335,10.1512,14.0485,14.431,11.6074,16.999,14.868,13.5491,7.36849,6.83306,,,,,,,,,,,,,,,,,,
111,0.075,1000060120,2.00007,12.5223,0.624041,0.450047,2.00022,16.865,2.98645,2.14259,2.50814,11.6373,1.28821,2.10388,2.00041,14.1195,1.77442,1.24618,,,,,,,,,,,,,,,,,,
111,0.125,1000060120,2,12.1445,1.24872,0.870625,2.00001,14.3684,3.08851,2.23578,2.86558,3.69936,1.39702,2.04448,2,17.8457,1.93121,1.34415,,,,,,,,,,,,,,,,,,
111,0.175,1000060120,2.00003,16.3331,1.70677,1.18837,2.00239,11.7729,3.52173,2.78978,3.18287,3.01649,1.47017,1.97331,2.00044,16.8238,2.21557,1.54938,,,,,,,,,,,,,,,,,,
111,0.225,1000060120,3.09968,3.40107,1.57842,2.2036,3.63145,11.0809,3.10525,5.1768,3.43762,2.75715,1.50482,1.88599,2.00564,12.2261,2.68601,2.11472,,,,,,,,,,,,,,,,,,
111,0.275,1000060120,4.20017,1.1876,1.09619,0.933843,4.6528,5.17923,2.94375,4.33429,3.54589,2.80463,1.57217,1.94042,2.09252,11.4873,2.86972,4.54307,,,,,,,,,,,,,,,,,,
111,0.325,1000060120,4.43428,1.02567,1.00136,0.771278,5.38157,4.29657,2.88255,3.95418,3.67294,2.6782,1.58441,1.894,2.00185,9.20503,2.97154,2.17564,,,,,,,,,,,,,,,,,,
111,0.375,1000060120,4.43879,1.04445,1.0173,0.790827,5.96068,3.65748,2.80314,3.61357,3.7898,2.73796,1.66087,1.95729,2.00192,10.1673,2.95684,2.15871,,,,,,,,,,,,,,,,,,
111,0.425,1000060120,4.47681,1.13862,1.0943,0.874495,5.85045,4.58757,3.18561,4.88311,3.94515,2.58594,1.66854,1.89492,2.00005,16.2485,2.98023,2.1382,,,,,,,,,,,,,,,,,,
111,0.475,1000060120,4.56691,1.13927,1.10246,0.869162,5.95069,4.75945,3.30292,5.28878,3.87993,2.98636,1.79064,2.12869,2.00051,17.944,3.00465,2.16821,,,,,,,,,,,,,,,,,,
111,0.525,1000060120,4.61112,1.13744,1.10419,0.861712,6.43497,4.95909,3.56289,6.30763,4.10785,2.71346,1.77867,2.00033,2,17.5762,3.11126,2.26516,,,,,,,,,,,,,,,,,,
111,0.575,1000060120,4.60819,1.17637,1.13482,0.900303,6.72463,4.44007,3.36094,5.50968,4.27867,2.57962,1.78722,1.94168,2,17.8189,3.26492,2.43772,,,,,,,,,,,,,,,,,,
111,0.625,1000060120,4.69732,1.25957,1.20635,0.970216,7.03227,3.78717,3.04632,4.36969,4.53545,2.21513,1.7124,1.72203,2.00006,17.8477,3.38598,2.56078,,,,,,,,,,,,,,,,,,
111,0.675,1000060120,4.62683,1.35029,1.26357,1.05498,7.00742,5.01361,3.6539,6.72028,4.55888,2.60663,1.89138,1.99477,2.00001,16.3421,3.84755,3.17784,,,,,,,,,,,,,,,,,,
111,0.725,1000060120,4.73829,1.34889,1.2761,1.04791,6.74116,5.18876,3.73303,7.02415,4.59395,2.86039,2.01467,2.18249,2.00004,17.9994,3.66383,2.91251,,,,,,,,,,,,,,,,,,
111,0.775,1000060120,4.82107,1.34398,1.28153,1.03875,7.43647,4.29224,3.25371,5.10305,4.55103,3.16254,2.12376,2.38855,2,15.6675,4.15416,3.64143,,,,,,,,,,,,,,,,,,
111,0.825,1000060120,4.82251,1.39473,1.3185,1.08415,7.14709,3.74609,3.00439,4.25752,4.48709,3.27079,2.13939,2.45556,3.20525,16.9104,3.63881,13.0057,,,,,,,,,,,,,,,,,,
111,0.875,1000060120,4.78839,1.47809,1.3717,1.15885,6.80615,3.75133,3.00906,4.26916,4.79468,3.51878,2.35067,2.75057,2.00016,13.1347,4.49168,4.31116,,,,,,,,,,,,,,,,,,
111,0.925,1000060120,4.88333,1.53844,1.42522,1.20741,6.78564,3.67054,2.94829,4.10051,4.92385,2.76395,2.07329,2.17251,2.39126,15.2169,4.84834,13.1472,,,,,,,,,,,,,,,,,,
111,0.975,1000060120,4.97181,1.53664,1.43607,1.2019,7.20106,3.55861,2.91629,3.93873,4.70211,3.36582,2.25955,2.58675,3.57449,16.8523,4.19798,13.8975,,,,,,,,,,,,,,,,,,
111,1.025,1000060120,4.97048,1.4951,1.40711,1.16516,7.60891,3.74909,2.93728,4.03399,5.0669,3.96483,2.63072,3.31789,3.80778,10.0588,3.06286,5.0491,,,,,,,,,,,,,,,,,,
111,1.075,1000060120,5.03609,1.59062,1.48138,1.24606,7.39625,5.38932,3.78231,7.21231,4.97133,3.07261,2.23048,2.43832,2.00001,9.00821,4.45824,4.20366,,,,,,,,,,,,,,,,,,
111,1.125,1000060120,5.13124,1.58036,1.4866,1.23255,7.08294,4.6224,3.4773,5.93537,4.43609,4.56996,2.61334,3.50315,2.00002,10.4623,5.06247,5.58651,,,,,,,,,,,,,,,,,,
111,1.175,1000060120,5.1041,1.72408,1.57935,1.35876,6.96767,3.5783,2.92014,3.97948,4.86035,3.62499,2.42133,2.87896,2.00001,16.0189,5.29441,6.16853,,,,,,,,,,,,,,,,,,
111,1.225,1000060120,5.26738,1.5639,1.49023,1.21077,7.39522,3.69884,2.96562,4.09919,4.9607,3.24616,2.30154,2.58121,2.00951,9.011,4.78124,5.4027,,,,,,,,,,,,,,,,,,
111,1.275,1000060120,5.26387,1.76851,1.63232,1.39264,7.24718,4.46432,3.37511,5.56748,4.87935,4.01514,2.5788,3.24648,2.80832,12.2404,4.07358,13.3148,,,,,,,,,,,,,,,,,,
111,1.325,1000060120,5.29628,1.66249,1.5646,1.29761,8.76917,12.2207,3.88186,14.3712,4.5369,3.89729,2.40438,2.9551,2.00042,10.5651,4.42707,4.14013,,,,,,,,,,,,,,,,,,
111,1.375,1000060120,5.42234,1.61914,1.54715,1.25255,8.0189,4.29067,3.02442,4.43574,4.76761,3.89723,2.49346,3.07459,2.00017,9.1422,4.20694,3.73758,,,,,,,,,,,,,,,,,,
111,1.425,1000060120,5.42557,1.65481,1.57346,1.28526,7.57144,11.723,4.51715,14.554,4.79204,2.7139,2.01201,2.11212,2,14.2958,4.20227,3.68761,,,,,,,,,,,,,,,,,,
111,1.475,1000060120,5.34011,1.82696,1.68197,1.44223,8.1557,5.25693,3.40013,5.73813,3.93125,9.15684,2.95562,4.62161,2.00012,17.9931,3.88206,3.22811,,,,,,,,,,,,,,,,,,
111,1.525,1000060120,5.39725,1.84225,1.70102,1.45387,7.82974,4.00351,2.94595,4.17984,3.06568,11.3837,2.33996,3.5756,2.00067,13.5328,4.41151,4.06384,,,,,,,,,,,,,,,,,,
111,1.575,1000060120,5.61824,1.78719,1.69148,1.39785,8.66492,3.39161,2.38619,2.81259,3.14916,16.1916,3.36481,6.17565,2,17.2263,3.9157,3.23826,,,,,,,,,,,,,,,,,,
111,1.625,1000060120,5.55273,1.89526,1.75829,1.49955,8.10917,3.75678,2.73076,3.58288,3.75102,11.2903,3.31303,5.77183,2.00006,17.8134,3.07023,2.25078,,,,,,,,,,,,,,,,,,
111,1.675,1000060120,5.62501,1.66828,1.60386,1.28706,10.8239,12.6734,6.61745,22.8893,4.63313,3.7387,2.37784,2.86978,2.00005,17.3672,4.21084,3.84173,,,,,,,,,,,,,,,,,,
111,1.725,1000060120,5.61474,1.70636,1.63171,1.32284,9.97447,12.404,4.47889,13.8823,3.7474,9.6062,2.88054,4.46353,2.00032,14.3909,4.03496,3.42689,,,,,,,,,,,,,,,,,,
111,1.775,1000060120,5.69951,1.9087,1.78715,1.5106,7.91246,2.49854,2.12161,2.1028,4.18738,4.60667,2.53159,3.41298,2.00007,18,3.22479,2.36986,,,,,,,,,,,,,,,,,,
111,1.825,1000060120,5.56929,1.81841,1.70774,1.42848,8.2961,2.82572,2.27542,2.40045,2.00174,9.16187,3.4407,2.6418,2.00004,17.5027,3.36918,2.5325,,,,,,,,,,,,,,,,,,
111,1.875,1000060120,5.75125,1.887,1.7784,1.48883,7.79624,1.9723,1.82686,1.5453,2.39171,16.3828,2.57292,4.50116,2.00001,15.639,3.1759,2.33916,,,,,,,,,,,,,,,,,,
111,1.925,1000060120,5.77381,1.87562,1.77308,1.47742,8.84207,4.19906,2.5621,3.44916,3.50471,11.992,3.07991,5.25653,3.6772,4.07898,2.09089,2.80767,,,,,,,,,,,,,,,,,,
111,1.975,1000060120,5.8975,1.88317,1.79198,1.48241,10.5038,13.2465,3.56263,6.88474,2.93156,14.3074,4.12367,13.4749,2,16.1611,3.56743,2.79016,,,,,,,,,,,,,,,,,,
111,2.025,1000060120,5.8186,1.92479,1.81286,1.52425,10.0014,12.842,4.17124,13.9792,2.11182,16.3836,3.24471,5.18368,2.00035,15.3497,3.36778,2.56455,,,,,,,,,,,,,,,,,,
111,0.075,1000080160,2,12.0292,0.657866,0.466599,2.00025,17.1676,3.37899,2.36106,2.01635,16.8476,1.36148,1.92912,2.2554,17.7834,1.71833,3.00004,,,,,,,,,,,,,,,,,,
111,0.125,1000080160,2,11.8459,1.31826,0.919547,2.00021,17.0552,3.52703,2.46776,2.54901,11.7351,1.39932,2.25936,2.00026,13.4724,1.95525,1.36923,,,,,,,,,,,,,,,,,,
111,0.175,1000080160,2.00001,15.9836,1.85848,1.2942,2.00348,14.9263,4.01187,3.05261,2.84655,9.52832,1.47187,2.18325,2.22066,12.9339,2.21549,3.85389,,,,,,,,,,,,,,,,,,
111,0.225,1000080160,2.88992,10.7299,1.9298,2.8948,3.73853,12.1931,3.67917,5.69257,3.10873,3.33045,1.55157,2.15722,3.01837,11.1814,2.21705,3.35597,,,,,,,,,,,,,,,,,,
111,0.275,1000080160,4.34443,1.53124,1.32651,1.21264,4.98263,10.2646,3.61101,4.92207,3.2549,3.31597,1.61649,2.18008,3.36119,9.70425,2.38847,3.42871,,,,,,,,,,,,,,,,,,
111,0.325,1000080160,4.57223,1.30896,1.2281,1.02151,5.7984,5.36074,3.51306,4.37137,3.48767,3.03108,1.62507,2.06177,2.74971,16.2539,2.7487,4.38216,,,,,,,,,,,,,,,,,,
111,0.375,1000080160,4.6953,1.36059,1.27928,1.06056,6.55063,4.45795,3.36502,3.7979,3.50025,3.24469,1.7082,2.1955,2.47932,16.6182,3.04246,5.02436,,,,,,,,,,,,,,,,,,
111,0.425,1000080160,4.77848,1.32356,1.26207,1.02292,7.07115,4.45874,3.5173,4.02998,3.62949,3.18969,1.7484,2.19289,2.26003,10.0321,3.22842,5.87563,,,,,,,,,,,,,,,,,,
111,0.475,1000080160,4.79348,1.45731,1.35839,1.14063,7.18915,3.99652,3.3122,3.53013,3.7578,3.16772,1.79872,2.20912,2.00071,15.0634,3.45692,2.4255,,,,,,,,,,,,,,,,,,
111,0.525,1000080160,4.8823,1.49003,1.39251,1.16495,7.26085,4.76041,3.7284,4.52587,3.85822,3.18727,1.85984,2.2442,2.00007,15.4257,3.65164,2.56314,,,,,,,,,,,,,,,,,,
111,0.575,1000080160,4.95986,1.51332,1.41846,1.18178,8.02579,4.01776,3.51687,3.8696,3.97557,3.25211,1.93304,2.30932,2.0008,10.3596,3.96007,2.81436,,,,,,,,,,,,,,,,,,
111,0.625,1000080160,4.97544,1.62113,1.49305,1.27461,7.78848,4.61099,3.80453,4.6517,4.21461,3.03361,1.94444,2.21856,2.00196,9.29935,4.37178,3.22094,,,,,,,,,,,,,,,,,,
111,0.675,1000080160,5.10032,1.68266,1.55183,1.32267,8.02518,5.14412,4.14854,5.68335,4.41104,2.75119,1.90694,2.06679,2.00813,11.2249,4.18733,3.66284,,,,,,,,,,,,,,,,,,
111,0.725,1000080160,5.13345,1.76503,1.6101,1.39168,8.35552,4.00723,3.55939,3.95399,4.53419,2.89206,2.00554,2.17323,2.0046,17.5203,4.94054,3.9566,,,,,,,,,,,,,,,,,,
111,0.775,1000080160,5.2467,1.78635,1.64145,1.4062,8.25593,3.86537,3.45179,3.70682,4.595,2.75656,1.97057,2.09037,4.31837,9.87997,3.86924,5.84542,,,,,,,,,,,,,,,,,,
111,0.825,1000080160,5.21747,1.83888,1.67039,1.45153,8.06293,4.76702,3.9479,5.06399,4.47378,3.30564,2.15405,2.44216,5.34778,10.5018,3.8934,5.50696,,,,,,,,,,,,,,,,,,
111,0.875,1000080160,5.28098,1.83984,1.68136,1.45047,8.36347,4.1448,3.645,4.16895,4.81832,2.97028,2.13639,2.26001,5.32075,10.2944,4.08879,6.06213,,,,,,,,,,,,,,,,,,
111,0.925,1000080160,5.33662,2.04811,1.81902,1.62235,8.3168,4.1766,3.6622,4.21213,4.70083,3.67811,2.39112,2.72611,5.1918,9.60926,4.3773,6.97239,,,,,,,,,,,,,,,,,,
111,0.975,1000080160,5.27737,2.07143,1.82124,1.64154,8.60476,5.19821,4.30058,6.14544,4.76785,3.43267,2.31578,2.56494,6.13504,4.94237,3.44332,4.10837,,,,,,,,,,,,,,,,,,
111,1.025,1000080160,5.49402,2.0697,1.86037,1.63863,8.99138,4.94405,4.17859,5.72601,4.82023,3.82966,2.49833,2.83423,3.19955,11.1901,5.57899,18.7017,,,,,,,,,,,,,,,,,,
111,1.075,1000080160,5.63337,1.98923,1.83221,1.56701,8.5688,4.63057,3.96306,5.06488,4.49399,4.11654,2.47809,2.97459,4.05337,13.9159,4.53943,7.85476,,,,,,,,,,,,,,,,,,
111,1.125,1000080160,5.73846,2.14599,1.94965,1.69707,8.33593,4.94588,4.09795,5.52093,5.12506,2.47705,2.001,1.94698,3.14042,13.3369,5.11723,17.8949,,,,,,,,,,,,,,,,,,
111,1.175,1000080160,5.80334,2.27987,2.04471,1.80676,8.66455,4.33234,3.79219,4.56153,4.15473,4.65514,2.56633,3.29869,2.0002,9.61018,5.36843,4.36882,,,,,,,,,,,,,,,,,,
111,1.225,1000080160,5.83595,2.32688,2.07927,1.84512,9.37739,4.63116,3.95397,5.05282,4.79096,3.80408,2.47351,2.81398,2.01596,17.9916,4.85422,4.27182,,,,,,,,,,,,,,,,,,
111,1.275,1000080160,5.86904,2.38728,2.12085,1.89539,8.46588,3.98587,3.55268,3.94188,3.99878,9.34441,2.89068,3.94128,4.07044,10.9362,3.86776,5.92296,,,,,,,,,,,,,,,,,,
111,1.325,1000080160,6.0461,2.31851,2.10967,1.83578,9.24509,5.34174,4.40217,6.4713,4.90067,4.63752,2.8565,3.42665,2.00189,15.4857,5.30906,4.41738,,,,,,,,,,,,,,,,,,
111,1.375,1000080160,6.12298,2.40107,2.17486,1.90396,9.54328,6.42577,4.92739,8.50639,4.30291,4.74253,2.66552,3.39017,2.00706,9.0995,5.66554,5.2502,,,,,,,,,,,,,,,,,,
111,1.425,1000080160,6.13171,2.43305,2.19591,1.93148,8.727,5.38291,4.4033,6.54426,5.28131,3.01223,2.30032,2.34007,2.00033,14.2214,5.11452,4.0248,,,,,,,,,,,,,,,,,,
111,1.475,1000080160,6.24409,2.51188,2.26476,1.99602,9.74013,5.21868,4.23148,5.94063,4.35882,9.98994,2.91299,3.79674,3.44207,17.2532,4.64743,8.39562,,,,,,,,,,,,,,,,,,
111,1.525,1000080160,6.30127,2.48099,2.2561,1.96836,9.65862,4.87184,4.03794,5.34545,2.95113,17.3593,3.62385,5.9374,2.09407,10.6958,5.35523,7.59547,,,,,,,,,,,,,,,,,,
111,1.575,1000080160,6.38402,2.22307,2.09453,1.74124,10.7291,6.69387,4.62434,7.41736,3.89944,9.22497,2.80995,3.85287,2.00017,16.0211,4.54233,3.36654,,,,,,,,,,,,,,,,,,
111,1.625,1000080160,6.40447,2.62773,2.3651,2.09345,10.8185,4.5161,3.55222,4.08953,4.15478,9.71853,2.85932,3.80809,2.00008,13.3312,5.91937,5.28583,,,,,,,,,,,,,,,,,,
111,1.675,1000080160,6.4992,2.78903,2.48018,2.23321,10.6793,4.63318,3.59799,4.2963,2.00003,10.267,3.68779,2.59123,2.00037,9.0006,5.01352,3.90994,,,,,,,,,,,,,,,,,,
111,1.725,1000080160,6.58714,2.5201,2.32591,1.9978,10.7952,4.9737,3.79206,4.71172,2.96875,17.458,3.97336,6.73767,2.0001,15.2543,5.14424,4.08501,,,,,,,,,,,,,,,,,,
111,1.775,1000080160,6.70358,2.34357,2.21934,1.83542,9.5559,3.06842,2.86785,2.56865,3.87138,10.4553,3.35405,4.98729,2,17.4121,5.17976,4.16067,,,,,,,,,,,,,,,,,,
111,1.825,1000080160,6.69904,2.45671,2.2989,1.9361,10.4346,4.45728,3.59421,4.21754,2.00041,9.85488,3.48013,2.44088,2.00001,17.7307,4.59162,3.40373,,,,,,,,,,,,,,,,,,
111,1.875,1000080160,6.84067,2.37084,2.25532,1.85468,10.2783,3.72474,3.27222,3.34876,2.00001,17.1873,3.1369,2.19176,2.00002,17.9492,4.77084,3.59367,,,,,,,,,,,,,,,,,,
111,1.925,1000080160,7.11372,2.38185,2.29199,1.8529,10.1896,4.49985,3.72417,4.43496,4.31783,9.63764,3.17223,4.30007,2,17.6219,4.70148,3.5652,,,,,,,,,,,,,,,,,,
111,1.975,1000080160,6.95402,2.47443,2.3439,1.94636,10.0254,4.50946,3.76602,4.55978,3.56879,11.7272,3.29914,4.97834,2.00002,17.8553,4.55228,3.3658,,,,,,,,,,,,,,,,,,
111,2.025,1000080160,6.98313,2.46506,2.34053,1.93643,10.5911,3.56774,3.04636,3.04619,2.00008,17.3434,3.79887,2.67711,2.00001,17.3818,4.74088,3.58759,,,,,,,,,,,,,,,,,,
111,0.075,1000180400,2,2.79987,0.95389,0.665897,2.00001,11.5129,4.93052,3.43971,3.13444,3.67103,1.70951,2.40857,2.00003,17.9022,2.04611,1.42474,,,,,,,,,,,,,,,,,,
111,0.125,1000180400,2,11.724,2.05778,1.43785,2.00146,9.44123,5.31011,3.71165,3.60542,3.45111,1.83381,2.35055,2,17.7856,2.23172,1.55632,,,,,,,,,,,,,,,,,,
111,0.175,1000180400,2.00011,14.9177,2.86693,2.00223,2.98862,13.5232,5.3475,8.73939,2.03389,17.8494,3.36819,3.60517,2.00095,12.6023,2.73909,1.92371,,,,,,,,,,,,,,,,,,
111,0.225,1000180400,2.00017,10.7086,3.66165,2.55604,4.8461,11.1217,5.22084,7.48496,2.00006,11.79,3.92541,2.7346,2.70242,17.4863,3.04147,4.91832,,,,,,,,,,,,,,,,,,
111,0.275,1000180400,5.48934,3.23672,2.46755,2.51589,6.23074,10.7428,5.16019,6.6127,2.00026,15.4046,4.33171,3.0191,3.51053,11.0892,3.07937,4.50686,,,,,,,,,,,,,,,,,,
111,0.325,1000180400,6.03368,2.7207,2.34637,2.16396,7.48537,11.7042,5.07743,5.86542,2.00143,11.3824,4.59573,3.21402,3.3375,13.947,3.47646,5.32697,,,,,,,,,,,,,,,,,,
111,0.375,1000180400,6.30878,2.74222,2.41574,2.1836,8.89376,6.55112,5.19235,5.43469,2.00009,16.0662,5.04791,3.51416,3.5475,13.0454,3.64166,5.49881,,,,,,,,,,,,,,,,,,
111,0.425,1000180400,6.52729,3.01435,2.61942,2.40393,9.73502,6.26016,5.26601,5.25035,2.0012,13.8317,5.4415,3.79679,3.56696,14.1507,3.96924,6.05788,,,,,,,,,,,,,,,,,,
111,0.475,1000180400,6.66615,3.03658,2.65976,2.42487,10.4786,6.17748,5.41112,5.22152,2.0001,16.937,6.07514,4.24126,3.90591,12.5372,4.15795,6.15533,,,,,,,,,,,,,,,,,,
111,0.525,1000180400,6.83066,3.42655,2.91551,2.74115,11.4595,5.70366,5.31938,4.79924,2.00016,15.1541,6.69345,4.66228,4.73215,9.1942,4.28587,5.9201,,,,,,,,,,,,,,,,,,
111,0.575,1000180400,7.03349,3.47325,2.98814,2.78301,12.1818,5.81281,5.54213,4.92179,2.00085,12.4568,7.53227,5.24931,5.40762,10.0647,4.5235,5.96771,,,,,,,,,,,,,,,,,,
111,0.625,1000180400,7.2218,3.59651,3.10294,2.8844,11.9994,6.37412,5.92005,5.49303,2.00037,10.5413,7.93969,5.53328,5.99345,10.8087,4.65687,5.88664,,,,,,,,,,,,,,,,,,
111,0.675,1000180400,7.30011,4.14321,3.41782,3.32288,12.4874,6.14508,5.86359,5.27451,2.00012,13.3758,8.36483,5.83112,7.30122,5.94795,4.35492,4.74886,,,,,,,,,,,,,,,,,,
111,0.725,1000180400,7.42284,3.8161,3.27211,3.06665,12.1632,6.43814,6.00738,5.57252,2.00058,14.0462,8.8158,6.15774,7.83154,5.71682,4.40005,4.60567,,,,,,,,,,,,,,,,,,
111,0.775,1000180400,7.73432,4.07626,3.49197,3.28886,12.6251,6.61519,6.26099,5.78916,2.01517,17.4971,9.41854,7.40283,8.51267,5.45042,4.45117,4.45974,,,,,,,,,,,,,,,,,,
111,0.825,1000180400,7.88743,4.16335,3.57719,3.36197,12.937,6.53463,6.26968,5.72637,2.77197,12.4854,9.54516,16.4905,9.20135,4.88068,4.29444,4.0031,,,,,,,,,,,,,,,,,,
111,0.875,1000180400,7.93047,4.29263,3.65694,3.47085,12.846,6.66324,6.34984,5.86518,2.31453,16.2083,9.97918,18.5329,9.51291,4.59685,4.18053,3.75792,,,,,,,,,,,,,,,,,,
111,0.925,1000180400,8.13844,4.46154,3.80224,3.61668,13.8119,6.2141,6.20544,5.41134,4.1767,9.07466,9.6753,15.9203,10.059,4.51049,4.22056,3.67448,,,,,,,,,,,,,,,,,,
111,0.975,1000180400,8.43707,4.74378,4.03627,3.86052,14.1483,6.16819,6.23577,5.37836,4.99733,14.8434,9.4806,15.0338,9.96816,4.89734,4.46679,4.0299,,,,,,,,,,,,,,,,,,
111,1.025,1000180400,8.68854,4.46323,3.93183,3.63212,14.1513,6.5638,6.6002,5.87151,5.38862,15.3199,9.89022,15.6309,10.5869,4.62277,4.38603,3.76803,,,,,,,,,,,,,,,,,,
111,1.075,1000180400,8.6844,4.61855,4.02447,3.76269,14.4607,6.72751,6.84126,6.13536,6.28639,15.6059,9.73056,14.7339,10.508,4.89251,4.56292,4.02199,,,,,,,,,,,,,,,,,,
111,1.125,1000180400,8.79111,4.85993,4.19344,3.97031,14.3595,6.74158,6.82326,6.14004,6.23199,15.882,10.1689,15.6859,10.8491,4.60538,4.41338,3.74335,,,,,,,,,,,,,,,,,,
111,1.175,1000180400,8.95137,5.12098,4.38551,4.199,14.2986,6.99865,7.0543,6.48894,8.80634,10.0389,9.17303,12.4654,11.011,5.05121,4.76591,4.16945,,,,,,,,,,,,,,,,,,
111,1.225,1000180400,9.49711,4.98529,4.4285,4.09858,14.5227,6.4072,6.54786,5.71164,6.19187,15.8459,10.3467,16.2119,11.0686,5.13583,4.83683,4.24982,,,,,,,,,,,,,,,,,,
111,1.275,1000180400,9.77242,4.91369,4.43737,4.0432,14.8925,6.4145,6.65249,5.77769,8.50913,9.48498,9.57842,13.4772,11.2646,5.68887,5.26961,4.78027,,,,,,,,,,,,,,,,,,
111,1.325,1000180400,9.53644,5.77731,4.92258,4.79527,15.909,13.6622,7.32362,6.53125,7.71373,13.0719,10.2036,15.2485,11.2867,5.43048,5.08769,4.53413,,,,,,,,,,,,,,,,,,
111,1.375,1000180400,9.77031,5.11573,4.57023,4.22005,16.3367,5.85814,6.45405,5.24624,10.0217,12.2458,9.11181,11.7839,11.398,5.5983,5.22899,4.69939,,,,,,,,,,,,,,,,,,
111,1.425,1000180400,9.74539,6.09889,5.16674,5.09884,15.2773,6.4823,6.83568,5.94985,10.4291,12.5601,9.32474,12.0673,11.3944,5.66126,5.27573,4.75792,,,,,,,,,,,,,,,,,,
111,1.475,1000180400,10.2108,5.42339,4.85994,4.51238,16.954,14.1189,7.49143,6.60371,10.2605,11.96,9.64985,12.8579,10.9298,6.39837,5.6778,5.45281,,,,,,,,,,,,,,,,,,
111,1.525,1000180400,10.3665,5.64523,5.04264,4.7195,16.9918,13.5639,6.85485,5.66595,11.17,13.563,8.72699,10.4858,11.1971,6.5305,5.82916,5.60585,,,,,,,,,,,,,,,,,,
111,1.575,1000180400,10.6714,5.88719,5.2737,4.95305,16.1635,13.6157,7.20464,6.29478,10.932,12.4321,10.0661,13.5302,11.7937,5.97803,5.58886,5.07848,,,,,,,,,,,,,,,,,,
111,1.625,1000180400,10.9024,5.82574,5.28382,4.9025,17.1581,14.0946,7.3659,6.37806,10.835,12.966,9.39588,12.0619,11.467,6.44282,5.84349,5.53563,,,,,,,,,,,,,,,,,,
111,1.675,1000180400,11.2846,5.7566,5.32097,4.84668,17.1197,13.2541,6.43732,5.11625,9.70912,9.38901,10.4983,15.1788,10.4467,12.7015,6.4073,6.75176,,,,,,,,,,,,,,,,,,
111,1.725,1000180400,11.2412,6.33773,5.71502,5.41209,17.3526,14.735,7.94376,7.27345,11.2204,12.8415,10.0385,13.3567,11.5312,6.701,6.04509,5.79854,,,,,,,,,,,,,,,,,,
111,1.775,1000180400,11.5058,6.11332,5.61554,5.20644,17.5109,14.3089,7.39309,6.36149,10.8657,10.0151,11.4075,17.2826,11.6103,6.86864,6.17662,5.98716,,,,,,,,,,,,,,,,,,
111,1.825,1000180400,11.7586,6.08894,5.65551,5.19114,17.5426,14.3394,7.40495,6.38316,4.8446,10.3766,11.9055,20.6412,10.9044,13.1293,7.10936,7.66182,,,,,,,,,,,,,,,,,,
111,1.875,1000180400,12.1894,6.08034,5.75009,5.19421,17.8951,14.9124,7.73008,6.84113,10.149,10.683,10.3205,14.5483,11.3273,7.26174,6.38332,6.38437,,,,,,,,,,,,,,,,,,
111,1.925,1000180400,12.1755,6.11379,5.77227,5.22867,18.3526,15.3036,7.64264,6.65629,3.6506,16.3935,12.9811,23.4921,11.0289,7.35801,6.36826,6.45836,,,,,,,,,,,,,,,,,,
111,1.975,1000180400,12.0796,6.60837,6.11277,5.74766,17.97,14.7717,7.52016,6.49637,11.034,11.5937,10.7289,15.3029,10.5832,12.9779,6.88528,7.45722,,,,,,,,,,,,,,,,,,
111,2.025,1000180400,12.7413,6.57875,6.25825,5.76146,18.7741,15.1817,6.90052,5.5302,7.62858,14.9065,12.2385,20.9105,11.2678,6.99328,6.1759,6.09245,,,,,,,,,,,,,,,,,,
111,0.075,1000260560,2,2.84922,1.30212,0.90988,2.00002,10.2152,5.56703,3.87435,3.54449,3.50959,1.82777,2.37381,2.00015,14.0775,2.20605,1.54059,,,,,,,,,,,,,,,,,,
111,0.125,1000260560,2.00002,12.0743,2.54241,1.77666,2.00024,9.39129,5.74008,4.00579,3.9672,3.43766,2.00206,2.42446,2.00048,16.6387,2.41197,1.68329,,,,,,,,,,,,,,,,,,
111,0.175,1000260560,2.00004,15.5108,3.60074,2.51154,2.6562,10.6671,6.28462,10.396,4.48355,3.21801,2.12379,2.37905,2.00076,17.407,2.89614,2.06527,,,,,,,,,,,,,,,,,,
111,0.225,1000260560,2.00193,12.3401,4.6649,3.30176,5.29517,11.4412,5.90308,8.55291,4.83558,3.1955,2.24,2.41759,2.98067,15.6218,3.118,4.93245,,,,,,,,,,,,,,,,,,
111,0.275,1000260560,6.40698,4.0908,3.14701,3.21543,6.90391,10.9431,5.99644,7.68797,5.01071,3.63387,2.48352,2.73904,4.30095,9.84851,2.97485,3.91661,,,,,,,,,,,,,,,,,,
111,0.325,1000260560,7.17127,3.5374,3.05544,2.8372,8.43732,12.1459,5.76694,6.56535,5.16004,4.23692,2.79738,3.17881,4.17305,9.0103,3.34011,4.61224,,,,,,,,,,,,,,,,,,
111,0.375,1000260560,7.57669,3.40125,3.05666,2.72731,9.91122,7.19051,5.90208,6.15849,5.23237,5.09457,3.19094,3.80083,4.4543,9.41816,3.53739,4.79745,,,,,,,,,,,,,,,,,,
111,0.425,1000260560,7.66838,3.88777,3.36819,3.13067,11.0355,6.78015,5.96281,5.84732,5.05491,10.2154,3.82881,4.969,4.70928,9.72639,3.71811,4.96806,,,,,,,,,,,,,,,,,,
111,0.475,1000260560,7.95865,4.09136,3.54802,3.30698,11.8314,6.9014,6.27118,6.03212,4.87443,9.1659,4.48499,6.18367,5.12242,10.1652,3.99092,5.21006,,,,,,,,,,,,,,,,,,
111,0.525,1000260560,8.24099,4.31551,3.74343,3.49797,12.8871,7.16164,6.76409,6.45873,3.39157,15.2503,6.02616,9.76701,5.66681,10.7194,4.18823,5.26046,,,,,,,,,,,,,,,,,,
111,0.575,1000260560,8.3937,4.6654,3.98334,3.79245,13.6646,6.90024,6.76754,6.23958,5.14288,10.7777,5.55623,7.88592,6.3308,11.1631,4.44397,5.32256,,,,,,,,,,,,,,,,,,
111,0.625,1000260560,8.69499,4.70579,4.07327,3.84091,14.5743,13.3343,7.14048,6.55592,5.27717,11.2966,5.9707,8.51152,6.86217,6.61354,4.55673,5.28631,,,,,,,,,,,,,,,,,,
111,0.675,1000260560,8.94217,4.93398,4.27194,4.03851,14.4037,6.87361,6.96509,6.32983,4.79759,16.0178,7.08423,10.7615,7.76751,5.96795,4.51596,4.81789,,,,,,,,,,,,,,,,,,
111,0.725,1000260560,9.17792,4.88928,4.29799,4.00756,14.478,6.96847,7.07913,6.48941,5.38838,14.5415,7.41185,10.9676,8.74705,5.29823,4.43187,4.33765,,,,,,,,,,,,,,,,,,
111,0.775,1000260560,9.69333,4.92095,4.42615,4.04769,14.8925,13.3997,7.18708,6.54827,5.92859,13.0884,7.65601,11.0984,9.52493,5.09967,4.50088,4.2033,,,,,,,,,,,,,,,,,,
111,0.825,1000260560,9.65577,5.24667,4.62668,4.33338,14.7112,13.4499,7.26241,6.71535,6.29098,12.9991,8.17329,11.8254,10.1024,4.74173,4.38794,3.88652,,,,,,,,,,,,,,,,,,
111,0.875,1000260560,9.99728,5.25733,4.71013,4.35189,15.2805,13.5494,7.30842,6.64937,6.44166,12.8678,8.34315,12.0532,10.6478,4.42349,4.24762,3.57675,,,,,,,,,,,,,,,,,,
111,0.925,1000260560,10.2678,5.743,5.08372,4.80076,15.5292,13.9228,7.70093,7.21398,6.47263,14.6749,9.25564,13.8058,11.1589,4.58303,4.43911,3.71338,,,,,,,,,,,,,,,,,,
111,0.975,1000260560,10.8586,5.89694,5.32304,4.96988,15.9993,13.9309,7.60157,6.96574,7.03041,12.7113,9.11401,13.2247,11.6746,4.42603,4.37461,3.53804,,,,,,,,,,,,,,,,,,
111,1.025,1000260560,10.9577,5.73513,5.23605,4.81761,16.6023,14.2799,7.81182,7.18796,6.72178,14.8495,9.75254,14.722,11.6937,4.77793,4.66397,3.88742,,,,,,,,,,,,,,,,,,
111,1.075,1000260560,11.1289,6.11039,5.53067,5.18411,17.2395,15.0657,8.36596,8.07723,8.40768,9.64231,8.92893,12.116,12.0951,4.65514,4.61314,3.74941,,,,,,,,,,,,,,,,,,
111,1.125,1000260560,11.2373,6.38496,5.74367,5.46423,17.6657,14.7832,7.7671,6.9569,8.44433,11.5891,10.4085,15.4729,12.2374,4.81045,4.76026,3.90143,,,,,,,,,,,,,,,,,,
111,1.175,1000260560,11.6007,6.49323,5.91237,5.59543,17.6043,14.7918,7.82471,7.06115,8.97049,9.39064,9.74114,13.556,12.338,5.07589,4.99318,4.16867,,,,,,,,,,,,,,,,,,
111,1.225,1000260560,11.8307,6.79601,6.19042,5.92896,17.6308,15.4134,8.46329,8.21019,9.72126,10.3001,10.0858,14.0955,12.6001,5.12464,5.06977,4.21234,,,,,,,,,,,,,,,,,,
111,1.275,1000260560,12.2187,6.64885,6.18464,5.79345,17.7628,15.5215,8.4711,8.18722,8.90907,13.1822,11.6784,18.776,12.7258,5.56309,5.44928,4.6678,,,,,,,,,,,,,,,,,,
111,1.325,1000260560,12.2882,6.8423,6.3509,6.01025,18.9069,17.1739,8.73112,8.64098,10.4392,10.091,10.9288,16.0451,13.1554,5.39879,5.38164,4.49077,,,,,,,,,,,,,,,,,,
111,1.375,1000260560,13.2073,6.48645,6.29808,5.69031,19.1513,17.4994,8.63044,8.40855,11.4905,10.7952,11.6188,17.7349,13.3656,5.47672,5.48092,4.57303,,,,,,,,,,,,,,,,,,
111,1.425,1000260560,12.8896,6.8364,6.50568,6.06595,19.8486,9.54989,8.37163,7.84966,11.1513,11.3204,11.0187,16.0485,13.1378,5.71293,5.64507,4.82648,,,,,,,,,,,,,,,,,,
111,1.475,1000260560,12.8842,7.22276,6.82476,6.52843,19.7519,13.5158,8.50686,8.13073,10.2804,10.6926,11.9806,19.2576,13.717,5.97286,5.97449,5.12583,,,,,,,,,,,,,,,,,,
111,1.525,1000260560,13.3244,7.17489,6.91467,6.54087,19.2122,17.4147,8.2425,7.61159,12.8568,13.6724,11.0791,15.7513,13.9982,5.65879,5.74454,4.77755,,,,,,,,,,,,,,,,,,
111,1.575,1000260560,13.9991,7.02026,6.97456,6.45869,19.9985,9.42264,8.14542,7.45744,12.5251,13.1945,11.1506,16.0481,14.1262,5.92675,6.01185,5.08978,,,,,,,,,,,,,,,,,,
111,1.625,1000260560,14.0478,13.379,7.24117,6.82662,20,17.943,8.62617,8.34539,13.6026,14.4763,10.9932,15.3153,14.0135,6.05536,6.10672,5.23555,,,,,,,,,,,,,,,,,,
111,1.675,1000260560,14.3858,13.5384,7.41,7.00789,20,17.7784,8.98917,9.14112,12.47,12.0825,11.8423,18.1855,14.4182,6.02612,6.16256,5.22331,,,,,,,,,,,,,,,,,,
111,1.725,1000260560,14.1481,13.5213,7.41105,7.06081,20,17.4403,8.959,9.08802,13.3915,11.6761,12.83,21.4065,14.365,6.14909,6.26641,5.37068,,,,,,,,,,,,,,,,,,
111,1.775,1000260560,14.6173,13.8887,7.81621,7.60854,20,16.6809,8.63013,8.31253,14.6814,14.4978,12.1167,18.6634,14.5021,6.30028,6.43935,5.5789,,,,,,,,,,,,,,,,,,
111,1.825,1000260560,14.7725,13.8577,7.75399,7.46224,20,17.6896,9.3099,9.87996,13.9977,10.6731,13.7809,24.7847,14.5034,6.64172,6.76726,6.02758,,,,,,,,,,,,,,,,,,
111,1.875,1000260560,15.676,13.7965,7.52935,6.89509,20,17.0152,8.46477,7.99026,12.7325,9.61745,13.2197,22.9283,14.5602,6.81947,6.95834,6.28984,,,,,,,,,,,,,,,,,,
111,1.925,1000260560,15.7937,14.303,8.09059,7.80813,20,17.277,10.3469,12.5081,13.5104,10.5777,13.4671,23.6189,14.7031,6.48029,6.6654,5.83796,,,,,,,,,,,,,,,,,,
111,1.975,1000260560,15.6828,14.3603,8.17819,8.02985,20,17.0234,8.89764,8.86545,16.363,15.6207,12.3031,19.1279,13.9572,13.358,7.22017,6.82308,,,,,,,,,,,,,,,,,,
111,2.025,1000260560,15.9701,14.5828,8.36028,8.31201,20,17.3233,9.8778,11.28,15.4497,15.6285,11.3843,16.0649,14.759,13.3463,7.13721,6.50496,,,,,,,,,,,,,,,,,,
211,0.075,1000060120,2,11.9563,0.648916,0.461465,2.00001,17.5735,2.96628,2.12496,2.43472,13.4893,1.36839,2.30979,2.46193,14.7745,1.67212,2.75414,,,,,,,,,,,,,,,,,,
211,0.125,1000060120,2,11.9322,1.2247,0.854349,2.00024,17.9977,2.99427,2.14948,2.9402,3.06323,1.35988,1.94052,2.00571,9.13396,2.03253,1.62918,,,,,,,,,,,,,,,,,,
211,0.175,1000060120,2.00006,16.5388,1.71934,1.19732,2.00028,9.3548,3.35711,2.51685,3.192,2.85172,1.41603,1.87682,2.60658,15.5733,2.19446,3.5635,,,,,,,,,,,,,,,,,,
211,0.225,1000060120,3.13186,3.44053,1.60967,2.23725,2.71402,16.5428,3.43523,6.50237,3.3364,3.08205,1.57047,2.05405,3.16024,10.9927,2.40675,3.65563,,,,,,,,,,,,,,,,,,
211,0.275,1000060120,4.24091,1.27466,1.15777,1.00632,3.99747,9.32649,3.10265,5.02575,3.53769,2.90434,1.60363,1.99788,3.39852,10.2822,2.6054,3.92829,,,,,,,,,,,,,,,,,,
211,0.375,1000060120,4.51206,1.05651,1.03195,0.797,5.57937,4.31707,2.96427,4.17135,3.79127,2.67548,1.63849,1.91946,2.00012,12.4327,3.23089,2.39017,,,,,,,,,,,,,,,,,,
211,0.425,1000060120,4.55037,1.1619,1.11873,0.890724,4.45368,10.0329,3.87181,14.0908,3.80911,2.98051,1.75302,2.10637,2.00056,14.8552,3.15636,2.316,,,,,,,,,,,,,,,,,,
211,0.475,1000060120,4.61842,1.16522,1.12697,0.889456,5.36882,5.86766,3.54608,6.27769,3.91729,2.94225,1.78986,2.10904,2.00011,12.4012,3.24497,2.41228,,,,,,,,,,,,,,,,,,
211,0.525,1000060120,4.66839,1.19438,1.15386,0.912796,4.39044,11.1095,4.07295,14.2286,4.143,2.77347,1.81479,2.04631,2.00096,13.3948,3.48388,2.67823,,,,,,,,,,,,,,,,,,
211,0.575,1000060120,4.71175,1.27659,1.22049,0.984667,6.49831,5.17971,3.71919,6.86494,4.16372,3.07607,1.93944,2.24522,2.00012,17.6237,3.35092,2.53382,,,,,,,,,,,,,,,,,,
211,0.625,1000060120,4.80366,1.25346,1.21116,0.957956,6.01991,10.5967,4.86465,13.993,4.17803,3.27549,2.02054,2.37994,2.0004,15.6477,3.71216,2.98712,,,,,,,,,,,,,,,,,,
211,0.675,1000060120,4.81205,1.35912,1.29168,1.05304,7.06915,6.54139,4.45885,14.7172,4.21636,3.57787,2.15486,2.59354,2.00001,17.0056,3.74319,3.01189,,,,,,,,,,,,,,,,,,
211,0.725,1000060120,4.83489,1.30017,1.24997,0.998483,6.26656,4.48587,3.27247,5.20473,4.72712,2.7692,2.01602,2.13751,2.00032,9.80004,4.61336,4.55499,,,,,,,,,,,,,,,,,,
211,0.775,1000060120,4.93102,1.46106,1.37833,1.13715,6.7418,5.42772,3.8643,7.51778,4.68495,2.87109,2.04846,2.21367,2.00051,11.3433,4.86958,5.12084,,,,,,,,,,,,,,,,,,
211,0.825,1000060120,4.92635,1.38603,1.3234,1.07041,7.61696,4.97916,3.51837,6.16768,4.79762,2.77903,2.04692,2.16754,2.49833,15.8546,4.67282,13.3675,,,,,,,,,,,,,,,,,,
211,0.875,1000060120,4.99661,1.53213,1.43615,1.19669,6.73873,3.89105,3.10484,4.53703,4.58554,3.21682,2.15456,2.4433,3.24663,9.21315,5.41563,14.3764,,,,,,,,,,,,,,,,,,
211,0.925,1000060120,5.14272,1.4465,1.38985,1.11217,7.51943,6.8269,4.45084,14.6667,4.7275,3.54674,2.34232,2.74185,2.0019,17.3868,6.32472,9.02972,,,,,,,,,,,,,,,,,,
211,0.975,1000060120,5.09282,1.48899,1.41666,1.15323,6.92848,10.7432,6.02571,19.0135,4.83074,2.88847,2.1008,2.24861,4.72368,9.97829,3.36095,5.786,,,,,,,,,,,,,,,,,,
211,1.025,1000060120,5.20792,1.61133,1.51771,1.25646,6.81794,6.11104,4.20017,14.8171,4.73627,3.74344,2.41662,2.92069,3.12558,17.4176,3.79756,13.18,,,,,,,,,,,,,,,,,,
211,1.075,1000060120,5.21659,1.64217,1.54039,1.28327,5.86836,10.7982,4.32325,14.6583,4.28073,4.61069,2.57142,3.45676,3.54568,17.2072,4.42208,13.7757,,,,,,,,,,,,,,,,,,
211,1.125,1000060120,5.37111,1.57769,1.51097,1.21759,6.41886,4.43977,3.31443,5.30399,4.98934,3.0552,2.22597,2.43102,2.00003,14.7571,3.89861,3.26623,,,,,,,,,,,,,,,,,,
211,1.175,1000060120,5.43405,1.56912,1.51034,1.20622,6.72028,4.80326,3.47712,6.09693,4.23735,4.68619,2.58126,3.50825,3.00859,16.7717,3.30482,5.95683,,,,,,,,,,,,,,,,,,
211,1.225,1000060120,5.39901,1.63722,1.55811,1.27002,7.98004,6.3093,3.93322,14.6584,4.28056,3.97045,2.3259,2.90319,2,11.1986,4.22467,3.8432,,,,,,,,,,,,,,,,,,
211,1.275,1000060120,5.48544,1.69439,1.60933,1.31774,7.08336,5.95916,4.2071,14.8991,4.4843,3.62907,2.27535,2.71915,2.00039,11.9342,4.35643,4.0936,,,,,,,,,,,,,,,,,,
211,1.325,1000060120,5.58342,1.63459,1.57418,1.25797,8.3451,6.13886,3.61893,6.66585,3.4312,13.9819,3.39245,6.13902,2,16.6411,3.78369,3.12004,,,,,,,,,,,,,,,,,,
211,1.375,1000060120,5.64369,1.70772,1.63559,1.32281,7.08568,6.23067,4.24047,14.7892,3.87637,11.2222,3.38887,6.10046,2,17.9917,3.7169,3.03915,,,,,,,,,,,,,,,,,,
211,1.425,1000060120,5.7122,1.61891,1.5724,1.23639,7.15445,11.573,4.9277,13.5859,3.35568,13.1887,3.14074,5.38795,2,17.6668,3.05183,2.2351,,,,,,,,,,,,,,,,,,
211,1.475,1000060120,5.80732,1.611,1.57232,1.2196,7.67974,4.05314,3.01592,4.4028,3.88962,9.12013,2.78157,4.16753,2.00059,13.8014,4.0806,3.62757,,,,,,,,,,,,,,,,,,
211,1.525,1000060120,5.82171,1.74731,1.68238,1.3524,7.14103,5.10744,3.6779,6.81383,3.28043,15.7645,3.51555,6.55716,2.00163,9.37729,3.45211,2.74202,,,,,,,,,,,,,,,,,,
211,1.575,1000060120,5.86558,1.67607,1.62975,1.28223,9.14656,14.3075,7.97882,21.2336,3.42436,14.2077,3.40557,6.22839,2.00028,16.6764,4.34917,3.94544,,,,,,,,,,,,,,,,,,
211,1.625,1000060120,5.96519,1.66345,1.62619,1.26534,8.29137,5.13274,3.20673,5.22698,3.58264,10.5708,2.83691,4.56579,2.00026,16.0036,4.57999,4.42714,,,,,,,,,,,,,,,,,,
211,1.675,1000060120,6.04278,1.6995,1.66088,1.29664,6.52796,9.58411,6.23711,20.9441,2.00025,16.0776,3.79198,3.05985,2.00002,17.76,3.94911,3.39873,,,,,,,,,,,,,,,,,,
211,1.725,1000060120,6.05231,1.79842,1.74147,1.39428,19.5369,9.50845,10.3173,16.8744,3.86039,9.94558,3.124,5.13789,2,17.7313,3.63776,2.99151,,,,,,,,,,,,,,,,,,
211,1.775,1000060120,6.04723,1.73865,1.69322,1.33488,9.21124,4.69966,2.65899,3.62973,4.45273,3.85917,2.33816,2.88052,2.00005,17.8315,2.38947,1.68618,,,,,,,,,,,,,,,,,,
211,1.825,1000060120,6.07933,1.83381,1.77141,1.42938,8.38277,4.25656,2.79299,3.92637,3.70487,3.50739,1.90064,2.40989,2,15.7316,3.12316,2.34344,,,,,,,,,,,,,,,,,,
211,1.875,1000060120,6.12608,1.691,1.65831,1.28095,10.0615,10.8928,5.01702,13.1997,2.00013,12.0072,4.90066,5.05125,2.00008,17.3889,4.33457,3.92327,,,,,,,,,,,,,,,,,,
211,1.925,1000060120,6.23179,1.76828,1.72917,1.35818,9.11046,5.69174,3.00677,4.6929,2.28679,15.7852,2.43221,4.01574,2,17.9379,3.25244,2.4036,,,,,,,,,,,,,,,,,,
211,1.975,1000060120,6.20549,1.78873,1.74439,1.3799,11.6949,13.1338,5.7314,17.3384,3.63669,9.83983,2.7685,4.30084,2,16.1997,3.95514,3.33699,,,,,,,,,,,,,,,,,,
211,2.025,1000060120,6.32642,1.7866,1.74958,1.37441,8.61815,5.87456,3.35728,5.71999,2.80701,13.6955,2.31295,3.66063,2.00033,17.8945,4.10238,3.55705,,,,,,,,,,,,,,,,,,
211,0.075,1000080160,2,11.3987,0.697417,0.489496,2.00007,17.9995,3.28207,2.28947,2.00008,14.3355,3.82094,2.70244,2.9315,9.42462,1.58195,2.31127,,,,,,,,,,,,,,,,,,
211,0.125,1000080160,2,11.7517,1.31404,0.916773,2.0001,17.9894,3.45413,2.41451,2.00006,13.9826,2.26086,1.57578,2.81786,10.9955,1.80194,2.76975,,,,,,,,,,,,,,,,,,
211,0.175,1000080160,2.00005,15.2005,1.80667,1.26148,2.00004,11.8151,3.90616,2.76232,2,17.3103,2.0804,1.44755,3.43484,3.75596,1.87513,2.51582,,,,,,,,,,,,,,,,,,
211,0.225,1000080160,3.03935,9.80793,1.88526,2.77353,2.48554,9.99398,4.15855,7.06791,2.41053,17.3233,1.96681,3.32411,3.96098,3.45754,1.99644,2.43522,,,,,,,,,,,,,,,,,,
211,0.275,1000080160,4.35928,1.49469,1.30926,1.18374,3.82906,12.6332,3.95665,6.2401,3.0042,9.7412,1.81599,2.65758,4.22755,3.52728,2.1381,2.52968,,,,,,,,,,,,,,,,,,
211,0.325,1000080160,4.70385,1.25877,1.20638,0.969042,4.83963,9.76837,3.82084,5.4992,3.30033,3.54531,1.72778,2.34315,4.15128,4.19023,2.36676,2.96221,,,,,,,,,,,,,,,,,,
211,0.375,1000080160,4.81091,1.36887,1.29862,1.06165,5.73338,5.75076,3.65876,4.75315,3.49062,3.40648,1.76352,2.29497,3.79815,9.22281,2.65127,3.64164,,,,,,,,,,,,,,,,,,
211,0.425,1000080160,4.85995,1.38554,1.31608,1.07384,6.02883,11.0115,4.08424,5.82584,3.52289,3.50632,1.81609,2.36683,3.81777,9.25237,2.6659,3.65915,,,,,,,,,,,,,,,,,,
211,0.475,1000080160,4.95564,1.46529,1.38424,1.13969,6.53644,6.3434,4.23982,6.19387,3.63061,3.69536,1.93923,2.51504,3.17284,14.5605,3.28281,5.12468,,,,,,,,,,,,,,,,,,
211,0.525,1000080160,4.97969,1.50265,1.41351,1.17136,6.99498,6.33065,4.41917,6.69557,3.88148,3.1223,1.84414,2.20884,3.01799,16.3251,3.42195,5.44181,,,,,,,,,,,,,,,,,,
211,0.575,1000080160,5.00809,1.56927,1.46314,1.2284,7.60863,5.42684,4.19248,5.82157,3.87565,3.69194,2.04733,2.5666,2.02735,13.9597,4.22272,4.2806,,,,,,,,,,,,,,,,,,
211,0.625,1000080160,5.14781,1.62636,1.52068,1.27183,8.57116,4.27829,3.75547,4.45554,4.08218,3.48664,2.05908,2.47882,2.5999,11.4896,4.09114,7.23947,,,,,,,,,,,,,,,,,,
211,0.675,1000080160,5.14863,1.75859,1.60852,1.38564,7.48477,4.68636,3.75282,4.557,4.37975,3.15794,2.05924,2.33077,2.65402,11.0456,4.33036,7.79075,,,,,,,,,,,,,,,,,,
211,0.725,1000080160,5.22398,1.86268,1.68644,1.47143,8.32664,4.72252,3.97362,5.12601,4.61136,2.92848,2.04877,2.20482,2.5182,11.805,5.02712,17.276,,,,,,,,,,,,,,,,,,
211,0.775,1000080160,5.32926,1.78521,1.65284,1.40238,7.84936,5.08017,4.0771,5.44901,4.57559,3.1085,2.10922,2.32605,4.62791,10.6987,4.50377,7.57337,,,,,,,,,,,,,,,,,,
211,0.825,1000080160,5.38314,1.9066,1.74018,1.50405,8.5821,4.42263,3.8431,4.69859,4.59999,3.06954,2.10388,2.30676,5.44413,10.6306,3.8493,5.35976,,,,,,,,,,,,,,,,,,
211,0.875,1000080160,5.52675,1.86686,1.73557,1.46503,8.35297,4.45439,3.83207,4.6864,4.82644,3.1298,2.20825,2.37796,5.47594,10.6521,3.86964,5.40085,,,,,,,,,,,,,,,,,,
211,0.925,1000080160,5.54815,1.83926,1.71949,1.44045,8.29952,5.04955,4.16751,5.71503,4.92597,3.11893,2.23744,2.37217,5.78711,5.78451,3.67673,4.8191,,,,,,,,,,,,,,,,,,
211,0.975,1000080160,5.65534,2.05572,1.87936,1.62213,7.74103,4.57644,3.77234,4.56732,4.73306,3.80023,2.45368,2.81364,6.28253,5.40914,3.70781,4.67689,,,,,,,,,,,,,,,,,,
211,1.025,1000080160,5.72927,2.18513,1.9727,1.72993,7.4925,11.7185,5.12153,9.3254,4.86758,3.52848,2.39084,2.65232,3.45255,15.6331,5.30106,18.4384,,,,,,,,,,,,,,,,,,
211,1.075,1000080160,5.85764,2.10831,1.94423,1.66146,8.11334,5.92821,4.61904,7.28051,4.66311,3.37479,2.24999,2.51393,3.97037,16.0538,4.97057,9.24594,,,,,,,,,,,,,,,,,,
211,1.125,1000080160,5.89138,2.11869,1.95595,1.66972,8.99102,5.02196,4.21019,5.85583,4.78041,4.48292,2.75003,3.29262,6.06579,4.54303,3.24713,3.68425,,,,,,,,,,,,,,,,,,
211,1.175,1000080160,6.07137,2.14642,2.00042,1.68672,8.333,5.29402,4.31254,6.19398,4.7945,3.8179,2.48404,2.836,2.00302,11.116,5.36545,4.42869,,,,,,,,,,,,,,,,,,
211,1.225,1000080160,6.09472,2.09295,1.96639,1.63894,7.99756,5.32975,4.2566,6.01468,4.70958,3.87463,2.47171,2.85568,2.00124,15.4759,5.2011,4.18744,,,,,,,,,,,,,,,,,,
211,1.275,1000080160,6.12561,2.10029,1.97544,1.64407,8.90345,3.87126,3.51874,3.8179,4.35363,5.02775,2.81095,3.62501,2.00002,14.5997,5.23979,4.1821,,,,,,,,,,,,,,,,,,
211,1.325,1000080160,6.22416,2.31043,2.1326,1.82397,8.31155,4.64097,3.92488,4.97904,3.74304,9.5334,2.9273,4.14525,2.00382,9.0002,5.14394,4.36398,,,,,,,,,,,,,,,,,,
211,1.375,1000080160,6.36632,2.1225,2.01985,1.65211,8.86424,6.23361,4.93264,8.4416,4.73083,4.59216,2.78206,3.35742,2.0001,9.01907,4.8258,3.65991,,,,,,,,,,,,,,,,,,
211,1.425,1000080160,6.51792,2.25026,2.13024,1.75951,8.95518,6.13142,4.85439,8.19818,4.18389,9.66863,2.94794,3.9464,3.78071,14.3706,4.23864,7.10409,,,,,,,,,,,,,,,,,,
211,1.475,1000080160,6.51943,2.43914,2.26184,1.92779,9.69158,5.16752,4.23199,5.898,2.79349,16.5782,4.00008,6.76208,2.00013,9.48245,5.94702,5.29556,,,,,,,,,,,,,,,,,,
211,1.525,1000080160,6.70727,2.24018,2.14378,1.74129,9.52052,4.475,3.83448,4.70112,4.41975,4.91322,2.78899,3.54394,2.00002,17.953,4.7826,3.65637,,,,,,,,,,,,,,,,,,
211,1.575,1000080160,6.74139,2.321,2.20746,1.81347,9.7999,7.22503,5.33622,10.124,4.12428,9.81374,2.72037,3.578,2.00014,17.337,4.5293,3.35956,,,,,,,,,,,,,,,,,,
211,1.625,1000080160,6.89892,2.2728,2.18765,1.76154,9.70007,4.7551,3.988,5.13082,2.68767,17.4386,3.4308,5.64414,2.00007,16.6876,4.86179,3.70162,,,,,,,,,,,,,,,,,,
211,1.675,1000080160,6.9403,2.12464,2.07353,1.62216,10.3744,4.52188,3.6767,4.35378,4.49536,4.60867,2.68377,3.32303,2.00019,17.989,5.54671,4.63464,,,,,,,,,,,,,,,,,,
211,1.725,1000080160,6.87943,2.30057,2.20695,1.78821,10.2376,5.28215,4.1377,5.65519,3.18547,13.6718,3.109,4.79101,2.00003,12.2176,5.19654,4.12775,,,,,,,,,,,,,,,,,,
211,1.775,1000080160,7.08189,2.29762,2.2237,1.77534,10.5113,3.85888,3.2571,3.41869,4.542,3.97013,2.43882,2.8854,2.0001,17.549,4.67535,3.49127,,,,,,,,,,,,,,,,,,
211,1.825,1000080160,7.29907,2.31358,2.25422,1.77977,10.9998,6.03882,4.17216,5.92715,2.00049,9.76701,3.96679,2.82101,2.00114,10.4417,4.72701,3.58426,,,,,,,,,,,,,,,,,,
211,1.875,1000080160,7.2597,2.24749,2.1973,1.71903,10.4435,4.90406,3.8282,4.84538,3.83782,10.2355,3.3183,4.82931,2.00017,9.00369,4.7398,3.58645,,,,,,,,,,,,,,,,,,
211,1.925,1000080160,7.46379,2.28817,2.24484,1.74724,10.0632,3.96826,3.44041,3.73139,4.45615,4.4999,2.62136,3.2354,2,16.1159,5.97189,5.39263,,,,,,,,,,,,,,,,,,
211,1.975,1000080160,7.44267,2.37489,2.31482,1.83189,10.63,7.2622,4.93252,8.62552,3.87471,9.0692,2.92704,4.07389,2.00003,17.9683,5.10754,4.01573,,,,,,,,,,,,,,,,,,
211,2.025,1000080160,7.54475,2.26538,2.23013,1.71682,9.93979,3.90344,3.42992,3.68047,2.00016,17.6272,4.05435,2.8878,2.00011,15.9747,4.62671,3.4629,,,,,,,,,,,,,,,,,,
211,0.075,1000180400,2.00001,2.86647,1.06161,0.741074,2.00069,9.99392,4.89801,3.41943,3.07531,9.2508,1.75151,2.5129,2.00001,15.7894,2.16346,1.50748,,,,,,,,,,,,,,,,,,
211,0.125,1000180400,2.00007,11.8602,2.0244,1.4144,2.00097,11.7562,5.13564,3.58792,3.59597,3.45323,1.83036,2.34964,2.00001,15.9669,2.39607,1.66958,,,,,,,,,,,,,,,,,,
211,0.175,1000180400,2,15.3241,2.97324,2.07228,2.00046,16.5888,5.65441,3.95447,2.00019,13.4306,3.35997,2.34369,2.46064,17.6206,2.75392,4.43325,,,,,,,,,,,,,,,,,,
211,0.225,1000180400,2.00111,16.6985,3.66024,2.60107,3.60437,17.1432,5.67395,8.96319,2.00023,11.1925,3.75254,2.62097,3.53693,10.0208,2.78039,4.00271,,,,,,,,,,,,,,,,,,
211,0.275,1000180400,5.45516,3.36093,2.5173,2.59935,4.82968,13.3672,5.84829,8.72309,2.00001,9.36904,4.07511,2.83657,4.29744,9.91127,2.90655,3.79837,,,,,,,,,,,,,,,,,,
211,0.325,1000180400,6.15081,2.59136,2.2957,2.06079,6.5656,10.8366,5.58815,7.16914,2.00011,14.6336,4.57579,3.18583,4.44339,9.96215,3.09222,4.03975,,,,,,,,,,,,,,,,,,
211,0.375,1000180400,6.40085,2.78223,2.45716,2.21709,8.36288,6.86624,5.20963,5.69068,2.00011,16.8774,5.07737,3.53633,4.61002,9.99556,3.33245,4.36043,,,,,,,,,,,,,,,,,,
211,0.425,1000180400,6.59825,2.90316,2.56768,2.3154,9.66172,6.36997,5.31989,5.33401,2.00001,17.6711,5.63014,3.93267,4.29743,9.63516,3.82264,5.37125,,,,,,,,,,,,,,,,,,
211,0.475,1000180400,6.70056,2.95256,2.61673,2.35626,10.3228,6.69742,5.69873,5.70512,2,16.9367,6.22328,4.3396,4.90637,9.89611,3.89033,5.15641,,,,,,,,,,,,,,,,,,
211,0.525,1000180400,6.76706,3.31923,2.84413,2.65171,11.1152,6.61691,5.87628,5.68024,2,16.5681,6.89146,4.80161,5.15348,10.0019,4.18568,5.52719,,,,,,,,,,,,,,,,,,
211,0.575,1000180400,7.05136,3.34101,2.91849,2.67467,12.15,6.09347,5.7509,5.20922,2.00029,15.0354,7.60871,5.30289,5.79447,10.7205,4.44998,5.62409,,,,,,,,,,,,,,,,,,
211,0.625,1000180400,7.30046,3.46356,3.03992,2.77895,13.001,5.91511,5.78404,5.04452,2.0006,10.8816,8.17915,5.69702,6.68288,6.27411,4.3066,4.95535,,,,,,,,,,,,,,,,,,
211,0.675,1000180400,7.35798,3.62757,3.14777,2.91423,12.9172,6.07134,5.89287,5.21151,2,9.03034,8.74676,6.10032,7.42764,5.64547,4.23786,4.51652,,,,,,,,,,,,,,,,,,
211,0.725,1000180400,7.4052,4.19526,3.47293,3.36934,12.2166,6.49917,6.07101,5.63546,2.00017,16.8642,9.14438,6.38317,8.33443,4.99025,4.14633,4.05947,,,,,,,,,,,,,,,,,,
211,0.775,1000180400,7.87176,3.71063,3.30333,2.98816,12.7867,6.23159,5.99712,5.37689,2.00382,11.8768,9.55731,6.84998,8.95347,4.6355,4.09013,3.78604,,,,,,,,,,,,,,,,,,
211,0.825,1000180400,8.14554,3.94011,3.50026,3.18155,13.0305,6.53828,6.29459,5.73501,2.04727,17.3245,10.026,12.3575,9.49894,4.39218,4.04323,3.57443,,,,,,,,,,,,,,,,,,
211,0.875,1000180400,8.31798,3.91576,3.51726,3.16267,13.6829,6.1727,6.13987,5.3559,2.00968,12.0204,10.0851,7.92137,9.94886,3.99295,3.82995,3.19485,,,,,,,,,,,,,,,,,,
211,0.925,1000180400,8.50655,4.16915,3.71166,3.38049,14.1151,6.36203,6.40576,5.61055,3.9387,9.81136,10.2807,17.1753,10.3089,4.42464,4.19921,3.58862,,,,,,,,,,,,,,,,,,
211,0.975,1000180400,8.51743,4.5946,3.96763,3.74091,13.6836,6.71172,6.61034,6.00037,4.18632,9.85549,10.1976,16.9416,10.5234,4.66497,4.4065,3.8095,,,,,,,,,,,,,,,,,,
211,1.025,1000180400,8.79814,4.41072,3.92271,3.58797,13.7411,6.73258,6.64526,6.03228,5.00218,12.075,10.4567,17.0089,10.7375,4.29267,4.15873,3.44844,,,,,,,,,,,,,,,,,,
211,1.075,1000180400,8.95572,4.7857,4.18599,3.91258,13.6089,13.2421,7.08731,6.73149,6.14186,15.9161,10.0943,15.7546,10.8787,4.55197,4.37662,3.69254,,,,,,,,,,,,,,,,,,
211,1.125,1000180400,9.28873,4.39877,4.01105,3.58186,13.9499,6.90532,6.85619,6.2931,6.37831,15.8042,10.3189,15.9706,11.0452,4.79654,4.58508,3.9238,,,,,,,,,,,,,,,,,,
211,1.175,1000180400,9.28866,4.70972,4.20749,3.8567,14.4873,13.3211,7.13319,6.56706,6.98303,14.9723,10.2914,15.7289,11.1721,4.75073,4.56877,3.87495,,,,,,,,,,,,,,,,,,
211,1.225,1000180400,9.54306,5.16786,4.55259,4.26005,14.9894,6.47968,6.74624,5.88447,7.18025,14.2024,10.0527,15.1423,11.0437,5.09044,4.80159,4.20471,,,,,,,,,,,,,,,,,,
211,1.275,1000180400,9.87532,5.1871,4.63895,4.28825,15.5222,13.7172,7.46779,6.84076,9.48406,10.7979,9.5354,12.9368,11.2736,5.56654,5.18018,4.66391,,,,,,,,,,,,,,,,,,
211,1.325,1000180400,10.2443,4.91075,4.53081,4.03953,14.9891,13.7432,7.58493,7.1505,8.66894,10.6062,10.2503,14.9681,11.746,5.28375,5.06548,4.38663,,,,,,,,,,,,,,,,,,
211,1.375,1000180400,10.2909,5.19165,4.72632,4.30023,15.8533,13.7493,7.43035,6.71958,9.71082,10.9412,9.69932,13.2161,11.2183,6.01048,5.47878,5.09518,,,,,,,,,,,,,,,,,,
211,1.425,1000180400,10.6121,5.02834,4.67827,4.14965,15.2139,13.7343,7.54036,7.02588,9.09763,9.65535,9.70839,13.5042,11.862,5.35853,5.14212,4.46026,,,,,,,,,,,,,,,,,,
211,1.475,1000180400,10.8363,4.9346,4.65197,4.0592,16.4599,13.7872,7.31304,6.4137,6.49112,14.2509,11.6602,19.5426,11.6101,6.01655,5.571,5.11411,,,,,,,,,,,,,,,,,,
211,1.525,1000180400,11.0339,5.30077,4.94613,4.40607,17.4104,14.209,7.34957,6.30862,9.45679,9.97514,9.95282,13.9076,11.9311,6.03013,5.65295,5.13906,,,,,,,,,,,,,,,,,,
211,1.575,1000180400,11.2477,5.63499,5.22782,4.73011,15.5955,13.5576,7.2675,6.5137,6.98177,15.4739,10.9092,17.2132,11.9321,5.6262,5.35599,4.73115,,,,,,,,,,,,,,,,,,
211,1.625,1000180400,11.2691,4.99558,4.76863,4.11218,17.639,14.1793,7.17029,6.02184,9.97698,11.1025,9.91278,13.6004,12.0626,6.22518,5.82661,5.34494,,,,,,,,,,,,,,,,,,
211,1.675,1000180400,11.3542,5.66317,5.27002,4.75709,17.3152,14.1167,7.30601,6.26509,7.92727,15.0334,12.0689,20.2978,12.5672,5.76693,5.58276,4.88009,,,,,,,,,,,,,,,,,,
211,1.725,1000180400,11.6969,5.6762,5.34851,4.77552,17.8279,14.4197,7.28061,6.15886,8.11561,12.3688,10.3637,15.4772,11.7883,6.54654,6.00034,5.65587,,,,,,,,,,,,,,,,,,
211,1.775,1000180400,12.1631,5.86509,5.57806,4.97583,17.2444,14.1754,7.40831,6.42483,10.1124,9.16959,11.1732,16.8562,11.5555,6.73647,6.07653,5.83567,,,,,,,,,,,,,,,,,,
211,1.825,1000180400,12.0867,5.79783,5.515,4.90661,18.1958,15.5923,8.11666,7.47375,4.63883,11.1173,12.7531,23.5045,11.3212,7.4874,6.54916,6.63431,,,,,,,,,,,,,,,,,,
211,1.875,1000180400,12.3925,5.91257,5.66472,5.02679,18.4688,14.7989,7.00203,5.69333,8.20943,12.9582,10.7599,16.4185,11.6711,6.86834,6.19476,5.9892,,,,,,,,,,,,,,,,,,
211,1.925,1000180400,12.538,5.97362,5.73763,5.09697,17.6366,14.1698,7.16182,6.0091,9.11285,13.4733,12.0839,19.9066,12.0131,7.1011,6.47541,6.26974,,,,,,,,,,,,,,,,,,
211,1.975,1000180400,12.6705,6.02629,5.80996,5.15326,17.1439,13.7,6.93799,5.7565,7.04362,14.1355,12.2622,21.0865,11.8088,6.96968,6.30821,6.11091,,,,,,,,,,,,,,,,,,
211,2.025,1000180400,13.139,6.01258,5.89202,5.15566,18.0951,14.3426,6.97041,5.68545,7.79855,15.0836,12.0917,20.2833,10.7308,12.8256,6.59923,6.91105,,,,,,,,,,,,,,,,,,
211,0.075,1000260560,2,2.8225,1.32715,0.927476,2.0003,12.3375,5.49496,3.82888,3.67901,3.17284,1.76506,2.19416,2.475,17.329,2.18947,3.66217,,,,,,,,,,,,,,,,,,
211,0.125,1000260560,2,12.2399,2.61367,1.82665,2.00001,13.2567,5.85306,4.07679,4.03138,3.31358,1.98051,2.3595,2.30026,13.8753,2.57569,4.41634,,,,,,,,,,,,,,,,,,
211,0.175,1000260560,2,16.0269,3.69189,2.57585,2.00123,16.1338,6.48167,4.56391,4.4516,3.28034,2.13264,2.41727,3.2199,11.332,2.62982,3.92081,,,,,,,,,,,,,,,,,,
211,0.225,1000260560,2.00191,11.495,4.67953,3.3088,3.82014,16.6664,6.47084,10.2563,4.78252,3.31212,2.27011,2.48727,4.21074,4.94238,2.72415,3.53583,,,,,,,,,,,,,,,,,,
211,0.275,1000260560,6.20284,4.71703,3.37796,3.66702,5.93891,9.78192,6.31522,8.76193,5.07903,3.30181,2.36628,2.51492,5.04307,4.1528,2.71453,3.0956,,,,,,,,,,,,,,,,,,
211,0.325,1000260560,7.39224,3.34082,2.9844,2.67756,7.2732,11.1324,6.36305,8.12113,5.23427,3.94233,2.69723,2.98629,5.34747,4.34964,2.9166,3.27566,,,,,,,,,,,,,,,,,,
211,0.375,1000260560,7.47417,3.69687,3.21263,2.97268,9.49162,12.4516,6.07994,6.61634,5.17517,5.14905,3.19398,3.83346,5.28744,5.4252,3.36488,4.06535,,,,,,,,,,,,,,,,,,
211,0.425,1000260560,7.68298,3.83565,3.33814,3.09049,10.433,12.9129,6.81389,7.36455,4.73475,9.21234,4.07681,5.5707,5.58987,5.57345,3.55608,4.23358,,,,,,,,,,,,,,,,,,
211,0.475,1000260560,8.15036,3.75676,3.38549,3.0271,11.8585,7.0691,6.40311,6.22473,5.07293,9.63334,4.33951,5.82328,5.93614,5.67061,3.73491,4.35314,,,,,,,,,,,,,,,,,,
211,0.525,1000260560,8.4592,4.06859,3.64163,3.29452,12.5811,13.1323,6.97025,6.86653,5.10138,9.28326,4.8808,6.7333,6.24187,6.08535,4.05685,4.73878,,,,,,,,,,,,,,,,,,
211,0.575,1000260560,8.6416,4.38849,3.87526,3.56715,13.9195,7.00253,6.94086,6.41617,4.96184,11.6668,5.64029,8.08198,6.89077,5.76662,4.1208,4.55045,,,,,,,,,,,,,,,,,,
211,0.625,1000260560,8.88003,4.53766,4.01449,3.7007,14.1536,6.91616,6.92459,6.34259,5.08345,12.944,6.30662,9.15239,7.61861,5.81727,4.37621,4.67842,,,,,,,,,,,,,,,,,,
211,0.675,1000260560,9.20233,4.57717,4.10953,3.73738,14.4943,6.60094,6.72363,5.9691,4.63298,16.6527,7.38421,11.3656,8.5202,5.01842,4.20939,4.09372,,,,,,,,,,,,,,,,,,
211,0.725,1000260560,9.04645,4.97279,4.31945,4.075,14.7486,13.5272,7.35265,6.84232,5.6632,12.3883,7.01344,10.057,9.12712,5.05306,4.38005,4.15036,,,,,,,,,,,,,,,,,,
211,0.775,1000260560,9.80704,4.79427,4.36913,3.93279,14.9572,13.4392,7.22597,6.59287,6.23531,11.7205,7.57773,10.7562,9.90176,4.55107,4.2221,3.71432,,,,,,,,,,,,,,,,,,
211,0.825,1000260560,9.94213,4.9278,4.48301,4.05457,15.1999,13.8159,7.63611,7.1873,6.43279,11.86,7.90559,11.264,10.4752,4.31386,4.14101,3.47805,,,,,,,,,,,,,,,,,,
211,0.875,1000260560,10.4621,5.25488,4.80593,4.35962,15.7461,14.1919,7.97227,7.63008,6.99642,10.202,8.00523,11.0941,11.0506,4.35943,4.24956,3.50005,,,,,,,,,,,,,,,,,,
211,0.925,1000260560,10.2468,5.77618,5.09438,4.83467,15.6501,13.9597,7.71385,7.22248,7.70443,9.51517,8.10878,10.9104,11.4846,4.30891,4.25664,3.43106,,,,,,,,,,,,,,,,,,
211,0.975,1000260560,10.7104,5.6544,5.12703,4.7347,16.1101,13.8372,7.46873,6.72604,7.52214,10.4643,8.80165,12.346,11.6518,4.32179,4.28432,3.43622,,,,,,,,,,,,,,,,,,
211,1.025,1000260560,10.924,5.74249,5.2284,4.82892,16.7868,13.8949,7.30955,6.35913,6.92292,14.0973,9.64112,14.3369,11.9047,4.43466,4.4058,3.53608,,,,,,,,,,,,,,,,,,
211,1.075,1000260560,11.3402,5.82502,5.37814,4.91939,17.0985,14.8163,8.15077,7.71753,8.39583,9.7403,9.5905,13.4923,12.207,4.66277,4.63255,3.75148,,,,,,,,,,,,,,,,,,
211,1.125,1000260560,11.6877,6.15427,5.69277,5.25148,17.2386,14.4119,7.65277,6.82417,8.0483,11.8604,10.0705,14.7995,12.699,4.50993,4.54719,3.57614,,,,,,,,,,,,,,,,,,
211,1.175,1000260560,11.8973,6.14321,5.73184,5.2485,17.5334,15.2238,8.33132,7.96905,8.44732,11.8147,10.5108,15.7254,12.632,4.83612,4.8289,3.91411,,,,,,,,,,,,,,,,,,
211,1.225,1000260560,12.0314,6.4101,5.95465,5.53569,17.9205,15.5348,8.33859,7.93487,9.50617,10.1513,9.90869,13.7944,13.0754,4.8105,4.85529,3.87141,,,,,,,,,,,,,,,,,,
211,1.275,1000260560,12.1752,6.49538,6.0585,5.62622,18.1109,16.2103,8.88846,9.00069,10.5677,11.7142,10.1824,13.9987,13.3866,5.00178,5.06274,4.06208,,,,,,,,,,,,,,,,,,
211,1.325,1000260560,12.6108,6.78529,6.39191,5.97469,18.2237,16.4074,8.96179,9.16424,10.5042,9.83631,11.118,16.5707,13.415,5.01182,5.07513,4.07192,,,,,,,,,,,,,,,,,,
211,1.375,1000260560,12.7928,6.57855,6.27384,5.76024,18.6563,16.6479,8.55365,8.283,11.8495,12.1401,11.2159,16.4309,13.6902,5.21332,5.29228,4.28221,,,,,,,,,,,,,,,,,,
211,1.425,1000260560,12.8806,6.70318,6.38888,5.91231,18.8539,16.7242,8.23442,7.65704,11.7587,11.9793,11.2255,16.486,13.8898,5.13577,5.24567,4.19417,,,,,,,,,,,,,,,,,,
211,1.475,1000260560,13.1157,6.86253,6.58836,6.11885,19.6776,14.7224,8.83745,8.84218,12.0321,12.0423,11.4384,17.0858,13.9745,5.38814,5.49211,4.47281,,,,,,,,,,,,,,,,,,
211,1.525,1000260560,13.537,6.87969,6.71939,6.18975,20,14.7464,8.81545,8.74554,13.0442,13.6001,11.3399,16.4955,14.196,5.63284,5.75349,4.75017,,,,,,,,,,,,,,,,,,
211,1.575,1000260560,13.7341,6.75188,6.6609,6.05385,20,17.8626,8.93492,8.97667,12.6091,10.5039,12.7565,21.2588,14.0573,5.70496,5.79664,4.83082,,,,,,,,,,,,,,,,,,
211,1.625,1000260560,13.8602,13.5093,7.41885,7.14947,20,16.4811,9.52533,10.442,13.1629,12.3042,12.3212,19.6463,14.785,5.67297,5.89231,4.81307,,,,,,,,,,,,,,,,,,
211,1.675,1000260560,14.209,13.3142,7.14579,6.6543,20,16.2233,8.47026,8.07605,12.301,11.1564,12.1574,19.3109,14.4501,5.98586,6.13164,5.17533,,,,,,,,,,,,,,,,,,
211,1.725,1000260560,14.8202,13.5333,7.35176,6.82476,20,17.8202,8.93191,8.9351,11.4506,9.88275,12.7378,21.5012,14.5991,6.27879,6.44392,5.55391,,,,,,,,,,,,,,,,,,
211,1.775,1000260560,14.8918,13.8219,7.68916,7.34809,20,17.6034,9.4394,10.1344,14.035,13.7467,12.1613,18.9315,14.7737,5.87129,6.08552,5.05564,,,,,,,,,,,,,,,,,,
211,1.825,1000260560,14.9946,14.0321,7.93123,7.71271,20,17.9955,8.59286,8.32682,12.1916,11.9845,14.5134,27.7277,15.4682,5.64302,5.98825,4.81359,,,,,,,,,,,,,,,,,,
211,1.875,1000260560,15.4528,13.9182,7.71938,7.24258,19.9999,16.8381,9.82655,11.2015,12.0578,9.73363,13.2939,23.2,14.6971,6.70772,6.89011,6.15618,,,,,,,,,,,,,,,,,,
211,1.925,1000260560,16.0047,14.1671,7.87073,7.40182,19.9998,17.5743,10.5917,13.2577,15.1441,11.8434,14.0525,25.6776,15.0327,6.31323,6.58707,5.65921,,,,,,,,,,,,,,,,,,
211,1.975,1000260560,16.4649,14.3771,7.96814,7.48492,19.9999,17.5517,9.04577,9.32169,16.1354,15.9388,11.6566,16.8006,14.8174,6.61545,6.83354,6.04726,,,,,,,,,,,,,,,,,,
211,2.025,1000260560,16.4748,14.3081,7.88295,7.3304,20,16.174,9.09327,9.3828,13.3028,10.3444,14.5987,28.0251,14.9789,13.4907,7.28729,6.67604,,,,,,,,,,,,,,,,,,
