probe,ke,target,meanhA,meanErrhA,stdhA,stdErrhA,meannhN,meanErrhN,stdhN,stdErrhN,meanINCL,meanErrINCL,stdINCL,stdErrINCL,meanGeant4,meanErrGeant4,stdGeant4,stdErrGeant4
-211,0.075,1000060120,-1.40604,0.564941,0.549129,0.352156,-1.46058,1.14124,1.14102,0.800679,-1.10663,0.858796,0.858806,0.601525,-1.21769,0.716208,0.716318,0.502531
-211,0.125,1000060120,-1.35085,1.3552,1.3528,0.956575,-1.41708,1.13246,1.1323,0.794394,-1.19142,0.826805,0.826816,0.579328,-1.19462,0.748723,0.74881,0.525186
-211,0.175,1000060120,-1.23205,2.03395,1.96782,1.53704,-1.41321,1.22105,1.22031,0.856623,-1.22704,0.828511,0.828516,0.580422,-1.22511,0.741209,0.741257,0.519639
-211,0.225,1000060120,-1.10646,2.83701,2.54139,2.34602,-1.41189,1.27797,1.27685,0.899634,-1.26573,0.816935,0.816931,0.572198,-1.26905,0.705671,0.705574,0.492857
-211,0.275,1000060120,-1.08506,4.10916,3.21706,3.8527,-1.41993,1.25958,1.25842,0.885958,-1.28498,0.821175,0.821167,0.575169,-1.31071,0.707597,0.707324,0.493134
-211,0.325,1000060120,-0.907207,5.11395,3.71458,5.36012,-1.39807,1.29865,1.29729,0.915259,-1.27572,0.82966,0.829656,0.581089,-1.29885,0.707855,0.707634,0.493534
-211,0.375,1000060120,-0.709458,4.46452,3.47567,4.59913,-1.36157,1.37733,1.3742,0.974093,-1.29865,0.811175,0.81116,0.568046,-1.28467,0.709444,0.709287,0.496141
-211,0.425,1000060120,-0.792402,4.53073,3.48817,4.63398,-1.32386,1.37074,1.36846,0.968995,-1.28646,0.810763,0.810751,0.567785,-1.31528,0.677559,0.676958,0.470913
-211,0.475,1000060120,-0.783211,5.07236,3.73018,5.41487,-1.33376,1.43968,1.43548,1.02177,-1.28603,0.821544,0.821536,0.575469,-1.23121,0.764257,0.764277,0.535606
-211,0.525,1000060120,-0.372864,4.84097,3.71696,5.36282,-1.33887,1.39733,1.39433,0.989691,-1.32053,0.82252,0.822505,0.576053,-1.30103,0.718212,0.718031,0.502086
-211,0.575,1000060120,-0.0954582,4.96621,3.80086,5.64838,-1.32519,1.36239,1.35864,0.961952,-1.31504,0.806334,0.806312,0.564453,-1.30666,0.701294,0.700991,0.489603
-211,0.625,1000060120,-0.308119,4.72636,3.67138,5.20744,-1.09955,1.31357,1.31286,0.923492,-1.30099,0.785454,0.785423,0.550028,-1.24345,0.744136,0.744146,0.52136
-211,0.675,1000060120,0.136454,4.71406,3.68061,5.24283,-1.20079,1.30136,1.30054,0.915153,-1.26911,0.806536,0.806529,0.564951,-1.27042,0.717186,0.717107,0.501926
-211,0.725,1000060120,0.302999,4.84315,3.72488,5.39059,-1.19524,1.20173,1.20151,0.842844,-1.27644,0.814818,0.814811,0.570019,-1.24768,0.654705,0.654661,0.458279
-211,0.775,1000060120,0.322067,5.01003,3.80546,5.6595,-1.20886,1.32941,1.32827,0.936296,-1.3252,0.824119,0.824104,0.57594,-1.29018,0.708046,0.707863,0.493988
-211,0.825,1000060120,0.498547,5.27128,3.88897,5.9587,-1.29556,1.35392,1.3521,0.95542,-1.34286,0.789283,0.789234,0.552571,-1.33413,0.62973,0.627421,0.431701
-211,0.875,1000060120,0.445822,4.9506,3.75258,5.49261,-1.19001,1.34233,1.34109,0.945401,-1.35888,0.803675,0.803637,0.56259,-1.28732,0.606832,0.60478,0.418493
-211,0.925,1000060120,0.662556,5.05271,3.74666,5.48508,-1.34306,1.35909,1.35695,0.959973,-1.38425,0.774509,0.77441,0.541265,-1.15492,0.831069,0.831084,0.582399
-211,0.975,1000060120,0.618878,4.64946,3.57847,4.92735,-1.02154,1.37364,1.37252,0.967333,-1.30468,0.772809,0.772762,0.542146,-1.11156,0.865075,0.865082,0.604735
-211,1.025,1000060120,0.978002,4.857,3.57011,4.9219,-1.15956,1.32982,1.32881,0.936135,-1.31646,0.825646,0.825633,0.57831,-1.04167,1.08883,1.08881,0.762872
-211,1.075,1000060120,1.19786,5.51275,3.77155,5.57939,-1.11069,1.36603,1.36473,0.962516,-1.4464,0.788741,0.788656,0.551649,-1.10393,0.796772,0.796829,0.55847
-211,1.125,1000060120,1.19869,5.47069,3.73971,5.51835,-1.22995,1.25005,1.24957,0.877065,-1.34721,0.860262,0.860256,0.602166,-1.06475,1.17282,1.17273,0.822281
-211,1.175,1000060120,1.71116,6.16289,3.75792,5.6592,-1.31719,1.23195,1.23145,0.86529,-1.32456,0.845504,0.845496,0.591021,-1.09804,0.910068,0.91007,0.637469
-211,1.225,1000060120,1.69795,5.9021,3.67766,5.38992,-1.05612,1.35051,1.34956,0.950102,-1.40594,0.754196,0.754008,0.526959,-0.900001,1.06437,1.06437,0.745309
-211,1.275,1000060120,1.89713,6.30425,3.72089,5.5506,-1.474,1.115,1.11485,0.781888,-1.42917,0.748417,0.748179,0.521741,-0.756881,1.316,1.31572,0.923271
-211,1.325,1000060120,1.77485,5.80137,3.61919,5.18512,-1.16727,1.34093,1.33977,0.944623,-1.36997,0.771595,0.771497,0.540785,-0.758828,1.13871,1.1387,0.797128
-211,1.375,1000060120,1.86784,6.65995,3.83378,5.95491,-1.21685,1.34701,1.34561,0.948976,-1.35859,0.651665,0.649958,0.448429,-0.629879,1.19834,1.19831,0.838589
-211,1.425,1000060120,1.84093,5.50352,3.48851,4.80832,-1.08337,1.13965,1.1396,0.798767,-1.44498,0.732467,0.732096,0.51071,-0.485555,1.29105,1.29097,0.905024
-211,1.475,1000060120,2.05925,6.05631,3.56829,5.09592,-1.32749,1.29868,1.29756,0.914655,-1.45238,0.800177,0.800114,0.559864,-0.541669,1.14804,1.14803,0.804463
-211,1.525,1000060120,2.2425,5.99104,3.4764,4.83873,-1.15085,1.17041,1.17029,0.820167,-1.43927,0.716238,0.715691,0.498345,-0.474027,1.12767,1.12766,0.78994
-211,1.575,1000060120,2.20383,5.91475,3.46708,4.8127,-0.827281,1.16017,1.16014,0.812524,-1.35701,0.717794,0.717439,0.501767,-0.467773,1.28216,1.28209,0.898409
-211,1.625,1000060120,2.66343,7.52475,3.68503,5.61449,-1.59532,1.06495,1.06485,0.746659,-1.26802,0.782585,0.782573,0.547692,-0.398578,1.31943,1.31933,0.924214
-211,1.675,1000060120,2.96394,8.0745,3.65521,5.62464,-1.03578,1.20978,1.20963,0.848486,-1.60909,0.62502,0.621245,0.4221,-0.632354,1.08356,1.08355,0.759304
-211,1.725,1000060120,2.55095,6.40361,3.44534,4.84702,-0.928619,1.23784,1.23768,0.868419,-1.39565,0.742771,0.742531,0.51808,-0.528586,1.23003,1.23,0.861594
-211,1.775,1000060120,2.4881,5.65374,3.26285,4.31426,-1.02818,1.34445,1.34362,0.945407,-1.52501,0.757686,0.757481,0.528482,-0.333334,1.11785,1.11785,0.782878
-211,1.825,1000060120,2.71099,5.94454,3.2568,4.3407,-1.09461,1.10134,1.10131,0.771422,-1.35235,0.692859,0.692235,0.481851,-0.300035,1.32667,1.32658,0.929804
-211,1.875,1000060120,3.60927,10.5443,3.83356,6.39231,-1.10534,1.22484,1.22461,0.857539,-1.12842,0.758266,0.758406,0.531267,-0.239143,1.24088,1.24086,0.868903
-211,1.925,1000060120,3.05389,7.44343,3.46975,5.07973,-1.22077,1.5629,1.55474,1.11946,-1.37804,0.801909,0.801864,0.560734,-0.172133,1.23535,1.23534,0.863858
-211,1.975,1000060120,3.4782,8.73464,3.55192,5.45856,-1.25777,1.23221,1.2318,0.865258,-1.33331,0.819916,0.819897,0.574254,-0.54082,1.17425,1.17424,0.820501
-211,2.025,1000060120,3.02649,6.50661,3.25174,4.46463,-1.37097,1.00737,1.00736,0.705188,-1.21999,0.825539,0.825545,0.578445,-0.500046,1.30178,1.30168,0.912201
-211,0.075,1000080160,-1.39453,0.698086,0.697363,0.48438,-1.47721,1.2634,1.26117,0.890031,-0.928947,0.960535,0.960535,0.673056,-1.06738,0.802889,0.802945,0.56297
-211,0.125,1000080160,-1.34312,1.41777,1.41363,1.00445,-1.45197,1.3223,1.31936,0.934132,-1.01309,0.95086,0.95086,0.666577,-1.0669,0.812844,0.812886,0.569844
-211,0.175,1000080160,-1.27769,2.01036,1.9421,1.51614,-1.42787,1.363,1.35907,0.965206,-1.05017,0.957943,0.957943,0.670107,-1.09166,0.822287,0.822316,0.576362
-211,0.225,1000080160,-1.13618,2.89587,2.56549,2.40305,-1.36887,1.43851,1.43362,1.02163,-1.07412,0.953183,0.953183,0.666668,-1.15452,0.80398,0.804013,0.563556
-211,0.275,1000080160,-1.27467,4.40236,3.28642,4.08163,-1.36215,1.51305,1.50431,1.08088,-1.11384,0.95033,0.95033,0.665786,-1.20498,0.782348,0.782377,0.547079
-211,0.325,1000080160,-1.02793,5.07831,3.63367,5.15651,-1.32263,1.5174,1.5087,1.08408,-1.12948,0.974168,0.974167,0.682445,-1.1911,0.799243,0.799267,0.560163
-211,0.375,1000080160,-0.941958,5.45859,3.82894,5.78472,-1.23357,1.58991,1.57958,1.14205,-1.13623,0.968248,0.968247,0.677016,-1.2023,0.785849,0.785877,0.549585
-211,0.425,1000080160,-0.68366,4.8114,3.61992,5.09933,-1.34856,1.63879,1.62236,1.18657,-1.13115,0.956569,0.956569,0.668451,-1.15143,0.77233,0.772411,0.540623
-211,0.475,1000080160,-0.610351,5.30397,3.85117,5.88853,-1.29894,1.62002,1.60445,1.16904,-1.13719,0.966755,0.966754,0.677254,-1.17773,0.810226,0.810248,0.567843
-211,0.525,1000080160,-0.583395,4.53344,3.5089,4.74464,-1.23223,1.59964,1.58814,1.1492,-1.14193,0.98286,0.982859,0.686614,-1.17021,0.808816,0.808841,0.566879
-211,0.575,1000080160,-0.309207,4.79607,3.67211,5.28226,-1.18016,1.56098,1.5522,1.11541,-1.13784,0.990644,0.990642,0.69392,-1.20838,0.767329,0.76737,0.536868
-211,0.625,1000080160,-0.320015,5.12616,3.83108,5.80405,-1.02653,1.51261,1.50871,1.07312,-1.15165,0.979975,0.979973,0.68646,-1.14162,0.83812,0.838134,0.58733
-211,0.675,1000080160,-0.220293,4.61627,3.59464,5.02209,-1.14881,1.59471,1.586,1.14166,-1.19558,0.982417,0.982414,0.687691,-1.20182,0.772344,0.772386,0.540598
-211,0.725,1000080160,-0.0414399,4.7331,3.66391,5.24583,-1.08765,1.45494,1.4507,1.02855,-1.14683,1.04071,1.0407,0.72916,-1.17523,0.786142,0.786186,0.55001
-211,0.775,1000080160,0.0315206,4.91172,3.73616,5.51165,-1.08092,1.54642,1.54083,1.10134,-1.17914,0.982886,0.982883,0.688509,-1.18111,0.828432,0.828444,0.580406
-211,0.825,1000080160,0.170073,4.4513,3.5108,4.76312,-1.24062,1.67331,1.65287,1.21101,-1.1627,0.983257,0.983255,0.688788,-1.20806,0.863499,0.863502,0.603698
-211,0.875,1000080160,0.450305,4.94349,3.70272,5.426,-1.19275,1.61879,1.60791,1.16437,-1.16434,0.978042,0.97804,0.684971,-1.19675,0.9001,0.9001,0.630477
-211,0.925,1000080160,0.393184,5.16087,3.79831,5.77707,-1.23261,1.7359,1.71069,1.26406,-1.16275,1.02826,1.02825,0.719916,-1.14963,0.883758,0.883761,0.618035
-211,0.975,1000080160,0.902846,5.86766,3.94988,6.33985,-1.33365,1.49813,1.49164,1.0686,-1.25311,0.97854,0.978537,0.685439,-1.12332,0.863667,0.863674,0.605172
-211,1.025,1000080160,0.974728,5.9642,3.9678,6.39156,-1.27113,1.68642,1.66857,1.22566,-1.24612,0.998699,0.998694,0.699465,-1.06808,1.09235,1.09233,0.765266
-211,1.075,1000080160,0.716691,4.64695,3.48758,4.77893,-1.13787,1.49115,1.48698,1.05893,-1.23602,0.899483,0.899483,0.630071,-1.02356,1.00669,1.00668,0.705157
-211,1.125,1000080160,1.24983,6.3257,3.97809,6.47416,-1.02396,1.4585,1.45315,1.03132,-1.33448,0.968493,0.968489,0.678427,-1.00802,1.05092,1.05091,0.735474
-211,1.175,1000080160,1.54302,6.57228,3.90554,6.31604,-1.29308,1.60499,1.59309,1.15486,-1.24249,0.998925,0.99892,0.699705,-0.897853,1.10777,1.10776,0.775006
-211,1.225,1000080160,1.96358,7.94388,4.08561,7.04005,-1.34936,1.41742,1.41379,1.00406,-1.29327,0.935104,0.935102,0.654206,-0.785718,1.11507,1.11506,0.78078
-211,1.275,1000080160,2.33898,11.7424,4.72116,17.2326,-1.04532,1.58151,1.57018,1.12851,-1.24875,0.959931,0.959929,0.672272,-0.915133,1.20433,1.20424,0.844219
-211,1.325,1000080160,1.93319,7.93379,4.07395,7.05986,-1.20446,1.63287,1.62084,1.17692,-1.14935,0.949916,0.949916,0.664966,-0.775642,1.03496,1.03496,0.724857
-211,1.375,1000080160,1.80559,5.79979,3.52605,5.09745,-1.18282,1.48637,1.48197,1.05563,-1.3913,0.882044,0.882039,0.617868,-0.595952,1.29453,1.29441,0.907383
-211,1.425,1000080160,2.25056,8.55028,4.06423,7.05376,-1.1824,1.59516,1.58586,1.14401,-1.20543,0.991098,0.991095,0.69382,-0.711318,1.28196,1.28181,0.897297
-211,1.475,1000080160,2.25084,7.22993,3.73118,5.87262,-0.926112,1.66691,1.65758,1.1965,-1.08333,0.934019,0.934019,0.654142,-0.851026,1.17482,1.17478,0.823299
-211,1.525,1000080160,2.47172,9.57557,4.17787,7.52287,-1.10462,1.3384,1.33745,0.94197,-1.11321,0.916798,0.9168,0.641957,-0.620406,1.25253,1.25245,0.877748
-211,1.575,1000080160,2.39276,7.02026,3.60922,5.49334,-1.19152,1.54549,1.53857,1.10447,-1.29808,0.923684,0.923682,0.646906,-0.647099,1.25555,1.25546,0.879894
-211,1.625,1000080160,2.63905,8.56329,3.84591,6.39591,-1.13128,1.58321,1.57531,1.13307,-1.29348,0.928647,0.928646,0.651752,-0.677084,1.06055,1.06055,0.742941
-211,1.675,1000080160,2.65299,8.90716,3.91184,6.63651,-1.05419,1.243,1.24274,0.871884,-1.21052,0.900493,0.900493,0.630849,-0.686312,1.26523,1.26512,0.885677
-211,1.725,1000080160,3.23359,10.9801,4.02362,7.16596,-0.918516,1.48381,1.48135,1.04919,-1.29104,0.889955,0.889954,0.623366,-0.47942,1.25149,1.25144,0.876732
-211,1.775,1000080160,3.14967,8.87792,3.62857,5.88009,-1.13781,1.46029,1.45703,1.03503,-1.21429,1.03011,1.0301,0.721659,-0.569448,1.13439,1.13438,0.794777
-211,1.825,1000080160,3.08735,8.49019,3.57452,5.69726,-1.07066,1.56203,1.55591,1.11412,-1.1727,0.810199,0.810222,0.567785,-0.302474,1.23097,1.23096,0.861706
-211,1.875,1000080160,3.04735,9.51011,3.81213,6.452,-0.863738,1.49783,1.49538,1.05804,-1.55263,0.85664,0.856628,0.599797,-0.637599,1.31118,1.311,0.919479
-211,1.925,1000080160,4.07776,14.2611,4.07625,7.65885,-0.640765,1.51199,1.51026,1.06436,-1.35106,0.874497,0.874493,0.612507,-0.536746,1.40038,1.39995,0.981509
-211,1.975,1000080160,4.28644,15.6281,4.16811,8.01072,-0.781898,1.37348,1.37289,0.962705,-1.3913,0.935537,0.935535,0.653768,-0.387509,1.25189,1.25186,0.875021
-211,2.025,1000080160,4.26596,13.981,3.93491,7.2373,-1.06635,1.42743,1.42535,1.00706,-1.42308,0.970916,0.97091,0.680151,-0.429586,1.22523,1.22521,0.857933
-211,0.075,1000180400,-1.45703,0.815292,0.81525,0.57083,-1.86193,1.76929,1.76929,1.23906,-3.24594,1.35378,1.35378,0.946952,-2.78959,1.55116,1.55116,1.08667
-211,0.125,1000180400,-1.46926,1.66597,1.67182,1.16726,-1.82616,1.81198,1.81198,1.26907,-3.26891,1.37001,1.37001,0.959795,-2.7717,1.61205,1.61205,1.12935
-211,0.175,1000180400,-1.44201,2.24673,2.25396,1.57419,-1.89602,2.00205,2.00205,1.40231,-3.37638,1.39058,1.39058,0.974159,-3.04871,1.60032,1.60032,1.12064
-211,0.225,1000180400,-1.43874,2.78888,2.78888,1.95211,-1.93454,2.07559,2.07559,1.45421,-3.47226,1.38895,1.38895,0.974265,-3.28719,1.52733,1.52733,1.06941
-211,0.275,1000180400,-1.35129,3.23677,3.23677,2.26663,-1.9217,2.15585,2.15585,1.51017,-3.52882,1.39739,1.39739,0.980644,-3.46828,1.47468,1.47468,1.03303
-211,0.325,1000180400,-1.29633,3.34352,3.34352,2.34236,-2.00837,2.22329,2.22329,1.55522,-3.5833,1.41797,1.41797,0.991941,-3.51884,1.50404,1.50404,1.05354
-211,0.375,1000180400,-1.23748,3.36453,3.36453,2.35606,-2.0299,2.37598,2.37598,1.66367,-3.62419,1.3939,1.3939,0.976893,-3.55089,1.48187,1.48187,1.03813
-211,0.425,1000180400,-1.02102,3.41452,3.41452,2.39211,-2.09972,2.50292,2.50292,1.75277,-3.63499,1.43621,1.43621,1.00916,-3.56641,1.48621,1.48621,1.04114
-211,0.475,1000180400,-1.20721,3.50713,3.50712,2.45701,-2.14198,2.53766,2.53766,1.775,-3.68967,1.43441,1.43441,1.00491,-3.62856,1.48118,1.48118,1.03505
-211,0.525,1000180400,-0.949526,3.55843,3.55843,2.49292,-2.12138,2.51377,2.51377,1.75857,-3.82691,1.43207,1.43207,1.00326,-3.71842,1.47642,1.47642,1.03495
-211,0.575,1000180400,-0.809432,3.53649,3.53649,2.48105,-2.21109,2.54876,2.54876,1.78392,-3.88611,1.48469,1.48469,1.03959,-3.77718,1.46818,1.46818,1.02847
-211,0.625,1000180400,-0.800961,3.53029,3.53029,2.47394,-2.21055,2.64459,2.64459,1.85168,-3.92032,1.46914,1.46914,1.0296,-3.88543,1.38886,1.38886,0.975121
-211,0.675,1000180400,-0.76858,3.6533,3.65329,2.55921,-2.14538,2.60165,2.60165,1.82255,-4.0102,1.40188,1.40188,0.979986,-3.99801,1.40679,1.40679,0.985444
-211,0.725,1000180400,-0.687738,3.63737,3.63737,2.54742,-2.17414,2.65704,2.65704,1.85982,-4.04951,1.45426,1.45426,1.01879,-4.06508,1.38268,1.38268,0.968356
-211,0.775,1000180400,-0.682046,3.66764,3.66764,2.5695,-2.12696,2.68876,2.68876,1.88274,-3.98818,1.45856,1.45856,1.02183,-4.10534,1.3649,1.3649,0.955937
-211,0.825,1000180400,-0.551047,3.6452,3.6452,2.55367,-2.03472,2.55378,2.55378,1.78893,-4.10248,1.51217,1.51217,1.05928,-4.15447,1.32917,1.32917,0.930565
-211,0.875,1000180400,-0.318846,3.73896,3.73896,2.61486,-2.18223,2.54945,2.54945,1.78572,-4.12547,1.41445,1.41445,0.990795,-4.20126,1.28253,1.28253,0.897665
-211,0.925,1000180400,-0.149323,3.50515,3.50515,2.45537,-2.10661,2.70451,2.70451,1.89937,-4.2198,1.45634,1.45634,1.01994,-4.19752,1.34805,1.34805,0.94436
-211,0.975,1000180400,-0.435533,3.67221,3.67221,2.57494,-2.22816,2.78413,2.78413,1.94639,-4.19148,1.40533,1.40533,0.984473,-4.18687,1.3766,1.3766,0.964339
-211,1.025,1000180400,-0.0363349,3.67339,3.67338,2.57235,-2.2762,2.75715,2.75715,1.93097,-4.27413,1.3916,1.3916,0.972406,-4.11957,1.43079,1.43079,1.00234
-211,1.075,1000180400,-0.046131,3.67527,3.67527,2.57477,-2.27425,2.68842,2.68842,1.8833,-4.20507,1.52359,1.52359,1.06701,-4.22217,1.36856,1.36856,0.959191
-211,1.125,1000180400,0.136295,3.70374,3.70373,2.59936,-2.23549,2.8206,2.8206,1.97571,-4.23474,1.51563,1.51563,1.05946,-4.13601,1.41694,1.41694,0.990409
-211,1.175,1000180400,0.173542,3.80173,3.80173,2.6601,-2.53704,2.61723,2.61723,1.83346,-4.32313,1.51129,1.51129,1.05739,-4.09829,1.44493,1.44493,1.01188
-211,1.225,1000180400,0.158028,3.77902,3.77901,2.64519,-2.28033,2.81045,2.81045,1.96644,-4.36772,1.43122,1.43122,1.00346,-4.19921,1.3591,1.3591,0.952925
-211,1.275,1000180400,0.341079,3.74526,3.74525,2.62389,-2.31542,2.85752,2.85752,2.00093,-4.37114,1.53797,1.53797,1.07701,-4.10476,1.50987,1.50987,1.05504
-211,1.325,1000180400,0.476988,3.78725,3.78725,2.6531,-2.41579,2.84636,2.84636,1.99369,-4.35256,1.42232,1.42232,0.996403,-4.03383,1.51834,1.51834,1.0637
-211,1.375,1000180400,0.840292,3.75046,3.75045,2.62756,-2.26271,2.61362,2.61362,1.83125,-4.55263,1.41281,1.41281,0.989153,-4.14054,1.60544,1.60544,1.12407
-211,1.425,1000180400,0.620792,3.732,3.73199,2.61239,-2.461,2.75325,2.75325,1.92726,-4.36471,1.44889,1.44889,1.01506,-4.12482,1.52762,1.52762,1.06991
-211,1.475,1000180400,0.921059,3.77786,3.77785,2.64675,-2.60632,2.66615,2.66615,1.86674,-4.50597,1.45746,1.45746,1.02048,-4.14516,1.50065,1.50065,1.05055
-211,1.525,1000180400,1.10105,3.85657,3.85654,2.70191,-2.43478,2.72557,2.72557,1.90811,-4.52922,1.6142,1.6142,1.13059,-4.02303,1.5547,1.5547,1.08915
-211,1.575,1000180400,0.902843,3.84166,3.84165,2.69126,-2.43939,2.89829,2.89829,2.03047,-4.27091,1.46078,1.46078,1.02182,-4.21617,1.50549,1.50548,1.05438
-211,1.625,1000180400,1.10017,3.87829,3.87827,2.71664,-2.64683,2.89601,2.89601,2.0246,-4.34746,1.5383,1.5383,1.07762,-3.97942,1.67233,1.67233,1.17153
-211,1.675,1000180400,1.12935,3.83051,3.83049,2.68364,-2.82157,2.8377,2.8377,1.98785,-4.50526,1.64295,1.64295,1.1509,-4.17456,1.60061,1.60061,1.12101
-211,1.725,1000180400,1.30169,3.7143,3.71428,2.59681,-2.42885,3.09543,3.09543,2.16811,-4.3392,1.54058,1.54058,1.07793,-4.02466,1.59092,1.59092,1.11416
-211,1.775,1000180400,1.56647,3.79535,3.79532,2.65819,-2.7402,2.812,2.812,1.96718,-4.32237,1.4375,1.4375,1.00672,-4.14302,1.60788,1.60788,1.12587
-211,1.825,1000180400,1.47678,3.71688,3.71686,2.60582,-2.64894,3.07964,3.07964,2.15712,-4.53226,1.42389,1.42389,0.996605,-4.10369,1.67136,1.67136,1.16936
-211,1.875,1000180400,1.66522,3.78684,3.78681,2.65299,-2.34865,2.66146,2.66146,1.86249,-4.19173,1.5612,1.5612,1.09305,-4.125,1.58087,1.58087,1.10729
-211,1.925,1000180400,1.89102,3.96532,3.96522,2.77854,-2.55759,2.69448,2.69448,1.88521,-4.34615,1.65678,1.65678,1.16043,-3.95455,1.73163,1.73163,1.21262
-211,1.975,1000180400,1.99842,3.79954,3.79949,2.65742,-2.64444,3.08434,3.08434,2.15824,-4.65238,1.62584,1.62584,1.13902,-4.00843,1.58885,1.58885,1.11276
-211,2.025,1000180400,2.13044,3.96089,3.96076,2.7753,-2.08974,2.73813,2.73813,1.91805,-4.4717,1.55647,1.55647,1.0899,-3.96667,1.64698,1.64698,1.15249
-211,0.075,1000260560,-1.4952,0.988042,0.988042,0.691748,-1.76993,1.89643,1.89643,1.32795,-2.56021,1.33452,1.33452,0.934899,-1.97726,1.463,1.463,1.02364
-211,0.125,1000260560,-1.51035,1.87895,1.87052,1.31579,-1.79476,2.00989,2.00988,1.40776,-2.60896,1.3532,1.3532,0.947871,-1.94248,1.49556,1.49556,1.04597
-211,0.175,1000260560,-1.6628,2.44966,2.44966,1.71695,-1.79179,2.10118,2.10118,1.47157,-2.72207,1.35296,1.35296,0.947675,-2.13344,1.52278,1.52278,1.06603
-211,0.225,1000260560,-1.64332,2.92891,2.92891,2.05014,-1.77461,2.22626,2.22626,1.55976,-2.79143,1.37653,1.37653,0.964265,-2.36636,1.55641,1.55641,1.09039
-211,0.275,1000260560,-1.78269,3.37898,3.37898,2.36632,-1.79172,2.38355,2.38355,1.66786,-2.84694,1.36997,1.36997,0.95973,-2.52448,1.54362,1.54362,1.08118
-211,0.325,1000260560,-1.644,3.55057,3.55057,2.48728,-1.82473,2.47065,2.47065,1.72768,-2.90492,1.39353,1.39353,0.975896,-2.62052,1.55573,1.55573,1.08949
-211,0.375,1000260560,-1.59486,3.58639,3.58639,2.51227,-1.8528,2.70861,2.70861,1.89487,-2.97196,1.41291,1.41291,0.989839,-2.64328,1.56501,1.56501,1.09581
-211,0.425,1000260560,-1.6378,3.638,3.63799,2.54799,-1.99281,2.65706,2.65706,1.8594,-3.03803,1.41682,1.41682,0.99281,-2.69482,1.55106,1.55106,1.08616
-211,0.475,1000260560,-1.63917,3.62439,3.62438,2.53919,-1.90493,2.70499,2.70499,1.8948,-3.10528,1.45722,1.45722,1.01863,-2.74121,1.57576,1.57576,1.10371
-211,0.525,1000260560,-1.42384,3.651,3.651,2.55787,-1.90231,2.79407,2.79407,1.95592,-3.17048,1.46253,1.46253,1.02454,-2.77233,1.58502,1.58502,1.11373
-211,0.575,1000260560,-1.39151,3.57857,3.57856,2.50312,-1.96372,2.88446,2.88446,2.01974,-3.25193,1.5067,1.5067,1.05549,-2.89742,1.58549,1.58549,1.11072
-211,0.625,1000260560,-1.34664,3.68908,3.68907,2.58295,-1.94878,3.01733,3.01733,2.11371,-3.3168,1.5027,1.5027,1.05275,-2.98516,1.57555,1.57555,1.10377
-211,0.675,1000260560,-1.33388,3.66266,3.66265,2.56487,-1.76258,3.05907,3.05907,2.14325,-3.44026,1.53303,1.53303,1.07366,-3.14033,1.54552,1.54552,1.08258
-211,0.725,1000260560,-1.29385,3.66715,3.66714,2.56895,-1.86478,2.98108,2.98108,2.08798,-3.46281,1.58853,1.58853,1.1119,-3.27261,1.49601,1.49601,1.0479
-211,0.775,1000260560,-1.11263,3.84258,3.84256,2.69198,-1.90799,2.92816,2.92816,2.05085,-3.58563,1.57319,1.57319,1.10175,-3.33016,1.52835,1.52835,1.07057
-211,0.825,1000260560,-1.20189,3.74985,3.74983,2.62058,-1.92723,3.10843,3.10842,2.17651,-3.65013,1.59571,1.59571,1.11766,-3.37796,1.48381,1.48381,1.03947
-211,0.875,1000260560,-1.13155,3.80065,3.80063,2.66262,-1.81717,2.81978,2.81978,1.97335,-3.64897,1.58029,1.58029,1.10393,-3.41835,1.49142,1.49142,1.04434
-211,0.925,1000260560,-0.997805,3.8253,3.82529,2.6799,-1.89856,3.00708,3.00708,2.1031,-3.73744,1.61054,1.61054,1.1281,-3.48747,1.49212,1.49212,1.04515
-211,0.975,1000260560,-0.898671,3.85691,3.85689,2.70726,-2.12572,3.06933,3.06933,2.14949,-3.81951,1.6189,1.6189,1.13213,-3.44861,1.48304,1.48304,1.03879
-211,1.025,1000260560,-0.806074,3.86204,3.86202,2.70572,-2.02141,3.07257,3.07257,2.14899,-3.86386,1.54949,1.54949,1.08732,-3.45396,1.53271,1.53271,1.07689
-211,1.075,1000260560,-0.852541,3.81479,3.81477,2.67234,-2.06336,2.99309,2.99309,2.09628,-3.89466,1.66334,1.66334,1.16521,-3.5037,1.53898,1.53898,1.08117
-211,1.125,1000260560,-0.72339,3.89518,3.89516,2.72899,-1.97767,3.15383,3.15383,2.20931,-3.97294,1.72009,1.72009,1.2041,-3.53098,1.54481,1.54481,1.08189
-211,1.175,1000260560,-0.768467,3.9626,3.96257,2.77587,-2.27,3.20226,3.20226,2.24216,-3.90685,1.66765,1.66765,1.16568,-3.57152,1.51808,1.51808,1.06341
-211,1.225,1000260560,-0.578678,3.95131,3.95128,2.77387,-2.12131,3.02341,3.02341,2.1199,-4.03578,1.67732,1.67732,1.17383,-3.64323,1.54289,1.54289,1.07786
-211,1.275,1000260560,-0.404204,3.78927,3.78926,2.64941,-2.09359,3.04051,3.04051,2.12591,-4.0157,1.71571,1.71571,1.20082,-3.63671,1.57001,1.57001,1.09765
-211,1.325,1000260560,-0.390439,3.82299,3.82298,2.67882,-2.29077,3.15341,3.15341,2.2091,-3.99688,1.76088,1.76088,1.23336,-3.63121,1.57586,1.57586,1.10394
-211,1.375,1000260560,-0.180633,3.97278,3.97276,2.78909,-2.0316,3.34768,3.34768,2.34081,-4.16569,1.70843,1.70843,1.19718,-3.57919,1.60823,1.60823,1.12648
-211,1.425,1000260560,-0.296386,3.92139,3.92138,2.74665,-2.23038,3.28751,3.28751,2.30302,-4.10666,1.72017,1.72017,1.20388,-3.80551,1.54069,1.54069,1.07935
-211,1.475,1000260560,0.0141169,3.85497,3.85496,2.69931,-2.55113,3.19073,3.19073,2.23476,-4.17838,1.70968,1.70968,1.19517,-3.63975,1.66297,1.66297,1.16467
-211,1.525,1000260560,-0.169428,3.82936,3.82935,2.67586,-2.52299,3.3266,3.3266,2.32742,-4.13128,1.63645,1.63645,1.14567,-3.69581,1.58701,1.58701,1.11029
-211,1.575,1000260560,0.202044,3.95717,3.95715,2.77244,-2.0168,3.26581,3.26581,2.28736,-4.19456,1.78616,1.78616,1.24948,-3.75674,1.52758,1.52758,1.06961
-211,1.625,1000260560,0.0982972,3.90148,3.90147,2.73338,-2.00929,3.51496,3.51495,2.46272,-4.29048,1.71606,1.71606,1.2015,-3.65669,1.49289,1.49289,1.0452
-211,1.675,1000260560,0.164636,4.03582,4.03579,2.83008,-2.76301,3.17622,3.17622,2.22491,-4.20335,1.7618,1.7618,1.23544,-3.71622,1.68466,1.68466,1.18013
-211,1.725,1000260560,0.300702,3.94799,3.94797,2.76604,-2.52121,3.09138,3.09138,2.16543,-4.15333,1.86826,1.86826,1.30886,-3.71172,1.65341,1.65341,1.15833
-211,1.775,1000260560,0.2951,3.86405,3.86403,2.70413,-2.26012,3.26916,3.26916,2.28951,-4.17964,1.76347,1.76347,1.23542,-3.80037,1.627,1.627,1.13981
-211,1.825,1000260560,0.525665,3.89534,3.89532,2.7291,-2.26821,3.31974,3.31974,2.32306,-4.41034,1.82096,1.82096,1.27567,-3.72251,1.69067,1.69067,1.18424
-211,1.875,1000260560,0.429137,3.94829,3.94826,2.77194,-2.30135,3.22612,3.22612,2.2601,-4.152,1.63536,1.63536,1.1455,-3.66389,1.75229,1.75229,1.22649
-211,1.925,1000260560,0.691922,3.86727,3.86725,2.71199,-2.35271,3.17584,3.17584,2.22507,-4.32883,1.85141,1.85141,1.29607,-3.79198,1.6427,1.6427,1.15328
-211,1.975,1000260560,0.886956,3.94284,3.94281,2.76182,-2.32833,3.39777,3.39777,2.38463,-4.21495,1.75581,1.75581,1.2322,-3.88834,1.62724,1.62724,1.13902
-211,2.025,1000260560,0.847311,3.72444,3.72443,2.61228,-2.16939,2.99647,2.99647,2.09611,-4.15789,1.78026,1.78026,1.24589,-3.73356,1.67126,1.67126,1.17003
111,0.075,1000060120,0.504459,1.0778,1.0778,0.754933,0.496413,1.16057,1.16056,0.813188,0.574129,0.868314,0.868306,0.607693,0.587191,0.884339,0.884334,0.619131
111,0.125,1000060120,0.413323,1.6234,1.61924,1.14817,0.471679,1.17734,1.17733,0.824808,0.559986,0.850898,0.850884,0.595805,0.609482,0.931399,0.931398,0.652055
111,0.175,1000060120,0.389083,2.15536,2.10668,1.63093,0.518035,1.20225,1.20223,0.842476,0.55843,0.865204,0.865195,0.60596,0.572228,0.910614,0.910612,0.637574
111,0.225,1000060120,0.387119,2.82437,2.60986,2.40447,0.514089,1.27089,1.27083,0.889694,0.539583,0.854997,0.854984,0.598622,0.579901,0.85735,0.857339,0.600324
111,0.275,1000060120,0.684084,4.30937,3.40491,4.37053,0.509889,1.32972,1.32956,0.932099,0.531664,0.856872,0.85686,0.600007,0.538699,0.815237,0.815195,0.570665
111,0.325,1000060120,0.799199,5.2638,3.79253,5.67637,0.531814,1.37138,1.37108,0.961977,0.529902,0.834895,0.834871,0.584589,0.561399,0.814308,0.814267,0.570001
111,0.375,1000060120,0.924362,5.1009,3.68449,5.31784,0.431166,1.37797,1.37772,0.966709,0.554875,0.8244,0.824369,0.577188,0.599618,0.832199,0.832177,0.582675
111,0.425,1000060120,1.20964,5.61941,3.79056,5.66898,0.568436,1.36817,1.36785,0.959889,0.541025,0.820933,0.820897,0.574675,0.546366,0.833221,0.833196,0.583321
111,0.475,1000060120,1.31621,6.15294,3.92588,6.20506,0.542484,1.31786,1.31771,0.923224,0.548949,0.843947,0.84393,0.590937,0.519284,0.860288,0.860277,0.602367
111,0.525,1000060120,1.46581,5.72661,3.70266,5.47472,0.475481,1.38387,1.38357,0.970656,0.51861,0.818611,0.818572,0.573149,0.502467,0.78668,0.786585,0.550232
111,0.575,1000060120,1.34666,5.83071,3.79571,5.77635,0.284845,1.34228,1.34218,0.94094,0.513606,0.855455,0.855441,0.599181,0.519719,0.856797,0.856785,0.599853
111,0.625,1000060120,1.73901,6.12614,3.70621,5.55467,0.551967,1.26425,1.26418,0.884205,0.50381,0.846184,0.846166,0.592485,0.547353,0.827554,0.827525,0.579327
111,0.675,1000060120,1.81961,6.26481,3.70616,5.58569,0.486407,1.24726,1.24721,0.872741,0.526288,0.822863,0.822829,0.574604,0.489762,0.750391,0.750141,0.523895
111,0.725,1000060120,1.90132,6.29804,3.68408,5.51335,0.455309,1.30061,1.30052,0.911823,0.520779,0.827708,0.827678,0.579481,0.557883,0.827333,0.827304,0.579234
111,0.775,1000060120,2.18113,6.97094,3.75101,5.78694,0.60004,1.30058,1.30044,0.912254,0.51161,0.841391,0.841371,0.589187,0.495755,0.71137,0.710706,0.494341
111,0.825,1000060120,2.63521,8.59324,3.89753,6.46006,0.646269,1.33324,1.33299,0.933672,0.539811,0.748155,0.747899,0.522301,0.525498,0.64198,0.638728,0.434109
111,0.875,1000060120,2.51772,7.53819,3.72198,5.79043,0.673299,1.28353,1.28339,0.899814,0.518392,0.751447,0.751205,0.52476,0.391556,0.821465,0.821437,0.575167
111,0.925,1000060120,2.52272,8.06672,3.83702,6.21003,0.496545,1.35174,1.35153,0.948294,0.512385,0.802791,0.80273,0.562156,0.542963,0.800911,0.800849,0.55959
111,0.975,1000060120,2.52587,7.62615,3.71928,5.83465,0.423775,1.32834,1.32821,0.930497,0.469379,0.80953,0.80948,0.566413,0.655187,0.846423,0.846413,0.592084
111,1.025,1000060120,3.19922,9.24278,3.75731,6.09987,0.520052,1.28841,1.28831,0.903193,0.54743,0.805093,0.805038,0.563007,0.4,1.01753,1.01753,0.712905
111,1.075,1000060120,3.51897,10.457,3.81598,6.43838,0.425996,1.35416,1.35398,0.949501,0.590525,0.762375,0.762221,0.533343,0.482609,1.01234,1.01234,0.708506
111,1.125,1000060120,3.36606,10.1255,3.8298,6.437,0.542261,1.33257,1.33238,0.934354,0.596118,0.700664,0.699955,0.485722,0.351825,0.814343,0.814317,0.570147
111,1.175,1000060120,2.91941,7.95686,3.6009,5.56829,0.606726,1.32021,1.32002,0.92417,0.594329,0.760134,0.759973,0.531204,0.459999,0.859227,0.859215,0.601715
111,1.225,1000060120,3.20475,7.52846,3.34861,4.9508,0.584065,1.29079,1.29067,0.907546,0.585908,0.722779,0.722348,0.503583,0.526549,0.916907,0.916905,0.642649
111,1.275,1000060120,4.13884,14.0631,4.03266,7.48129,0.508074,1.20144,1.20142,0.841798,0.562998,0.759511,0.759329,0.530657,0.616505,0.947756,0.947755,0.66333
111,1.325,1000060120,3.80186,9.62404,3.48952,5.57587,0.396245,1.28001,1.27995,0.896606,0.552698,0.710889,0.710253,0.492888,0.489796,1.07372,1.07372,0.752188
111,1.375,1000060120,4.16861,13.4357,3.94063,7.13681,0.66507,1.2386,1.23854,0.866906,0.479139,0.708061,0.707348,0.491651,0.337209,0.93788,0.93788,0.656363
111,1.425,1000060120,4.81224,15.9591,3.9537,7.3834,0.162651,1.10066,1.10066,0.771093,0.695154,0.686564,0.686141,0.479645,0.592308,1.04815,1.04815,0.73392
111,1.475,1000060120,3.83273,8.97235,3.34009,5.18853,0.616887,1.1505,1.15049,0.806002,0.578972,0.806988,0.80694,0.564418,0.577784,1.13738,1.13737,0.796656
111,1.525,1000060120,4.92788,15.6696,3.85952,7.11049,0.59239,1.32106,1.32087,0.925955,0.576955,0.752163,0.751952,0.526362,0.475,1.08363,1.08362,0.7591
111,1.575,1000060120,4.38463,12.1982,3.60213,6.20932,0.700001,1.04558,1.04558,0.732463,0.578695,0.710754,0.710162,0.494166,0.266667,1.11866,1.11866,0.785672
111,1.625,1000060120,5.14706,18.019,4.02197,14.3625,0.479652,1.317,1.31687,0.923189,0.673248,0.752554,0.752444,0.526277,0.566688,1.23643,1.23638,0.866327
111,1.675,1000060120,5.04359,15.299,3.69505,6.75613,0.426831,1.15506,1.15505,0.808705,0.5,0.682018,0.680686,0.470478,0.564104,0.881997,0.881991,0.617836
111,1.725,1000060120,5.49966,19.9585,4.11425,14.3034,0.44744,1.35583,1.35564,0.949839,0.851382,0.812381,0.812409,0.569109,0.537736,1.04516,1.04516,0.731831
111,1.775,1000060120,4.78327,12.9972,3.52103,6.11685,0.242624,1.63049,1.6279,1.15347,0.590923,0.792327,0.792258,0.554045,0.500006,1.15451,1.1545,0.808593
111,1.825,1000060120,5.62506,19.1943,3.88318,13.5779,0.853918,1.47558,1.47359,1.03993,0.843792,0.813463,0.813488,0.568893,0.627481,1.40168,1.40113,0.982613
111,1.875,1000060120,5.01437,13.4354,3.4106,6.00158,0.769234,1.12765,1.12764,0.788661,0.346153,0.89254,0.892538,0.625093,0.448732,1.24935,1.24932,0.875353
111,1.925,1000060120,5.36484,17.4999,3.7789,7.17626,0.145223,1.4489,1.44853,1.01578,0.440941,0.685637,0.684494,0.473834,0.814906,1.43205,1.43084,1.00874
111,1.975,1000060120,5.19022,14.4165,3.43861,6.18924,0.37521,1.43576,1.43531,1.00805,0.68235,0.57863,0.572093,0.38806,0.465518,1.08214,1.08214,0.758009
111,2.025,1000060120,6.17205,22.1187,3.85159,12.9462,0.333392,1.3439,1.34378,0.942246,0.538543,0.707291,0.70658,0.49096,0.11972,1.21421,1.21421,0.850209
111,0.075,1000080160,0.483459,1.12159,1.12146,0.785559,0.548686,1.28556,1.28547,0.901132,0.670265,1.01023,1.01023,0.707186,0.623118,0.940127,0.940127,0.658527
111,0.125,1000080160,0.370696,1.65251,1.64633,1.17002,0.497467,1.31128,1.31079,0.919235,0.642772,0.999578,0.999578,0.70015,0.59369,0.992367,0.992367,0.695089
111,0.175,1000080160,0.328272,2.19404,2.13584,1.66948,0.526518,1.4051,1.40444,0.984472,0.643935,1.01755,1.01754,0.71274,0.608184,0.956812,0.956812,0.669913
111,0.225,1000080160,0.368624,2.83241,2.60878,2.41195,0.540278,1.43785,1.43718,1.00854,0.622077,1.01531,1.01531,0.711183,0.615386,0.890455,0.890452,0.623562
111,0.275,1000080160,0.415709,4.0388,3.30348,4.07626,0.501761,1.5723,1.57004,1.10991,0.613646,0.993573,0.993573,0.695963,0.614246,0.848794,0.848782,0.594355
111,0.325,1000080160,0.640158,4.88288,3.65401,5.23357,0.483394,1.58181,1.57859,1.11741,0.631575,1.00897,1.00897,0.706722,0.604801,0.891283,0.891279,0.624124
111,0.375,1000080160,0.858631,5.40096,3.80571,5.77681,0.412875,1.60192,1.5994,1.13209,0.616179,1.0027,1.0027,0.702206,0.593516,0.8735,0.873494,0.611657
111,0.425,1000080160,0.911179,5.52206,3.83109,5.89859,0.573154,1.58129,1.57852,1.11864,0.592606,0.985374,0.985373,0.690094,0.607109,0.873321,0.873315,0.611544
111,0.475,1000080160,1.19919,6.21156,4.00402,6.463,0.452278,1.66565,1.66019,1.18302,0.591905,1.01143,1.01143,0.708444,0.59097,0.912827,0.912825,0.639162
111,0.525,1000080160,1.22368,5.49552,3.69885,5.46727,0.403234,1.57169,1.56978,1.10962,0.611241,1.01062,1.01062,0.707858,0.592285,0.875987,0.875981,0.613425
111,0.575,1000080160,1.43044,6.32602,3.90632,6.21162,0.37927,1.59665,1.59437,1.12668,0.578495,1.02863,1.02863,0.720451,0.58309,0.885073,0.885068,0.619817
111,0.625,1000080160,1.42744,5.79941,3.71914,5.59339,0.480912,1.60962,1.60665,1.13761,0.599147,1.01199,1.01199,0.708856,0.608285,0.848664,0.848651,0.59423
111,0.675,1000080160,2.13265,8.51531,4.14119,7.2681,0.59807,1.48687,1.48561,1.04667,0.624611,1.04194,1.04194,0.729932,0.583987,0.837756,0.837736,0.586617
111,0.725,1000080160,2.11789,6.92114,3.72872,5.79298,0.511139,1.63676,1.63292,1.16018,0.586745,1.02179,1.02179,0.715813,0.546713,0.825451,0.82542,0.577964
111,0.775,1000080160,2.06414,6.9897,3.77743,5.93914,0.486635,1.61644,1.61327,1.14453,0.63192,0.998908,0.998908,0.699763,0.636588,0.875397,0.875392,0.613099
111,0.825,1000080160,2.23528,7.29657,3.75886,5.95709,0.53105,1.58052,1.57796,1.11778,0.606233,1.06506,1.06506,0.745998,0.435726,0.822627,0.822595,0.575856
111,0.875,1000080160,2.24835,7.44029,3.79824,6.08201,0.351587,1.65385,1.65034,1.17269,0.626736,1.02874,1.02874,0.720529,0.648594,0.768513,0.768421,0.536663
111,0.925,1000080160,2.85667,9.67103,3.97856,6.89302,0.57832,1.61795,1.61424,1.14577,0.57771,1.00552,1.00552,0.703999,0.551101,0.847751,0.847735,0.592521
111,0.975,1000080160,2.74576,8.48238,3.76204,6.15697,0.570788,1.61736,1.61114,1.14693,0.605023,1.03714,1.03714,0.726575,0.543825,0.941302,0.941301,0.659293
111,1.025,1000080160,2.93748,9.71877,3.92848,6.78011,0.408276,1.51041,1.50932,1.063,0.559155,0.966452,0.966451,0.676684,0.633348,0.84275,0.842737,0.589456
111,1.075,1000080160,2.84514,8.57229,3.6999,6.07292,0.472288,1.60237,1.5996,1.13319,0.540499,1.0238,1.0238,0.717238,0.616184,0.907824,0.907823,0.635536
111,1.125,1000080160,2.68007,7.50622,3.56579,5.50656,0.426909,1.62552,1.62241,1.15169,0.566667,1.0703,1.07029,0.750489,0.5,0.934924,0.934923,0.654872
111,1.175,1000080160,4.07032,15.1378,4.20948,8.12143,0.496661,1.52154,1.52011,1.07238,0.504202,0.980157,0.980156,0.685532,0.576191,0.937919,0.937918,0.657016
111,1.225,1000080160,4.01479,13.311,3.97202,7.27303,0.599086,1.49035,1.48905,1.05,0.64554,1.00333,1.00333,0.702685,0.505747,1.03106,1.03106,0.722389
111,1.275,1000080160,3.45978,10.6086,3.76815,6.53441,0.666691,1.48379,1.48237,1.04571,0.626582,0.978955,0.978955,0.685607,0.593567,0.986419,0.986419,0.690543
111,1.325,1000080160,4.19693,14.3933,3.99204,7.50733,0.532236,1.58251,1.57992,1.11657,0.395705,0.956177,0.956176,0.668887,0.556962,0.942579,0.942578,0.659772
111,1.375,1000080160,4.39546,13.7365,3.77243,6.89009,0.673163,1.5513,1.54869,1.09693,0.623189,0.958607,0.958606,0.671037,0.42517,1.00353,1.00353,0.70235
111,1.425,1000080160,3.9237,12.4203,3.80689,6.88012,0.518266,1.65122,1.64691,1.17032,0.56422,1.05156,1.05156,0.736587,0.620808,1.11671,1.1167,0.782307
111,1.475,1000080160,4.37849,14.852,3.96005,7.45482,0.41077,1.43743,1.43693,1.00872,0.546297,1.05725,1.05725,0.740574,0.658274,1.09389,1.09389,0.76542
111,1.525,1000080160,5.28333,21.2256,4.22435,14.618,0.193064,1.60985,1.60778,1.13738,0.581396,0.92933,0.929329,0.649558,0.537594,0.991725,0.991724,0.694776
111,1.575,1000080160,4.88987,17.5361,4.0015,14.4962,0.54721,1.58581,1.58306,1.12207,0.5,1.06253,1.06253,0.744083,0.673078,1.07809,1.07809,0.75528
111,1.625,1000080160,5.51264,24.5747,4.44987,14.7844,0.119634,1.50641,1.50571,1.06105,0.828948,1.00502,1.00502,0.704,0.466669,1.16112,1.16111,0.813327
111,1.675,1000080160,4.74612,16.3387,3.87517,7.49656,0.355076,1.61178,1.60926,1.13987,0.577924,0.879236,0.87923,0.615836,0.657408,1.01045,1.01045,0.707536
111,1.725,1000080160,6.07064,26.2266,4.25528,13.8964,0.696571,1.60204,1.59796,1.13721,0.76087,0.972778,0.972777,0.681414,0.508697,1.13043,1.13043,0.791918
111,1.775,1000080160,5.46521,19.3857,3.80561,13.4192,0.282527,1.9262,1.90859,1.40577,0.656863,0.936456,0.936455,0.655733,0.657897,1.11715,1.11714,0.782183
111,1.825,1000080160,5.85668,26.0153,4.35276,14.2569,0.454733,1.63642,1.63289,1.15987,0.370967,0.906666,0.906664,0.63517,0.581633,1.06545,1.06545,0.745715
111,1.875,1000080160,5.45478,19.9837,3.87513,13.5953,0.672084,1.57107,1.568,1.11207,0.565217,1.00856,1.00856,0.706505,0.366751,1.37604,1.37583,0.964727
111,1.925,1000080160,5.00722,15.465,3.57371,6.79113,0.637387,1.38888,1.38839,0.975491,0.5,0.973157,0.973157,0.681521,0.576193,1.12699,1.12698,0.789395
111,1.975,1000080160,6.7742,32.2119,4.27704,13.0393,0.414936,1.54903,1.54745,1.09101,0.61772,0.758151,0.758,0.530028,0.677137,1.29795,1.29778,0.908188
111,2.025,1000080160,5.50316,19.0689,3.73033,13.1601,0.584977,1.40617,1.40565,0.987506,0.629055,0.792724,0.792668,0.554674,0.705685,1.24351,1.24343,0.871348
111,0.075,1000180400,0.369946,1.24155,1.24155,0.869238,0.139989,1.80463,1.80463,1.26385,-1.77771,1.26417,1.26417,0.88557,-1.19055,1.52488,1.52488,1.06818
111,0.125,1000180400,0.239861,1.907,1.907,1.33404,0.0197305,1.87041,1.87041,1.30989,-1.77195,1.30479,1.30479,0.915559,-1.12849,1.58338,1.58338,1.10911
111,0.175,1000180400,0.168484,2.41732,2.41732,1.69102,0.0370419,1.93701,1.93701,1.35689,-1.83799,1.31867,1.31867,0.923796,-1.2656,1.55481,1.55481,1.08933
111,0.225,1000180400,0.0941126,2.8905,2.8905,2.02004,-0.0736601,2.10925,2.10925,1.47425,-1.8649,1.33973,1.33973,0.938583,-1.47544,1.48205,1.48205,1.03743
111,0.275,1000180400,0.0644941,3.31124,3.31124,2.31942,-0.167457,2.23499,2.23499,1.56421,-1.87772,1.34533,1.34533,0.942501,-1.61928,1.45286,1.45286,1.01707
111,0.325,1000180400,0.226623,3.36723,3.36723,2.35801,-0.151788,2.27688,2.27688,1.59352,-1.92139,1.36493,1.36493,0.956561,-1.6514,1.42574,1.42574,0.998524
111,0.375,1000180400,0.187437,3.49807,3.49807,2.4499,-0.316254,2.45474,2.45474,1.71748,-1.9587,1.36557,1.36557,0.954237,-1.71918,1.43805,1.43805,1.00743
111,0.425,1000180400,0.314551,3.44592,3.44592,2.41334,-0.385791,2.53969,2.53969,1.77909,-2.01943,1.34324,1.34324,0.938912,-1.7277,1.41701,1.41701,0.992374
111,0.475,1000180400,0.466288,3.51231,3.5123,2.45985,-0.458273,2.48185,2.48185,1.73838,-2.02085,1.37946,1.37946,0.967176,-1.76403,1.40754,1.40754,0.985811
111,0.525,1000180400,0.630556,3.49525,3.49525,2.44867,-0.506335,2.51276,2.51276,1.75986,-2.13712,1.38172,1.38172,0.967935,-1.85416,1.3742,1.3742,0.960151
111,0.575,1000180400,0.595951,3.54819,3.54819,2.48556,-0.613537,2.60626,2.60626,1.82588,-2.15313,1.37271,1.37271,0.960918,-1.93538,1.34547,1.34547,0.942545
111,0.625,1000180400,0.767311,3.5463,3.54629,2.49175,-0.531414,2.50383,2.50383,1.7514,-2.15899,1.385,1.385,0.970232,-1.97612,1.37754,1.37754,0.967265
111,0.675,1000180400,0.847144,3.56777,3.56777,2.49686,-0.417965,2.615,2.615,1.83166,-2.25914,1.40447,1.40447,0.983309,-2.1164,1.30574,1.30574,0.914433
111,0.725,1000180400,0.949578,3.59754,3.59754,2.52016,-0.682599,2.59481,2.59481,1.81815,-2.32187,1.39651,1.39651,0.977405,-2.17965,1.29709,1.29709,0.908644
111,0.775,1000180400,1.12375,3.63649,3.63649,2.54656,-0.54995,2.65654,2.65654,1.8602,-2.345,1.40439,1.40439,0.983652,-2.2161,1.28595,1.28595,0.901285
111,0.825,1000180400,1.1233,3.63871,3.6387,2.54887,-0.68172,2.57132,2.57132,1.80099,-2.38877,1.42022,1.42022,0.994953,-2.29295,1.2299,1.2299,0.86156
111,0.875,1000180400,0.990341,3.5711,3.5711,2.50175,-0.755466,2.68312,2.68312,1.87938,-2.38171,1.41844,1.41844,0.993616,-2.33927,1.29033,1.29033,0.903701
111,0.925,1000180400,1.401,3.60156,3.60155,2.52302,-0.720149,2.65217,2.65217,1.85564,-2.39143,1.43448,1.43448,1.00464,-2.40007,1.24254,1.24254,0.87073
111,0.975,1000180400,1.52336,3.62498,3.62497,2.54367,-0.812147,2.78186,2.78186,1.94778,-2.45034,1.39501,1.39501,0.975056,-2.34351,1.25526,1.25526,0.879072
111,1.025,1000180400,1.61763,3.86801,3.86796,2.71014,-0.769525,2.59761,2.59761,1.81969,-2.51678,1.42216,1.42216,0.9969,-2.3869,1.23154,1.23154,0.862647
111,1.075,1000180400,1.7934,3.79682,3.79679,2.65995,-0.846939,2.64609,2.64609,1.85377,-2.51691,1.43106,1.43106,1.00245,-2.34871,1.21,1.21,0.847661
111,1.125,1000180400,1.88463,3.79978,3.79974,2.6615,-0.754513,2.78699,2.78699,1.95052,-2.50927,1.37522,1.37522,0.964164,-2.36706,1.20482,1.20482,0.8435
111,1.175,1000180400,1.93188,3.67059,3.67057,2.5746,-0.701161,2.74945,2.74945,1.92145,-2.58104,1.3982,1.3982,0.979431,-2.41927,1.25839,1.25839,0.883921
111,1.225,1000180400,2.07818,3.79365,3.7936,2.65783,-0.643678,2.83883,2.83883,1.9881,-2.49015,1.44164,1.44164,1.00979,-2.37984,1.22579,1.22579,0.858587
111,1.275,1000180400,2.21673,3.70368,3.70364,2.59056,-0.890099,2.79662,2.79662,1.95903,-2.5519,1.47773,1.47773,1.03462,-2.42785,1.19428,1.19428,0.83653
111,1.325,1000180400,2.1536,3.73647,3.73643,2.61707,-0.949883,2.68814,2.68814,1.88319,-2.43117,1.43042,1.43042,1.00483,-2.37138,1.24903,1.24903,0.874795
111,1.375,1000180400,2.35067,3.71084,3.7108,2.59992,-0.904706,2.77413,2.77413,1.94111,-2.56338,1.37653,1.37653,0.964271,-2.46556,1.28169,1.28169,0.897811
111,1.425,1000180400,2.31029,3.74273,3.74269,2.61525,-0.956233,2.78269,2.78269,1.94962,-2.7021,1.41867,1.41867,0.993001,-2.4429,1.30811,1.30811,0.916427
111,1.475,1000180400,2.62732,3.69735,3.6973,2.58764,-0.704023,2.65227,2.65227,1.85775,-2.59798,1.38136,1.38136,0.966904,-2.36983,1.29388,1.29388,0.905827
111,1.525,1000180400,2.7697,3.6545,3.65445,2.56368,-0.857595,2.72613,2.72613,1.9098,-2.63428,1.51495,1.51495,1.05885,-2.44462,1.3091,1.3091,0.917083
111,1.575,1000180400,2.76321,3.77806,3.77796,2.64704,-0.84767,2.55999,2.55999,1.7926,-2.71661,1.4701,1.4701,1.02927,-2.45076,1.33379,1.33379,0.934574
111,1.625,1000180400,2.82987,3.76752,3.76741,2.64005,-0.931298,2.56227,2.56227,1.79393,-2.43103,1.50676,1.50676,1.05522,-2.44014,1.41039,1.41038,0.988011
111,1.675,1000180400,3.04002,3.75814,3.75802,2.63362,-0.938053,2.78543,2.78543,1.95124,-2.74757,1.49484,1.49484,1.04713,-2.36055,1.31541,1.31541,0.921161
111,1.725,1000180400,3.06806,3.74316,3.74305,2.62968,-1.05102,2.58419,2.58419,1.80988,-2.61892,1.53375,1.53375,1.07402,-2.47292,1.37583,1.37583,0.963843
111,1.775,1000180400,3.10998,3.77487,3.77473,2.64767,-0.869099,2.74257,2.74257,1.91934,-2.58235,1.50453,1.50453,1.05397,-2.38009,1.39297,1.39297,0.976511
111,1.825,1000180400,3.32527,3.87353,3.87322,2.71494,-0.994253,2.77629,2.77629,1.9413,-2.34375,1.47282,1.47282,1.03179,-2.44196,1.30455,1.30455,0.913886
111,1.875,1000180400,3.50836,3.81807,3.81779,2.67551,-1.46244,2.7798,2.7798,1.94393,-2.50694,1.50129,1.50129,1.05023,-2.42824,1.34949,1.34949,0.945396
111,1.925,1000180400,3.58155,3.82503,3.82472,2.68121,-1.05026,2.6983,2.6983,1.88993,-2.7377,1.48241,1.48241,1.03854,-2.3475,1.39613,1.39613,0.97809
111,1.975,1000180400,3.76742,3.89051,3.88999,2.72374,-1.34058,2.80203,2.80203,1.96241,-2.348,1.36205,1.36205,0.95326,-2.3248,1.41762,1.41762,0.993126
111,2.025,1000180400,3.65127,3.80912,3.80881,2.67037,-1.5,2.74826,2.74826,1.92321,-2.53529,1.4088,1.4088,0.985738,-2.29459,1.38143,1.38143,0.967361
111,0.075,1000260560,0.342335,1.35401,1.35401,0.947743,0.222423,1.96384,1.96384,1.3755,-1.02476,1.27263,1.27263,0.892494,-0.440129,1.52392,1.52392,1.07079
111,0.125,1000260560,0.176986,2.06576,2.06576,1.4452,0.115875,2.0262,2.0262,1.41897,-1.03423,1.3169,1.3169,0.921856,-0.428571,1.56191,1.56191,1.09447
111,0.175,1000260560,0.0355146,2.60919,2.60919,1.82426,0.0715023,2.11438,2.11438,1.48085,-1.09648,1.33265,1.33265,0.931956,-0.489252,1.56523,1.56523,1.09547
111,0.225,1000260560,-0.0125738,3.04539,3.04539,2.13237,0.0747384,2.27485,2.27485,1.59029,-1.15084,1.35337,1.35337,0.946503,-0.644081,1.5669,1.5669,1.09715
111,0.275,1000260560,-0.175223,3.54453,3.54452,2.48286,-0.00196754,2.42192,2.42192,1.69437,-1.16516,1.34253,1.34253,0.938432,-0.765072,1.5304,1.5304,1.07304
111,0.325,1000260560,0.00744986,3.5939,3.59389,2.51398,-0.151746,2.53786,2.53786,1.77486,-1.22012,1.37503,1.37503,0.963198,-0.800578,1.51745,1.51745,1.06267
111,0.375,1000260560,0.0702892,3.62943,3.62943,2.5426,-0.224391,2.64021,2.64021,1.84941,-1.26583,1.38379,1.38379,0.967841,-0.865507,1.5663,1.5663,1.0973
111,0.425,1000260560,0.183351,3.66144,3.66144,2.56736,-0.22089,2.73182,2.73182,1.91302,-1.30677,1.40572,1.40572,0.984794,-0.847978,1.52371,1.52371,1.06854
111,0.475,1000260560,0.192248,3.58739,3.58739,2.51319,-0.204105,2.88291,2.88291,2.01888,-1.39096,1.41417,1.41417,0.990563,-0.934054,1.5319,1.5319,1.0731
111,0.525,1000260560,0.13065,3.73547,3.73547,2.61697,-0.412104,2.82273,2.82273,1.9772,-1.46654,1.44192,1.44192,1.00762,-1.0412,1.54531,1.54531,1.08256
111,0.575,1000260560,0.182547,3.70279,3.70279,2.59398,-0.363813,2.96327,2.96327,2.07532,-1.52302,1.42728,1.42728,0.999831,-1.1247,1.52521,1.52521,1.06842
111,0.625,1000260560,0.282465,3.66134,3.66133,2.56497,-0.635565,3.06838,3.06838,2.14731,-1.63435,1.49283,1.49283,1.04557,-1.1975,1.50107,1.50107,1.05153
111,0.675,1000260560,0.303189,3.69578,3.69577,2.58878,-0.454506,3.08367,3.08367,2.15934,-1.69583,1.49156,1.49156,1.04487,-1.26004,1.51903,1.51903,1.06392
111,0.725,1000260560,0.506062,3.80144,3.80143,2.66572,-0.613419,3.07474,3.07474,2.15344,-1.757,1.5445,1.5445,1.08153,-1.36839,1.47847,1.47847,1.03555
111,0.775,1000260560,0.636605,3.87336,3.87335,2.7137,-0.441511,3.01583,3.01583,2.11213,-1.79615,1.52792,1.52792,1.0675,-1.44628,1.44835,1.44835,1.01461
111,0.825,1000260560,0.587038,3.82926,3.82925,2.68253,-0.465986,2.98972,2.98971,2.0939,-1.93252,1.54612,1.54612,1.0822,-1.53154,1.47232,1.47232,1.03115
111,0.875,1000260560,0.850174,3.7373,3.73729,2.61773,-0.551444,3.02788,3.02788,2.11995,-1.96173,1.52969,1.52969,1.06881,-1.58487,1.43297,1.43297,1.00551
111,0.925,1000260560,0.841041,3.85579,3.85577,2.69436,-0.590298,2.98845,2.98845,2.09358,-1.97366,1.58307,1.58307,1.10822,-1.64989,1.39597,1.39597,0.976619
111,0.975,1000260560,0.86015,3.7512,3.7512,2.62732,-0.57779,2.87293,2.87293,2.0153,-1.94561,1.58816,1.58816,1.11003,-1.69626,1.40841,1.40841,0.986962
111,1.025,1000260560,0.913924,3.858,3.85798,2.70247,-0.564858,3.05762,3.05762,2.13992,-2.03013,1.58901,1.58901,1.11494,-1.71572,1.39335,1.39335,0.976122
111,1.075,1000260560,0.95384,3.85408,3.85406,2.69727,-0.748492,3.14125,3.14125,2.20055,-2.01943,1.59199,1.59199,1.11527,-1.71963,1.41998,1.41998,0.993791
111,1.125,1000260560,1.1597,3.93275,3.93271,2.76176,-0.50135,3.17316,3.17316,2.21917,-2.09119,1.6532,1.6532,1.15564,-1.76095,1.4379,1.4379,1.00961
111,1.175,1000260560,1.24494,3.81858,3.81856,2.6683,-0.486207,3.28079,3.28079,2.29579,-2.14007,1.61018,1.61018,1.12803,-1.70828,1.45741,1.45741,1.02099
111,1.225,1000260560,1.2723,3.84216,3.84213,2.69193,-0.768546,2.92836,2.92836,2.05134,-2.12891,1.62447,1.62447,1.1366,-1.79456,1.44036,1.44036,1.01161
111,1.275,1000260560,1.27423,3.86107,3.86104,2.70518,-0.931138,3.12931,3.12931,2.19,-2.23107,1.67396,1.67396,1.17125,-1.72935,1.46593,1.46593,1.02863
111,1.325,1000260560,1.46182,3.9005,3.90045,2.72883,-0.955631,3.19475,3.19475,2.23809,-2.19267,1.63236,1.63236,1.14575,-1.77699,1.42116,1.42116,0.99557
111,1.375,1000260560,1.64797,3.98144,3.98135,2.7882,-0.788043,3.21426,3.21426,2.2483,-2.21374,1.67227,1.67227,1.17117,-1.79897,1.42844,1.42844,1.00121
111,1.425,1000260560,1.47542,3.80603,3.806,2.66651,-0.989403,3.24934,3.24934,2.27518,-2.29856,1.63445,1.63445,1.14213,-1.8514,1.42997,1.42997,1.00332
111,1.475,1000260560,1.86584,3.84068,3.84063,2.68964,-0.680328,3.18316,3.18316,2.22837,-2.21739,1.59177,1.59177,1.11514,-1.9485,1.44916,1.44916,1.01627
111,1.525,1000260560,1.85955,3.88041,3.88034,2.71885,-1.04338,3.25234,3.25234,2.27659,-2.33853,1.72286,1.72286,1.20695,-1.95958,1.44766,1.44766,1.01419
111,1.575,1000260560,2.02762,3.93137,3.93127,2.75489,-0.725722,3.27882,3.27882,2.29551,-2.38821,1.63334,1.63334,1.14402,-1.92857,1.46126,1.46126,1.02223
111,1.625,1000260560,2.00509,3.99656,3.99642,2.79438,-1.06919,3.28496,3.28496,2.30083,-2.44118,1.6396,1.6396,1.14844,-1.88713,1.50411,1.50411,1.05365
111,1.675,1000260560,2.13387,3.89743,3.89734,2.7304,-0.837662,3.35477,3.35477,2.3489,-2.37306,1.59513,1.59513,1.11837,-1.92746,1.4952,1.4952,1.04693
111,1.725,1000260560,2.1926,3.8087,3.80864,2.66813,-0.673252,3.23981,3.23981,2.26701,-2.40196,1.72473,1.72473,1.2063,-1.87572,1.5271,1.5271,1.07241
111,1.775,1000260560,2.33456,3.96529,3.96512,2.77901,-1.13253,3.33534,3.33534,2.33544,-2.39643,1.71505,1.71505,1.20433,-1.88173,1.52136,1.52136,1.06487
111,1.825,1000260560,2.31359,3.94113,3.94098,2.77035,-0.910876,3.35864,3.35864,2.35286,-2.20608,1.59922,1.59922,1.12009,-1.88636,1.4921,1.4921,1.0452
111,1.875,1000260560,2.42629,4.00543,4.00521,2.80235,-0.779462,3.60245,3.60244,2.52282,-2.5188,1.8362,1.8362,1.28635,-1.88514,1.48614,1.48614,1.03889
111,1.925,1000260560,2.4122,3.93992,3.93976,2.76121,-0.673913,3.10121,3.10121,2.16874,-2.38136,1.71069,1.71069,1.19843,-1.98396,1.4729,1.4729,1.02997
111,1.975,1000260560,2.55868,3.99031,3.99007,2.80283,-0.996001,3.49637,3.49637,2.44926,-2.46875,1.6981,1.6981,1.18926,-1.96647,1.5768,1.5768,1.10796
111,2.025,1000260560,2.7709,3.94561,3.94537,2.77023,-1.10289,3.32405,3.32405,2.32741,-2.40104,1.87453,1.87453,1.3123,-1.90191,1.5797,1.57969,1.10522
211,0.075,1000060120,2.38937,0.62959,0.62619,0.426505,2.47846,1.13611,1.12967,0.811089,2.23326,0.82756,0.827555,0.579671,2.24153,0.727061,0.727079,0.509409
211,0.125,1000060120,2.19423,1.50551,1.47176,1.11449,2.45701,1.13435,1.12636,0.808569,2.30243,0.800507,0.80048,0.560686,2.21188,0.764502,0.76454,0.535757
211,0.175,1000060120,2.05695,2.44348,2.13735,1.91505,2.42211,1.15907,1.15345,0.828149,2.32921,0.803366,0.80333,0.562597,2.2621,0.719882,0.719834,0.504015
211,0.225,1000060120,2.18235,3.76105,2.72138,2.95961,2.41637,1.25464,1.24203,0.90556,2.34346,0.807394,0.807355,0.565351,2.29222,0.702498,0.702271,0.490913
211,0.275,1000060120,2.37228,6.20721,3.44608,4.86457,2.40819,1.31164,1.2929,0.953899,2.37256,0.805628,0.805578,0.56404,2.32501,0.690115,0.689607,0.479676
211,0.325,1000060120,2.84564,8.56958,3.80617,6.13446,2.38388,1.28787,1.27166,0.933355,2.36364,0.805918,0.805871,0.564337,2.33143,0.675874,0.675098,0.4695
211,0.375,1000060120,2.83581,8.15808,3.7149,5.8391,2.36139,1.34196,1.32105,0.978353,2.40316,0.803351,0.80329,0.562366,2.28668,0.716154,0.716012,0.500828
211,0.425,1000060120,2.80761,7.74942,3.62913,5.56854,2.38788,1.32145,1.30382,0.963348,2.40707,0.805346,0.805286,0.563872,2.2584,0.716613,0.716573,0.501793
211,0.475,1000060120,3.44963,10.9224,3.96225,6.83635,2.39803,1.35591,1.33284,0.992921,2.39496,0.791797,0.791724,0.554204,2.27402,0.705744,0.705618,0.493783
211,0.525,1000060120,3.38246,9.11225,3.62892,5.78746,2.49409,1.34262,1.31721,0.987413,2.35332,0.810999,0.810959,0.568005,2.28766,0.696751,0.696515,0.486884
211,0.575,1000060120,3.68023,10.4673,3.73928,6.236,2.25121,1.22245,1.21673,0.874165,2.38235,0.826994,0.826951,0.57929,2.25841,0.723983,0.72395,0.507077
211,0.625,1000060120,4.08433,12.6979,3.88095,6.88421,2.18913,1.25614,1.24956,0.899691,2.33182,0.820559,0.820528,0.574134,2.32389,0.716235,0.715966,0.500089
211,0.675,1000060120,3.67768,10.1947,3.65902,6.0507,2.19879,1.28614,1.27763,0.924656,2.40889,0.812968,0.812914,0.569295,2.19679,0.766291,0.766343,0.537182
211,0.725,1000060120,3.96644,11.3434,3.71113,6.31898,2.14021,1.1911,1.18786,0.845217,2.40749,0.808731,0.808674,0.566267,2.34361,0.661922,0.660713,0.457823
211,0.775,1000060120,4.6209,16.4989,4.15444,7.94888,2.09262,1.34742,1.33476,0.971688,2.39751,0.786212,0.786128,0.550198,2.2441,0.699761,0.699775,0.490462
211,0.825,1000060120,4.03381,11.3095,3.65575,6.21884,2.18928,1.31334,1.30312,0.947417,2.39146,0.773265,0.773155,0.540891,2.21326,0.768543,0.768577,0.538539
211,0.875,1000060120,3.93185,9.33381,3.34833,5.28606,2.2409,1.29074,1.28109,0.930084,2.37249,0.812881,0.812836,0.569055,2.29577,0.834809,0.834787,0.584559
211,0.925,1000060120,4.7746,14.8143,3.75052,6.88675,2.28389,1.35368,1.33756,0.98538,2.39495,0.765465,0.765329,0.535196,2.24812,0.831515,0.831505,0.581946
211,0.975,1000060120,5.35141,18.5319,3.94586,13.9942,2.17004,1.24533,1.23962,0.888714,2.45217,0.756066,0.755857,0.528178,2.31552,0.809424,0.809396,0.56689
211,1.025,1000060120,4.57879,14.0431,3.73031,6.79357,2.11129,1.30203,1.29415,0.933749,2.47012,0.76257,0.762386,0.532759,1.98117,0.973223,0.973137,0.681642
211,1.075,1000060120,4.55099,12.0948,3.43288,5.93919,2.34409,1.27779,1.26689,0.924012,2.44833,0.776679,0.776554,0.543179,1.91516,1.01773,1.01758,0.713949
211,1.125,1000060120,4.79153,12.8897,3.43732,6.02099,2.24469,1.35465,1.33954,0.984976,2.39636,0.780495,0.7804,0.545163,1.86847,1.01102,1.01091,0.708854
211,1.175,1000060120,5.87905,21.8218,3.96687,13.5121,2.32656,1.23004,1.21933,0.882722,2.39289,0.73247,0.73216,0.511018,2.00058,1.1312,1.13007,0.797342
211,1.225,1000060120,5.44264,17.314,3.73461,7.05518,2.40724,1.46517,1.42461,1.09095,2.46658,0.725649,0.725191,0.505137,1.89428,1.01315,1.01302,0.709574
211,1.275,1000060120,5.31347,15.2836,3.52174,6.44995,2.43747,1.12719,1.12338,0.803726,2.52042,0.803729,0.803648,0.56271,1.78127,1.15259,1.15184,0.81087
211,1.325,1000060120,6.25545,23.1119,3.85163,12.8235,2.2202,1.30298,1.29295,0.940358,2.42794,0.76107,0.760896,0.531894,1.75446,1.23715,1.23531,0.873613
211,1.375,1000060120,5.61457,18.9737,3.58829,12.6404,2.22745,1.25158,1.24464,0.897274,2.41511,0.73224,0.731897,0.510759,1.62167,1.07503,1.0749,0.751989
211,1.425,1000060120,5.77292,19.7067,3.64531,12.6681,2.11385,1.2671,1.25481,0.903824,2.53606,0.793286,0.793191,0.554975,1.62677,1.14097,1.14058,0.801267
211,1.475,1000060120,7.18623,31.271,4.02775,12.1977,2.08901,1.23106,1.22691,0.876647,2.54493,0.590841,0.58104,0.379742,1.58736,1.3578,1.35399,0.964469
211,1.525,1000060120,6.46409,24.4406,3.76112,12.2788,2.30607,1.25987,1.25105,0.906463,2.5,0.745383,0.745095,0.521325,1.78997,1.4641,1.45159,1.05709
211,1.575,1000060120,6.84646,26.9652,3.78025,11.8941,2.12377,1.25351,1.24802,0.895453,2.43976,0.669652,0.668005,0.460384,1.40202,1.38038,1.37737,0.977787
211,1.625,1000060120,6.38232,22.5001,3.52682,11.6484,2.26018,1.00173,0.991483,0.703689,2.41781,0.823519,0.823468,0.576713,1.46294,1.27516,1.2739,0.897894
211,1.675,1000060120,8.28601,42.5112,4.11491,10.8563,2.16059,1.00896,1.00861,0.708596,2.4203,0.698497,0.697702,0.484652,1.62872,1.35747,1.35333,0.965613
211,1.725,1000060120,6.54148,23.4203,3.50035,11.3802,2.16542,1.33991,1.32834,0.969323,2.5,0.765346,0.765171,0.534874,1.54032,1.18346,1.18294,0.831572
211,1.775,1000060120,6.38906,22.5689,3.50067,11.5408,2.05157,1.2078,1.20478,0.855212,2.48112,0.788406,0.788305,0.550745,1.57824,1.31713,1.31456,0.930583
211,1.825,1000060120,7.25717,29.9702,3.67596,11.0215,2.21193,1.14982,1.14724,0.81513,2.32601,0.760867,0.760776,0.532532,1.3394,1.13043,1.1303,0.79242
211,1.875,1000060120,8.23401,41.7319,4.0963,10.9005,1.98809,1.10624,1.10545,0.776914,2.46551,0.808588,0.808518,0.56584,1.28121,1.42388,1.42058,1.00916
211,1.925,1000060120,7.10537,28.223,3.51248,10.6489,2.16792,1.08149,1.08047,0.761189,2.39163,0.727625,0.727277,0.507107,1.70177,1.23847,1.23683,0.873844
211,1.975,1000060120,5.99103,18.1862,3.15619,10.8582,2.37675,1.44455,1.41299,1.06954,2.58768,0.657533,0.655538,0.45071,1.7007,1.16737,1.16667,0.820872
211,2.025,1000060120,7.14383,27.455,3.48478,10.5907,1.79573,1.25867,1.25609,0.890647,2.53127,0.847767,0.847678,0.59454,1.85212,1.25483,1.25198,0.889581
211,0.075,1000080160,2.37986,0.696604,0.695729,0.48351,2.40356,1.26653,1.25156,0.916476,2.31167,0.831938,0.831912,0.582527,2.36326,0.722131,0.721795,0.503722
211,0.125,1000080160,2.13187,1.53122,1.49488,1.13335,2.39873,1.25017,1.2365,0.902332,2.3153,0.883281,0.883221,0.619121,2.34475,0.748227,0.748077,0.523085
211,0.175,1000080160,2.02092,2.35999,2.09145,1.84593,2.37967,1.36221,1.33825,0.998018,2.32737,0.912483,0.912367,0.639876,2.3889,0.734959,0.734672,0.512957
211,0.225,1000080160,2.09525,4.10109,2.86991,3.27495,2.34376,1.41995,1.38908,1.04694,2.33885,0.920196,0.920053,0.645419,2.41352,0.74291,0.742648,0.518757
211,0.275,1000080160,2.25339,6.13097,3.4732,4.93597,2.33534,1.4626,1.42341,1.0837,2.35483,0.948722,0.948461,0.665917,2.42206,0.717863,0.717361,0.49983
211,0.325,1000080160,2.76893,8.70062,3.86423,6.34127,2.30765,1.56519,1.50978,1.17329,2.37309,0.938628,0.938393,0.658766,2.42306,0.70871,0.708081,0.49274
211,0.375,1000080160,3.12038,9.62109,3.8539,6.46144,2.30976,1.67186,1.5947,1.26828,2.37289,0.933933,0.933717,0.655452,2.41438,0.722708,0.722274,0.503605
211,0.425,1000080160,3.13363,11.0689,4.12586,7.42411,2.22896,1.629,1.56863,1.22583,2.36989,0.927168,0.926981,0.650407,2.40038,0.734175,0.733866,0.512366
211,0.475,1000080160,3.50955,11.9648,4.06322,7.34182,2.30409,1.61068,1.54706,1.21379,2.37551,0.948841,0.948555,0.666176,2.41523,0.762227,0.762065,0.532842
211,0.525,1000080160,3.50711,11.5401,3.98628,7.0849,2.29137,1.59272,1.53543,1.19734,2.36882,0.96451,0.964145,0.677517,2.36739,0.754144,0.753989,0.527232
211,0.575,1000080160,3.80726,13.4385,4.14683,7.70541,2.21778,1.55178,1.50894,1.15687,2.36366,0.960862,0.960526,0.674782,2.39789,0.728261,0.727907,0.507973
211,0.625,1000080160,3.42465,9.73479,3.68573,6.08586,2.17885,1.65044,1.59293,1.24255,2.33702,0.98158,0.981152,0.689661,2.36038,0.750864,0.750703,0.524901
211,0.675,1000080160,3.62517,10.6787,3.75404,6.3838,2.06533,1.6672,1.61442,1.25078,2.34787,0.943276,0.943045,0.662085,2.33982,0.698613,0.698121,0.486645
211,0.725,1000080160,4.09382,13.7625,4.00706,7.39862,2.10161,1.53156,1.49154,1.12871,2.34481,0.969915,0.969551,0.68134,2.29518,0.750247,0.750174,0.52508
211,0.775,1000080160,4.21177,12.8014,3.76316,6.71262,2.12678,1.52673,1.48976,1.12882,2.42892,0.958798,0.958378,0.67378,2.39787,0.675459,0.674207,0.466581
211,0.825,1000080160,4.59469,16.6423,4.12532,7.97697,2.10823,1.74081,1.66599,1.31787,2.34865,0.977951,0.977529,0.68728,2.36696,0.731196,0.730922,0.509457
211,0.875,1000080160,4.59155,14.9771,3.86863,7.20662,2.09381,1.68821,1.62576,1.27044,2.35072,0.976762,0.976345,0.686541,2.26695,0.7907,0.790687,0.553858
211,0.925,1000080160,4.39869,14.2712,3.83288,7.12652,2.2741,1.68408,1.60963,1.27765,2.37896,0.94422,0.943953,0.662918,2.34678,0.720085,0.719776,0.501844
211,0.975,1000080160,4.55846,14.797,3.8216,7.14137,2.10927,1.56596,1.52375,1.16263,2.41538,1.03877,1.03746,0.733208,2.31431,0.88846,0.888394,0.622784
211,1.025,1000080160,4.41023,12.5527,3.53852,6.30299,2.1379,1.52721,1.48446,1.12828,2.3744,0.912542,0.912397,0.639854,2.18478,0.946141,0.94602,0.662817
211,1.075,1000080160,5.02004,16.5139,3.73986,7.1837,2.24591,1.60307,1.54725,1.2027,2.38464,0.966099,0.9657,0.67729,2.18583,1.06763,1.06674,0.751767
211,1.125,1000080160,5.66754,24.0133,4.24436,14.229,2.21755,1.56607,1.51415,1.1683,2.46119,0.886932,0.886802,0.621835,2.07402,0.971036,0.970913,0.680944
211,1.175,1000080160,5.55947,21.3597,4.03054,13.9173,2.41291,1.65971,1.57207,1.26288,2.41936,0.970908,0.970415,0.682638,2.22562,1.07389,1.07279,0.75662
211,1.225,1000080160,5.37891,18.5654,3.76928,13.4182,2.13109,1.59412,1.54326,1.18825,2.54804,0.940242,0.939749,0.659652,2.00017,1.05163,1.05126,0.737828
211,1.275,1000080160,5.43419,17.9927,3.68011,13.1154,2.0136,1.79908,1.72012,1.36478,2.41266,1.01279,1.01189,0.715138,1.80912,1.27932,1.27611,0.90675
211,1.325,1000080160,6.54713,29.5603,4.25903,13.3696,2.16945,1.57755,1.53266,1.17693,2.45314,0.938722,0.938393,0.659255,1.87419,1.19524,1.19361,0.842177
211,1.375,1000080160,5.76476,22.1024,3.79887,12.9708,2.2891,1.52772,1.48356,1.13945,2.45671,0.947308,0.946923,0.665073,1.90884,1.18289,1.18132,0.834149
211,1.425,1000080160,5.67145,20.0873,3.68311,12.8311,2.02364,1.9239,1.81519,1.47527,2.5689,0.961848,0.961095,0.675632,1.76488,1.21609,1.21457,0.858068
211,1.475,1000080160,5.73662,20.0217,3.6075,12.541,2.06691,1.64439,1.5974,1.23094,2.44604,0.899107,0.898954,0.630726,1.84587,1.16227,1.16124,0.818555
211,1.525,1000080160,6.72234,29.9891,4.06164,12.6145,1.90887,1.45307,1.43285,1.0526,2.4012,0.968396,0.967954,0.680671,1.76181,1.18479,1.18374,0.833804
211,1.575,1000080160,7.02098,31.2254,3.96644,12.016,2.10809,1.55529,1.4999,1.14829,2.67083,0.852861,0.852693,0.598256,1.82407,1.18236,1.18114,0.831642
211,1.625,1000080160,6.07948,21.4986,3.38869,11.4045,1.88513,1.54089,1.51816,1.12665,2.36971,0.911438,0.9113,0.638844,1.78739,1.15921,1.15838,0.818085
211,1.675,1000080160,7.00678,30.9189,3.70805,11.1165,2.24067,2.06993,1.88562,1.60903,2.41363,0.89165,0.891536,0.625006,1.62095,1.33937,1.33586,0.948641
211,1.725,1000080160,6.3927,23.8922,3.52106,11.4862,1.87921,1.39619,1.377,1.00245,2.36716,1.04218,1.04102,0.735015,1.8063,1.26272,1.25998,0.894685
211,1.775,1000080160,8.49437,48.8005,4.35443,10.7953,2.08571,1.72251,1.65844,1.30136,2.4819,0.932798,0.932465,0.654304,1.60855,1.24581,1.24445,0.877463
211,1.825,1000080160,7.52341,39.7751,4.1416,11.327,1.91145,1.20961,1.20747,0.855186,2.45176,0.905986,0.905807,0.635659,1.89653,1.23841,1.23569,0.876205
211,1.875,1000080160,7.78557,40.0563,3.99463,10.7109,1.83192,1.44284,1.43089,1.04187,2.26462,0.659698,0.659417,0.461129,1.693,1.16752,1.16683,0.820881
211,1.925,1000080160,9.19989,51.1189,4.14379,9.85865,1.66874,1.84982,1.77603,1.38829,2.67169,0.910548,0.910059,0.639985,1.71145,1.15078,1.1502,0.808785
211,1.975,1000080160,6.26673,22.7569,3.18618,10.3595,2.46772,1.61925,1.53806,1.23032,2.29661,0.839305,0.839282,0.588054,1.78875,1.21977,1.21808,0.861447
211,2.025,1000080160,8.63125,51.2519,4.06724,10.5626,1.87829,1.50427,1.47501,1.09361,2.45747,0.849464,0.849396,0.595129,1.68804,1.21402,1.20541,0.854058
211,0.075,1000180400,2.33626,0.956092,0.956092,0.669482,2.00509,1.81632,1.81632,1.27206,-0.184785,1.16037,1.16037,0.812877,0.296058,1.16024,1.16024,0.812783
211,0.125,1000180400,2.07277,1.82598,1.81809,1.27872,1.99133,1.83318,1.83318,1.28381,-0.114744,1.20338,1.20338,0.843001,0.356488,1.17432,1.17432,0.822612
211,0.175,1000180400,1.92107,2.47181,2.46366,1.73117,1.893,1.94312,1.94312,1.36105,-0.103867,1.24151,1.24151,0.869747,0.232576,1.16866,1.16866,0.816791
211,0.225,1000180400,1.69338,2.82926,2.839,1.98248,1.82689,2.08846,2.08846,1.463,-0.130651,1.2501,1.2501,0.875786,0.147184,1.18144,1.18144,0.829735
211,0.275,1000180400,1.67414,3.25357,3.25357,2.2781,1.69402,2.16914,2.16914,1.51685,-0.132561,1.24788,1.24788,0.876429,0.0394808,1.17414,1.17414,0.82236
211,0.325,1000180400,1.78016,3.45309,3.45309,2.42554,1.59258,2.25347,2.25347,1.57762,-0.20028,1.2574,1.2574,0.88278,0.0185031,1.15411,1.15411,0.808275
211,0.375,1000180400,1.62753,3.41741,3.41741,2.39376,1.49515,2.43308,2.43308,1.70404,-0.205597,1.27017,1.27017,0.887322,0.0114487,1.15237,1.15237,0.807264
211,0.425,1000180400,2.06376,3.43978,3.43977,2.40645,1.26221,2.44646,2.44646,1.71308,-0.262635,1.27842,1.27842,0.895057,-0.0407616,1.14704,1.14704,0.803372
211,0.475,1000180400,2.01825,3.34331,3.34331,2.34217,1.08793,2.42209,2.42209,1.69394,-0.311416,1.28684,1.28684,0.899455,-0.080533,1.15677,1.15677,0.810161
211,0.525,1000180400,2.04167,3.40478,3.40478,2.39088,1.07967,2.57769,2.57769,1.80586,-0.341441,1.29913,1.29913,0.910161,-0.127232,1.15787,1.15787,0.81101
211,0.575,1000180400,2.19617,3.56115,3.56114,2.49258,0.82,2.60315,2.60315,1.82149,-0.41696,1.2969,1.2969,0.906995,-0.177625,1.146,1.146,0.802836
211,0.625,1000180400,2.34,3.5793,3.57929,2.50325,0.907199,2.61081,2.61081,1.82709,-0.445319,1.30374,1.30374,0.914886,-0.26673,1.13867,1.13867,0.797333
211,0.675,1000180400,2.35158,3.496,3.49599,2.44797,0.89527,2.57046,2.57046,1.79982,-0.461458,1.31081,1.31081,0.920086,-0.29955,1.15027,1.15027,0.805732
211,0.725,1000180400,2.54679,3.55667,3.55665,2.49485,0.930283,2.5904,2.5904,1.81316,-0.553529,1.33803,1.33803,0.938239,-0.35786,1.14687,1.14687,0.805123
211,0.775,1000180400,2.7721,3.55093,3.5509,2.4879,0.945689,2.60892,2.60892,1.82564,-0.570859,1.35227,1.35227,0.94517,-0.475517,1.1286,1.1286,0.790405
211,0.825,1000180400,2.87312,3.52418,3.52416,2.46489,0.661683,2.65145,2.65145,1.8569,-0.608707,1.31711,1.31711,0.924958,-0.495156,1.13045,1.13045,0.791783
211,0.875,1000180400,2.9415,3.51598,3.51596,2.45675,0.758641,2.64648,2.64648,1.85389,-0.52943,1.3626,1.3626,0.954521,-0.558133,1.07952,1.07952,0.756037
211,0.925,1000180400,3.07624,3.48048,3.48046,2.43849,0.885714,2.59419,2.59419,1.81651,-0.678174,1.352,1.352,0.948615,-0.585092,1.11001,1.11001,0.777496
211,0.975,1000180400,3.25006,3.68576,3.68565,2.58262,0.957182,2.71602,2.71602,1.90249,-0.679934,1.35652,1.35652,0.948858,-0.584291,1.10112,1.10112,0.771188
211,1.025,1000180400,3.25404,3.75647,3.75632,2.62745,0.767372,2.68576,2.68576,1.88144,-0.666827,1.28334,1.28334,0.898973,-0.627879,1.10668,1.10668,0.775072
211,1.075,1000180400,3.24465,3.67798,3.67788,2.58234,0.765905,2.50138,2.50138,1.75238,-0.605499,1.44172,1.44172,1.01001,-0.620674,1.11344,1.11344,0.779988
211,1.125,1000180400,3.36356,3.54097,3.54092,2.48078,0.776827,2.70146,2.70145,1.89255,-0.712051,1.37939,1.37939,0.966306,-0.634578,1.17533,1.17533,0.82582
211,1.175,1000180400,3.66266,3.64944,3.6493,2.55672,0.798677,2.53316,2.53316,1.77456,-0.732092,1.4416,1.4416,1.01078,-0.677801,1.19,1.19,0.836154
211,1.225,1000180400,3.81833,3.53533,3.53524,2.47729,0.800207,2.62336,2.62336,1.83287,-0.75,1.39901,1.39901,0.979756,-0.703074,1.1675,1.1675,0.816675
211,1.275,1000180400,3.87329,3.62841,3.62825,2.5413,0.599593,2.76862,2.76862,1.93921,-0.833333,1.36064,1.36064,0.95321,-0.775634,1.1036,1.1036,0.773766
211,1.325,1000180400,4.10738,3.72692,3.72658,2.60876,0.756532,2.64733,2.64733,1.85346,-0.73382,1.35674,1.35674,0.950416,-0.747191,1.13563,1.13563,0.795588
211,1.375,1000180400,4.05355,3.60933,3.60916,2.52258,0.722506,2.79898,2.79898,1.96064,-0.864929,1.37829,1.37829,0.965437,-0.732648,1.12811,1.12811,0.790025
211,1.425,1000180400,4.42345,3.63383,3.63353,2.54044,0.66285,2.65147,2.65147,1.85561,-0.696382,1.40739,1.40739,0.985663,-0.807588,1.15182,1.15182,0.806889
211,1.475,1000180400,4.38804,3.67781,3.67744,2.57867,0.579545,2.67225,2.67225,1.87037,-0.719178,1.48994,1.48994,1.04373,-0.732938,1.17099,1.17099,0.820174
211,1.525,1000180400,4.39478,3.5042,3.50406,2.45296,0.514286,2.634,2.634,1.84773,-0.729452,1.39143,1.39143,0.974261,-0.795455,1.1333,1.1333,0.793434
211,1.575,1000180400,4.70625,3.69837,3.6978,2.59408,0.597378,2.75721,2.75721,1.92991,-0.739583,1.49496,1.49496,1.04589,-0.827674,1.18544,1.18544,0.83046
211,1.625,1000180400,4.71012,3.6554,3.65493,2.56305,0.293814,2.50598,2.50598,1.75337,-0.725941,1.48404,1.48404,1.0424,-0.88294,1.13093,1.13093,0.791453
211,1.675,1000180400,4.93358,3.8115,3.81032,2.67567,0.370968,2.80818,2.80818,1.96275,-0.75463,1.492,1.492,1.04488,-0.960501,1.13462,1.13462,0.796927
211,1.725,1000180400,4.94327,3.72153,3.72072,2.6089,0.522727,2.60048,2.60048,1.82125,-0.680556,1.39666,1.39666,0.976917,-0.989754,1.18364,1.18364,0.828906
211,1.775,1000180400,5.1459,3.73855,3.73748,2.62437,0.583682,2.64769,2.64769,1.85388,-0.883721,1.51766,1.51766,1.06175,-0.886005,1.20839,1.20839,0.846419
211,1.825,1000180400,5.13133,3.73646,3.73542,2.62455,0.208333,2.66879,2.66879,1.8695,-0.771605,1.30813,1.30813,0.915033,-0.866446,1.17206,1.17206,0.819852
211,1.875,1000180400,5.28621,3.64072,3.63992,2.55454,0.348214,2.62033,2.62033,1.83654,-0.479866,1.46759,1.46759,1.02813,-0.960048,1.26268,1.26268,0.884456
211,1.925,1000180400,5.47014,3.75659,3.755,2.63641,0.60119,2.61734,2.61734,1.83003,-0.813043,1.38502,1.38502,0.969709,-0.938144,1.213,1.213,0.848781
211,1.975,1000180400,5.66998,3.65039,3.64915,2.56346,0.326087,2.80466,2.80466,1.96423,-0.792035,1.56078,1.56078,1.0933,-0.908108,1.20706,1.20706,0.845157
211,2.025,1000180400,5.70365,3.6934,3.69186,2.59503,0.636842,2.77035,2.77035,1.94058,-0.538095,1.53601,1.53601,1.07588,-0.819403,1.27759,1.27759,0.895035
211,0.075,1000260560,2.28959,1.16712,1.16712,0.817305,2.16242,1.89612,1.89612,1.32795,0.587831,1.21188,1.21188,0.848981,1.06215,1.29121,1.29121,0.904473
211,0.125,1000260560,2.03909,2.01921,2.01898,1.4266,2.09014,1.98922,1.98922,1.39308,0.674379,1.23564,1.23564,0.864788,1.07486,1.30582,1.30582,0.916486
211,0.175,1000260560,1.87873,2.58298,2.58299,1.8215,1.93987,2.11027,2.11027,1.47794,0.670848,1.25641,1.25641,0.878648,1.05442,1.34352,1.34352,0.942457
211,0.225,1000260560,1.67814,3.00998,3.00998,2.10562,1.90259,2.22369,2.22369,1.55773,0.596471,1.29361,1.29361,0.906272,0.978345,1.36686,1.36686,0.958856
211,0.275,1000260560,1.44817,3.41059,3.41059,2.38813,1.79128,2.39422,2.39422,1.67337,0.572873,1.29019,1.29019,0.903841,0.939713,1.37953,1.37953,0.966431
211,0.325,1000260560,1.66982,3.65123,3.65121,2.5636,1.72478,2.49476,2.49476,1.74763,0.542537,1.31447,1.31447,0.920889,0.874567,1.39233,1.39233,0.977638
211,0.375,1000260560,1.67907,3.60264,3.60263,2.52499,1.45655,2.65458,2.65458,1.85914,0.48505,1.32122,1.32122,0.925431,0.803659,1.39418,1.39418,0.978992
211,0.425,1000260560,1.73132,3.60613,3.60612,2.53023,1.53434,2.79977,2.79977,1.96009,0.422581,1.35538,1.35538,0.94948,0.752638,1.39768,1.39768,0.979918
211,0.475,1000260560,1.7156,3.68479,3.68477,2.58153,1.24024,2.80135,2.80135,1.96226,0.341655,1.37769,1.37769,0.965172,0.734787,1.36843,1.36843,0.9586
211,0.525,1000260560,1.93419,3.6602,3.66018,2.56422,1.12198,2.89132,2.89132,2.0229,0.286779,1.38902,1.38902,0.973028,0.671984,1.3709,1.3709,0.957821
211,0.575,1000260560,1.93763,3.56228,3.56227,2.49529,1.15455,2.87075,2.87075,2.01062,0.233722,1.40857,1.40857,0.987334,0.586361,1.36921,1.36921,0.959219
211,0.625,1000260560,2.15251,3.65711,3.65709,2.56224,1.11958,2.92157,2.92157,2.04315,0.140236,1.43849,1.43849,1.00777,0.500279,1.39278,1.39278,0.976771
211,0.675,1000260560,2.33592,3.74946,3.74941,2.63369,0.979895,2.84729,2.84729,1.9904,0.0508009,1.5011,1.5011,1.05076,0.412785,1.33616,1.33616,0.935675
211,0.725,1000260560,2.16252,3.63424,3.63422,2.54563,1.00658,2.98374,2.98374,2.0889,0.0159048,1.47996,1.47996,1.0368,0.384464,1.35875,1.35875,0.951223
211,0.775,1000260560,2.34568,3.84132,3.84123,2.69173,1.10211,2.95941,2.95941,2.07266,-0.0559375,1.48842,1.48842,1.04258,0.333924,1.35786,1.35786,0.951269
211,0.825,1000260560,2.59734,3.76446,3.76439,2.63783,1.0128,3.00541,3.00541,2.10632,-0.116696,1.5017,1.5017,1.05205,0.25604,1.3312,1.3312,0.93537
211,0.875,1000260560,2.5674,3.81261,3.81251,2.66602,0.906277,2.96276,2.96276,2.07562,-0.160619,1.48143,1.48143,1.03895,0.137699,1.32418,1.32418,0.927593
211,0.925,1000260560,2.65011,3.8039,3.8038,2.66403,0.893648,3.03337,3.03337,2.12372,-0.21222,1.56227,1.56227,1.09204,0.173527,1.35396,1.35396,0.947982
211,0.975,1000260560,2.68285,3.81923,3.81912,2.67365,0.925466,3.2064,3.2064,2.24441,-0.1848,1.53511,1.53511,1.07545,0.130934,1.31314,1.31314,0.919917
211,1.025,1000260560,2.91917,3.72624,3.72616,2.60905,0.877506,3.00154,3.00154,2.10208,-0.234839,1.56347,1.56347,1.0953,0.0718172,1.33735,1.33735,0.936712
211,1.075,1000260560,2.98216,3.83789,3.83772,2.68306,1.0686,3.20712,3.20712,2.24648,-0.319453,1.58214,1.58214,1.10648,0.0793422,1.3126,1.3126,0.919433
211,1.125,1000260560,3.10332,3.80453,3.80437,2.66538,0.954774,3.03973,3.03973,2.12952,-0.309875,1.60606,1.60606,1.12495,0.0891892,1.35218,1.35218,0.94689
211,1.175,1000260560,2.98046,3.8903,3.89007,2.72655,0.895664,3.16585,3.16585,2.2174,-0.270154,1.60129,1.60129,1.1216,0.0558912,1.36825,1.36825,0.960847
211,1.225,1000260560,3.1789,3.79045,3.79028,2.65414,0.750364,3.09986,3.09986,2.16667,-0.39608,1.62027,1.62027,1.13505,0.0056391,1.36549,1.36549,0.959186
211,1.275,1000260560,3.19356,3.8089,3.80871,2.66955,0.659124,3.12953,3.12953,2.19225,-0.514115,1.62212,1.62212,1.13571,-0.0742642,1.35503,1.35503,0.947351
211,1.325,1000260560,3.37727,3.88149,3.88116,2.72071,0.824324,3.10369,3.10369,2.17291,-0.517544,1.65191,1.65191,1.15723,-0.0591099,1.37663,1.37663,0.966834
211,1.375,1000260560,3.46379,3.88443,3.88406,2.72308,0.984685,3.20759,3.20759,2.24704,-0.4681,1.65215,1.65215,1.15735,-0.0713224,1.41182,1.41182,0.988806
211,1.425,1000260560,3.70357,3.85892,3.8585,2.7057,0.666316,3.2448,3.2448,2.27192,-0.395988,1.65732,1.65732,1.16098,-0.0756757,1.35196,1.35196,0.947022
211,1.475,1000260560,3.65133,3.92567,3.92513,2.75269,0.811111,3.0877,3.0877,2.16314,-0.57496,1.64524,1.64524,1.15242,-0.170944,1.42604,1.42604,0.998965
211,1.525,1000260560,3.86677,3.82011,3.8197,2.68526,0.573563,3.26294,3.26294,2.28365,-0.640511,1.75141,1.75141,1.22811,-0.111807,1.32445,1.32445,0.927709
211,1.575,1000260560,3.80807,3.80489,3.80453,2.66769,0.604265,3.34463,3.34462,2.34063,-0.487315,1.72138,1.72138,1.20565,-0.18246,1.35111,1.35111,0.946549
211,1.625,1000260560,3.74023,3.82017,3.81981,2.67842,0.5,3.19786,3.19786,2.24034,-0.625285,1.60723,1.60723,1.12598,-0.215306,1.38747,1.38747,0.972868
211,1.675,1000260560,3.99607,3.80296,3.80252,2.66675,0.587379,3.26222,3.26222,2.28415,-0.423858,1.65396,1.65396,1.15882,-0.164122,1.38911,1.38911,0.972897
211,1.725,1000260560,4.13189,3.88511,3.88307,2.72562,0.819648,3.50823,3.50822,2.45574,-0.44051,1.69126,1.69126,1.18483,-0.230047,1.39734,1.39734,0.978754
211,1.775,1000260560,4.10542,3.91829,3.91747,2.74825,0.468481,3.09251,3.09251,2.16631,-0.564615,1.61045,1.61045,1.12718,-0.214656,1.40261,1.40261,0.982366
211,1.825,1000260560,4.23717,3.90656,3.90567,2.74078,0.626154,3.5146,3.5146,2.46007,-0.650538,1.69466,1.69466,1.18658,-0.209677,1.38877,1.38877,0.973335
211,1.875,1000260560,4.39955,3.91435,3.91328,2.74684,0.258958,3.46308,3.46308,2.426,-0.427757,1.66243,1.66243,1.16742,-0.242816,1.35534,1.35534,0.949174
211,1.925,1000260560,4.30418,3.77618,3.77565,2.64848,0.584746,3.22421,3.22421,2.25542,-0.604651,1.60274,1.60274,1.12338,-0.289621,1.43678,1.43678,1.00616
211,1.975,1000260560,4.44643,3.92736,3.92618,2.75306,0.864341,3.16869,3.16869,2.21945,-0.612676,1.73355,1.73355,1.21134,-0.204268,1.41095,1.41095,0.987452
211,2.025,1000260560,4.58576,3.81112,3.81028,2.67397,0.569686,3.31984,3.31984,2.32302,-0.557971,1.63476,1.63476,1.14505,-0.265705,1.37132,1.37132,0.960701
