category,quantity,particle,target,hA2018_slope,hA2018_intercept,hN2018_slope,hN2018_intercept,INCL_slope,INCL_intercept,Geant4_slope,Geant4_intercept
Sum,Mean,211,1000060120,1.011780523441641,4.132677984443758,3.477070813879066,4.052421633103407,3.6265122798514016,2.828382470135236,2.0634603575432995,0.7907148519443044
Sum,Std,211,1000060120,0.6410888902281412,0.822615184377458,0.6458013828304794,3.0129296469026325,0.4995439251306024,5.588095987044142,4.561418495447926,1.9466176476400867
Sum,Mean,211,1000180400,3.756449650122799,4.9279143894029795,8.70060340229022,6.190960666362735,20.160127418077046,-6.208516857627921,14.64063532888457,-2.0319378418848837
Sum,Std,211,1000180400,2.380456975626293,1.5442068001573128,1.7942159885685425,4.7223312875077745,5.249936174963758,6.591993117802911,1.9365526556757833,4.014308608528442
Sum,Mean,211,1000080160,1.3855905431020394,4.262823289671525,3.6267628960753444,5.164328654883771,6.737879437612618,-0.8536930444951674,4.986951813103582,-0.4038503137498082
Sum,Std,211,1000080160,0.9577746835601716,0.9198927595931945,-0.057803730597756786,3.961569453859388,4.777375942600795,4.43459195178188,5.092676152577938,2.3961209994926103
Sum,Mean,211,1000260560,5.259849172423712,5.594155117992793,12.105623474120113,5.877657077001826,14.739330270432522,-0.3058096527607699,15.239242426810385,-1.21185233678872
Sum,Std,211,1000260560,3.2469276462507772,1.9392852490443209,2.3655979914120353,5.47812505769075,9.243829403273207,3.101547254651418,3.2097955707983834,3.181452434666467
Difference,Mean,211,1000060120,2.9706900798297333,1.7185511351106646,-0.4207519974428706,2.5037120845454854,0.08015571669272425,2.333157282938464,-0.1192133095331549,2.1397962128580663
Difference,Std,211,1000060120,-0.06769571231091609,3.7091633231833,-0.00290917617980746,1.3203996218786447,-0.12596935785773877,0.8795048511324814,0.03140695096971835,0.9887907251045842
Difference,Mean,211,1000180400,2.3151120471013984,0.883748128933645,-1.0141983393074028,1.6760247156025647,-0.6528958198069994,1.170860999264403,-1.278981772366766,1.5420944922372268
Difference,Std,211,1000180400,0.3419192926713164,3.23237391311567,0.5228484284006498,2.1668226118147946,0.6911773433604311,1.2715812460520555,0.29777905237255897,1.3554274448718808
Difference,Mean,211,1000080160,2.845213433642093,1.8999079203441096,-0.23041554475863135,2.2927305327442014,0.2001596499413174,2.217229855780859,-0.07181845571404377,2.222082141999288
Difference,Std,211,1000080160,-0.11888836049341167,3.9285982690664554,0.11672125425674196,1.508472262852685,-0.10637335939985171,1.0267536313474854,0.03939002951043702,1.0879120837167753
Difference,Mean,211,1000260560,1.7741095348627343,0.9668533684158155,-1.102505456743254,1.8545823026972177,-0.8297148079108574,2.020216795518053,-0.7327459095844571,2.2716404546575735
Difference,Std,211,1000260560,0.4375608176117569,3.3556498493262286,0.877415580117469,2.260000860602058,0.8245461836363608,1.2338598264201739,0.41203603125833443,1.408086948269353
Sum,Mean,111,1000060120,0.7859797101250998,4.167570300210867,2.2538410894410745,5.12645054033543,-1.0836076728124482,5.926812120245653,0.0015859381864840039,1.9993590478019792
Sum,Std,111,1000060120,0.6783979304112353,0.7746159027138402,0.009721152873227723,3.080431387344251,10.101394553341194,0.5740905178036133,3.901122597584254,2.0430907151876965
Sum,Mean,111,1000180400,3.4654574342881928,4.995900092215946,7.665808174545559,6.803992114372545,20.22543708229943,-6.5512649648593095,16.99139183346745,-4.709509350369214
Sum,Std,111,1000180400,2.5274970205792884,1.5178274205079805,2.1048309509432146,4.402289420570641,4.462562317141331,6.766135668072037,1.7907569615725496,4.457116716303116
Sum,Mean,111,1000080160,1.1912636836154835,4.2450891445318835,3.3718980807392644,5.53378740816778,3.6063815813092575,1.0525904337433052,4.071313201083335,-0.0714634499674287
Sum,Std,111,1000080160,0.9378882579962922,0.9052255813010581,0.6526105144495555,3.194574774076707,4.790958732607676,4.480877440581497,4.548369132446993,2.2415615980530315
Sum,Mean,111,1000260560,5.203039809208466,5.498289165389314,10.84967085249138,6.579348461273464,14.063411679534136,-0.05566744032805904,17.539321484462793,-3.7206657152127507
Sum,Std,111,1000260560,3.353324938784685,1.9268675813204186,2.9196059810997244,4.934210705698101,9.59970995549313,2.9493218470241542,2.265223604140746,4.023066095910072
Difference,Mean,111,1000060120,2.903405768855383,-0.1369698169457353,0.06588416279350129,0.462299855242209,-0.10545913070227164,0.6103517238955132,0.01083891247709301,0.5379901217596694
Difference,Std,111,1000060120,0.08994290307969255,3.6548707091731183,-0.037076350553359116,1.3812394127302319,-0.21100688840313153,0.978721701010742,-0.19677307741552585,1.3213204895743567
Difference,Mean,111,1000180400,1.91133132212869,-0.45149301655342067,-0.7620699640461228,0.022387817542393162,-0.7498560209951168,-0.2824676302126117,-1.5094522536118282,0.2050688682973869
Difference,Std,111,1000180400,0.4080558398940548,3.2349019772865666,0.5736311399317029,2.1434276595459347,0.5684859562948281,1.3823947109676054,0.0825859069251833,1.6984461303022647
Difference,Mean,111,1000080160,3.243508948536311,-0.4183806208612343,0.11452934076875632,0.4105406709201841,0.04543535552424938,0.5782955044642973,-0.12346473962783866,0.7065323438729488
Difference,Std,111,1000080160,0.2233188789010927,3.6240384561782504,0.005586311391746257,1.6181062128452552,-0.1728683483752007,1.1411544915071805,-0.14087912495962107,1.3621268541212546
Difference,Mean,111,1000260560,1.3473883830529974,-0.4693587756890425,-0.6864709467374982,0.06969941309947769,-0.8653498815577835,0.5778098497424965,-0.9960260153445584,0.9663343430096635
Difference,Std,111,1000260560,0.43726193762588883,3.377893396603959,0.6260610937536994,2.420172726930143,0.7198361951412324,1.3488261889169022,0.23960998434213154,1.6504069245851958
Sum,Mean,-211,1000060120,0.6421077034013374,4.248347222913239,2.7175717543952698,4.593716447782731,4.307522360265509,2.288707150500006,2.376324377595038,0.9536157205763213
Sum,Std,-211,1000060120,0.6436779759577509,0.8045759821970115,-0.17150876215795918,3.0918023497215597,15.148723802599285,-1.837763677030611,2.2924434068815955,3.2334588960965656
Sum,Mean,-211,1000180400,3.6731245582267547,4.9497416265362375,8.476758627542022,5.73556317450666,19.74752215648912,-6.569190502609471,13.66460413736389,-0.8858163831135863
Sum,Std,-211,1000180400,2.4945206614516597,1.4974982716660954,1.8605083057202694,4.553779434558127,4.452595236427931,6.378479376394429,1.9560366381445737,3.82960904060091
Sum,Mean,-211,1000080160,0.9514419637078353,4.388337061684133,4.206045544486058,4.81177565159898,3.5009988149861853,0.7418440877268655,3.478797088916255,0.35680883251602213
Sum,Std,-211,1000080160,1.0176435414322973,0.8719890286263645,0.15865827166491586,3.5505534008543043,4.999157116031558,4.299991872913274,5.611259774369256,2.1387516028774396
Sum,Mean,-211,1000260560,5.180612714746584,5.717051812816872,11.910620688475682,5.342373738144135,15.223858214265338,-0.9707430208522876,15.77962810038124,-1.5332769812007827
Sum,Std,-211,1000260560,2.944287184802188,2.108409011327753,2.7521014323693875,4.852803157143606,9.183303737228975,3.259710702213496,2.3494744510324757,3.807039881142293
Difference,Mean,-211,1000060120,2.5460595765127163,-1.7145907081288947,0.29873779707889125,-1.4222818996988882,-0.17287941111019817,-1.1800932223114065,0.14888261357299254,-1.0567236716465203
Difference,Std,-211,1000060120,0.35163554408014264,3.4020365705345275,0.01374114377027813,1.3490502395359425,-0.1542893551668998,0.916765125961453,0.09805876684326886,0.9805317867681461
Difference,Mean,-211,1000180400,1.5048901696483217,-1.734515539209726,-0.14081573031729966,-1.9161568921724315,-0.9706311000359478,-1.622468810743715,-1.70776376134563,-1.2055825255472286
Difference,Std,-211,1000180400,0.5617144818066544,3.142491559454073,0.5875054130482091,2.118908877044001,0.6381894083419963,1.3279676806351912,0.34358228001634594,1.556949038121691
Difference,Mean,-211,1000080160,2.4738863167956504,-1.8011306486871388,0.08244512570658763,-1.2176517030642775,-0.17757001989475682,-1.0211875113516613,-0.02004197830351709,-0.89484684528093
Difference,Std,-211,1000080160,0.19015395256959966,3.538399087076507,0.0038306128546601315,1.5825440635364199,-0.13926655796817888,1.0572194932807342,0.14629123098454877,1.0511677562656916
Difference,Mean,-211,1000260560,1.033250644977694,-1.957129343602539,-0.0797279503978292,-1.7388758668114737,-1.0114413720057378,-0.7772889044048898,-1.259192238688371,-0.32299695719244315
Difference,Std,-211,1000260560,0.558367585548738,3.268062161186439,0.7656106451443176,2.293280348849799,0.7542427037011366,1.3238435894058367,0.5622267173687414,1.4443482878330665
