probe,ke,target,meanhA,meanErrhA,stdhA,stdErrhA,meannhN,meanErrhN,stdhN,stdErrhN,meanINCL,meanErrINCL,stdINCL,stdErrINCL,meanGeant4,meanErrGeant4,stdGeant4,stdErrGeant4211,0.325,1000060120,4.46857,1.04571,1.02031,0.789967,4.17663,9.47474,3.38508,5.87784,4.85573,10.5056,4.39579,14.2107,2.04551,11.7531,4.54989,6.32018
-211,0.075,1000060120,2.00006,12.4481,0.614998,0.447002,2.00118,16.8578,2.94343,2.11437,4.19802,9.93429,3.49242,6.40071,2.00007,17.5069,2.45627,1.71689,,,,,,,,,,,,,,,,,,
-211,0.125,1000060120,2,11.9506,1.25415,0.874786,2,15.1441,3.03693,2.18872,3.84784,15.1163,4.09414,13.9064,2,16.8333,2.68239,1.89151,,,,,,,,,,,,,,,,,,
-211,0.175,1000060120,2.00014,16.7145,1.75609,1.22307,2.0031,9.74471,3.4364,2.69811,4.39801,12.3419,4.24747,14.1606,2.00013,17.8967,3.24161,2.3945,,,,,,,,,,,,,,,,,,
-211,0.225,1000060120,3.17714,3.35985,1.59799,2.19112,3.20277,14.9679,3.24172,5.71471,4.06618,15.9662,4.55368,13.8075,2.00107,12.224,3.8227,3.11885,,,,,,,,,,,,,,,,,,
-211,0.275,1000060120,4.22246,1.23728,1.13138,0.975429,4.10955,9.22866,3.02624,4.74973,4.35821,14.6782,4.66937,13.7603,2.00063,12.2029,4.19082,3.6988,,,,,,,,,,,,,,,,,,
-211,0.325,1000060120,4.45729,1.02672,1.00396,0.773275,4.45943,9.65,3.2599,5.39641,4.91915,9.94584,4.33941,14.2639,2.00039,10.4378,4.45813,4.17902,,,,,,,,,,,,,,,,,,
-211,0.375,1000060120,4.49967,1.08216,1.052,0.821333,5.55373,4.15641,2.89354,3.93965,4.24981,16.8556,5.18833,14.3256,2,14.7305,4.27909,3.87471,,,,,,,,,,,,,,,,,,
-211,0.425,1000060120,4.49495,1.08133,1.051,0.820889,5.52258,4.35196,2.95899,4.16743,4.17051,16.8405,5.23742,14.6896,2,16.6482,4.3042,3.9183,,,,,,,,,,,,,,,,,,
-211,0.475,1000060120,4.54972,1.19165,1.14118,0.917928,5.86776,3.91215,2.88899,3.90026,3.6476,9.13212,5.7495,17.5653,2,17.9747,4.31072,3.93475,,,,,,,,,,,,,,,,,,
-211,0.525,1000060120,4.61085,1.141,1.10723,0.867842,5.70791,5.12886,3.35791,5.52864,3.7007,9.2875,5.76231,18.3652,2.00027,17.3927,4.12009,3.6147,,,,,,,,,,,,,,,,,,
-211,0.575,1000060120,4.5863,1.31909,1.23689,1.02991,6.1266,4.23262,3.12424,4.64922,5.78402,9.39383,5.01168,14.1516,2.00002,17.7143,4.2636,3.87586,,,,,,,,,,,,,,,,,,
-211,0.625,1000060120,4.64257,1.31711,1.2424,1.02491,6.81264,3.50057,2.89255,3.85223,4.64283,16.6417,5.80843,18.7996,2,17.6348,4.58533,4.53995,,,,,,,,,,,,,,,,,,
-211,0.675,1000060120,4.65212,1.31855,1.24457,1.02569,6.59013,3.55468,2.89736,3.87092,4.40139,9.03469,10.4125,21.2958,2.00001,17.5958,4.10823,3.63523,,,,,,,,,,,,,,,,,,
-211,0.725,1000060120,4.78841,1.29487,1.24163,0.996519,6.56993,4.10559,3.18446,4.83147,5.98727,9.91593,5.73544,18.9745,2.00104,10.6502,5.5775,6.95441,,,,,,,,,,,,,,,,,,
-211,0.775,1000060120,4.74203,1.37519,1.29517,1.07114,6.79619,3.45138,2.85246,3.74919,6.21023,9.47704,5.8792,19.9632,2.00021,14.6207,5.32721,6.2893,,,,,,,,,,,,,,,,,,
-211,0.825,1000060120,4.80314,1.41891,1.33327,1.10643,7.21254,4.48374,3.38873,5.60386,5.60279,15.9884,6.79956,24.1738,2.00662,14.9034,5.72072,7.61434,,,,,,,,,,,,,,,,,,
-211,0.875,1000060120,4.84491,1.51741,1.40583,1.19047,6.98807,3.86744,3.08655,4.51349,3.48717,9.68547,11.7518,19.6097,5.33115,9.4786,4.39536,14.3579,,,,,,,,,,,,,,,,,,
-211,0.925,1000060120,4.79541,1.51252,1.39545,1.18831,6.90765,3.06775,2.64549,3.12905,4.4325,9.30668,9.80764,21.5967,2.01129,13.7975,11.8316,23.1714,,,,,,,,,,,,,,,,,,
-211,0.975,1000060120,4.84267,1.50621,1.39805,1.18089,6.85796,4.24065,3.26447,5.17411,11.975,11.5422,29.6982,26.1771,2.00013,17.3192,12.3146,23.4006,,,,,,,,,,,,,,,,,,
-211,1.025,1000060120,4.90771,1.51871,1.41533,1.18904,7.72634,4.48757,3.24899,5.14751,2.11935,17.7701,9.26653,20.6943,2.00072,17.9621,8.26113,17.4268,,,,,,,,,,,,,,,,,,
-211,1.075,1000060120,4.99271,1.57827,1.46724,1.23703,6.76778,4.07796,3.18658,4.86395,6.40637,9.56761,5.7305,19.2186,2.0229,17.7738,11.0298,21.0924,,,,,,,,,,,,,,,,,,
-211,1.125,1000060120,5.05871,1.67678,1.54183,1.31959,6.83877,4.96694,3.61179,6.58524,4.45779,9.29904,23.5699,23.9324,2.00017,13.032,5.5734,7.1047,,,,,,,,,,,,,,,,,,
-211,1.175,1000060120,4.95961,1.69227,1.53612,1.33559,7.39134,11.6673,4.6684,14.3804,7.01557,10.3013,5.97379,21.0805,2,17.9993,7.32731,17.3801,,,,,,,,,,,,,,,,,,
-211,1.225,1000060120,5.05505,1.70647,1.56043,1.34509,9.26237,11.7658,5.00684,13.3346,2.01878,14.0985,26.6663,24.6949,2.00001,10.6035,6.425,9.47389,,,,,,,,,,,,,,,,,,
-211,1.275,1000060120,5.02959,1.84721,1.64302,1.46322,9.34401,11.3016,5.16124,14.0656,18.6396,9.12127,29.2084,28.2921,2.00349,17.9981,5.7951,7.79753,,,,,,,,,,,,,,,,,,
-211,1.325,1000060120,5.14029,1.93024,1.71232,1.53238,8.0231,5.21465,3.42769,5.8831,3.70547,11.945,5.34843,15.8111,2.00005,13.4662,7.09646,19.0232,,,,,,,,,,,,,,,,,,
-211,1.375,1000060120,5.04666,1.8524,1.64975,1.46725,8.42944,3.90162,2.68483,3.49109,2.00033,15.0989,8.5416,17.1671,2.00042,13.9515,6.63971,9.85963,,,,,,,,,,,,,,,,,,
-211,1.425,1000060120,5.08882,2.15195,1.82757,1.71204,2.62576,14.5885,13.2782,19.824,2.04733,11.2634,7.1095,13.7667,2.00051,13.615,4.94687,5.54461,,,,,,,,,,,,,,,,,,
-211,1.475,1000060120,5.19376,1.92103,1.71769,1.5244,9.39864,12.4358,3.55283,6.60246,2,10.1278,8.85856,17.3656,2,16.8785,5.1724,5.87358,,,,,,,,,,,,,,,,,,
-211,1.525,1000060120,5.20823,2.02915,1.78339,1.61596,19.9741,9.15088,10.7206,19.6476,5.36389,9.9079,4.20974,14.4383,2.00039,15.4968,5.19294,5.7873,,,,,,,,,,,,,,,,,,
-211,1.575,1000060120,5.2363,2.08937,1.82451,1.667,19.9819,12.0359,12.3311,20.6715,2.12984,15.5262,7.31061,14.1593,2.00008,10.9123,5.31585,6.34548,,,,,,,,,,,,,,,,,,
-211,1.625,1000060120,5.27771,1.92624,1.73506,1.52931,9.20493,12.3326,3.55271,6.74072,2.00027,17.9088,8.54207,17.4339,2.00031,14.6423,5.32061,6.22618,,,,,,,,,,,,,,,,,,
-211,1.675,1000060120,5.28175,1.93883,1.74411,1.5397,8.33219,3.44936,2.52011,3.04397,2.56272,9.27196,5.79023,17.1416,2.00021,14.8213,4.68634,4.72463,,,,,,,,,,,,,,,,,,
-211,1.725,1000060120,5.428,2.02775,1.82426,1.61903,7.47167,3.6995,2.91312,4.0117,19.8821,17.7821,18.5152,21.6399,2.00004,17.8985,5.27939,6.1575,,,,,,,,,,,,,,,,,,
-211,1.775,1000060120,5.32811,2.03867,1.81179,1.62686,9.80398,12.7055,3.49242,6.45357,2.05087,15.7199,12.5425,14.5118,2.00024,16.8844,4.41724,4.22335,,,,,,,,,,,,,,,,,,
-211,1.825,1000060120,5.38467,2.08877,1.85234,1.67267,11.2587,13.5607,3.47539,12.2767,6.57557,10.603,5.62337,17.1261,2.00015,17.9962,5.04099,5.48888,,,,,,,,,,,,,,,,,,
-211,1.875,1000060120,5.51045,1.96621,1.79911,1.56432,8.81691,3.32726,2.31351,2.67839,2.01898,9.54324,7.79969,14.6631,2.00003,17.6381,4.82744,4.96257,,,,,,,,,,,,,,,,,,
-211,1.925,1000060120,5.35628,2.07215,1.838,1.65684,10.9265,13.3167,3.77207,13.0947,2.00005,10.5896,6.17982,8.75638,2,17.9694,5.00919,5.3729,,,,,,,,,,,,,,,,,,
-211,1.975,1000060120,5.41055,2.19509,1.91942,1.76859,11.841,13.04,3.53218,11.7665,2.00002,17.8898,3.56968,3.0779,2.00002,15.8776,5.07918,5.75348,,,,,,,,,,,,,,,,,,
-211,2.025,1000060120,5.45607,2.09037,1.86697,1.67684,8.82113,5.15903,2.9296,4.47013,2,16.3279,13.559,18.8708,2.00048,11.9282,4.97192,5.36505,,,,,,,,,,,,,,,,,,
-211,0.075,1000080160,2.00001,11.5285,0.686849,0.483445,2.00004,17.745,3.3019,2.30292,2.00033,9.70225,4.41134,3.23109,2.0001,17.93,2.25407,1.5702,,,,,,,,,,,,,,,,,,
-211,0.125,1000080160,2,11.9491,1.35588,0.945141,2.00075,16.5633,3.48854,2.4458,2.00071,9.25541,4.72336,3.5663,2.00001,17.1586,2.55367,1.77874,,,,,,,,,,,,,,,,,,
-211,0.175,1000080160,2.00001,15.4758,1.87576,1.30716,2.0056,17.1068,3.86658,3.01745,2.00078,9.75179,5.09754,4.03532,2.00006,17.3862,3.02002,2.10493,,,,,,,,,,,,,,,,,,
-211,0.225,1000080160,3.11077,9.3617,1.8476,2.6649,3.09655,17.2015,3.91361,6.45352,2.00102,15.7099,5.47827,4.58452,2.00003,9.54119,3.65252,2.56411,,,,,,,,,,,,,,,,,,
-211,0.275,1000080160,4.36015,1.46207,1.29088,1.15764,4.34185,9.25903,3.67953,5.35867,2.00068,17.9955,5.69503,4.92914,2.03085,17.9792,4.1664,5.39496,,,,,,,,,,,,,,,,,,
-211,0.325,1000080160,4.6888,1.23125,1.18409,0.945079,5.02317,10.199,3.74545,5.22988,2.00037,17.9963,5.90394,5.28053,2.00003,9.23987,4.29017,3.09971,,,,,,,,,,,,,,,,,,
-211,0.375,1000080160,4.73266,1.31691,1.25238,1.01977,6.1364,5.01777,3.48885,4.18365,2.00108,17.0759,6.13919,5.72139,2.00054,12.7003,4.34615,3.1661,,,,,,,,,,,,,,,,,,
-211,0.425,1000080160,4.79179,1.4349,1.34292,1.12103,6.41767,5.03033,3.58972,4.33405,2.00034,15.884,6.33063,6.10486,2.00047,14.9556,4.43408,3.24501,,,,,,,,,,,,,,,,,,
-211,0.475,1000080160,4.87851,1.41225,1.33744,1.09659,6.52338,5.40275,3.79301,4.86453,2.00783,11.0533,6.74732,7.39091,2.00018,15.3633,4.62094,3.43579,,,,,,,,,,,,,,,,,,
-211,0.525,1000080160,4.88214,1.56102,1.43994,1.22661,7.03841,4.61743,3.59762,4.21186,2.0081,10.0093,7.03162,8.03951,2.00003,17.6138,4.6541,3.47588,,,,,,,,,,,,,,,,,,
-211,0.575,1000080160,4.91039,1.59498,1.46628,1.25465,7.74081,4.59751,3.78013,4.601,2.00005,17.9892,7.60156,9.06663,2.00029,16.4949,5.27054,4.25745,,,,,,,,,,,,,,,,,,
-211,0.625,1000080160,5.03484,1.58783,1.47934,1.24337,7.95617,4.17826,3.60183,4.08192,3.04264,10.7255,7.63146,21.7788,2.00005,13.5626,5.45517,4.51636,,,,,,,,,,,,,,,,,,
-211,0.675,1000080160,4.9768,1.71872,1.55532,1.35706,8.03333,4.10277,3.56551,3.99251,3.57355,15.2866,7.66367,21.7619,2.00041,13.4652,5.99558,5.42566,,,,,,,,,,,,,,,,,,
-211,0.725,1000080160,5.12052,1.71401,1.57545,1.34864,7.78272,5.05986,4.04736,5.36993,4.86339,14.744,7.19654,19.4842,2.0003,9.97372,6.7501,6.9273,,,,,,,,,,,,,,,,,,
-211,0.775,1000080160,5.11291,1.86792,1.67014,1.47782,8.07206,3.91174,3.44909,3.72089,3.57756,17.206,8.42287,24.7228,2.00087,17.9006,6.49087,6.39435,,,,,,,,,,,,,,,,,,
-211,0.825,1000080160,5.17914,2.01959,1.77201,1.60006,7.96306,4.17319,3.59571,4.07272,6.41101,12.6022,7.02016,19.2635,2.00175,9.00281,8.32425,10.9761,,,,,,,,,,,,,,,,,,
-211,0.875,1000080160,5.18991,2.01077,1.76873,1.59323,8.30476,4.1635,3.63744,4.1751,6.08278,15.4765,7.58259,21.7259,6.84575,10.5001,5.97151,20.4695,,,,,,,,,,,,,,,,,,
-211,0.925,1000080160,5.23938,2.0382,1.7944,1.61504,8.51161,4.25102,3.73415,4.38968,2.01521,10.2725,9.87554,23.8289,2.00205,11.6676,10.3423,24.723,,,,,,,,,,,,,,,,,,
-211,0.975,1000080160,5.34451,2.09623,1.84857,1.66201,8.98722,4.59001,3.94602,5.03554,2.25018,16.417,9.97909,21.8458,5.33298,14.6283,8.02091,22.9245,,,,,,,,,,,,,,,,,,
-211,1.025,1000080160,5.44644,2.10371,1.87264,1.66692,8.69886,4.24802,3.7368,4.40765,2.03431,17.3059,10.9883,23.1939,6.49406,14.0963,7.83058,22.4078,,,,,,,,,,,,,,,,,,
-211,1.075,1000080160,5.57063,2.13587,1.91438,1.6919,9.20832,4.41649,3.86067,4.73466,2.41206,16.376,12.4996,32.8353,4.49048,9.98456,8.54564,26.1693,,,,,,,,,,,,,,,,,,
-211,1.125,1000080160,5.70869,2.161,1.95433,1.71026,8.49778,5.47117,4.44776,6.64122,2.00005,15.9631,9.8314,24.7169,2.0207,16.7331,8.50761,12.496,,,,,,,,,,,,,,,,,,
-211,1.175,1000080160,5.5891,2.19443,1.95389,1.73896,8.6966,5.86662,4.69891,7.5815,2.0241,9.34421,10.3567,24.0796,2.0004,10.248,8.06601,10.1873,,,,,,,,,,,,,,,,,,
-211,1.225,1000080160,5.62891,2.3552,2.05457,1.86958,9.69141,6.01643,4.69392,7.55084,2.00556,16.3808,16.2034,33.5305,2.00113,10.1594,8.1261,10.4576,,,,,,,,,,,,,,,,,,
-211,1.275,1000080160,5.80193,2.33053,2.07433,1.84929,9.61807,5.83762,4.62185,7.24302,3.19464,10.6345,8.61402,28.5251,2.00002,14.0893,7.58169,9.0208,,,,,,,,,,,,,,,,,,
-211,1.325,1000080160,5.74438,2.50157,2.16177,1.98693,9.59004,5.62177,4.49674,6.82449,2.23526,14.229,7.19633,22.7507,2,11.2846,7.15132,7.97164,,,,,,,,,,,,,,,,,,
-211,1.375,1000080160,5.95127,2.41663,2.15379,1.91904,8.50266,5.07991,4.16122,5.80387,2.00031,10.6039,8.78652,12.8064,2.00037,9.28962,7.52775,8.83827,,,,,,,,,,,,,,,,,,
-211,1.425,1000080160,6.02466,2.43382,2.17773,1.93268,9.56029,4.54976,3.87685,4.84322,2.00021,16.3154,8.73211,12.6338,2.00008,14.9391,5.93863,5.34751,,,,,,,,,,,,,,,,,,
-211,1.475,1000080160,5.978,2.62404,2.27972,2.08818,9.93227,4.68087,3.88767,4.88729,2.00019,9.12535,8.05706,10.6239,2.00007,10.1515,7.33801,8.38452,,,,,,,,,,,,,,,,,,
-211,1.525,1000080160,6.02566,2.52738,2.23447,2.00936,10.6423,5.63476,4.14737,5.78312,2.00024,11.2837,7.12533,8.40537,2.00015,13.7016,8.06641,10.2323,,,,,,,,,,,,,,,,,,
-211,1.575,1000080160,6.11518,2.6816,2.34123,2.13676,9.40262,3.37105,3.12357,3.00535,2.00015,9.36873,9.39286,25.3675,2.00186,9.56593,6.58669,6.60673,,,,,,,,,,,,,,,,,,
-211,1.625,1000080160,6.15681,2.91144,2.47853,2.3244,9.79307,5.36329,4.29919,6.19386,2.0009,10.5404,9.45467,25.1835,2.00146,14.6755,6.52079,6.47707,,,,,,,,,,,,,,,,,,
-211,1.675,1000080160,6.41478,2.53081,2.30588,2.01026,10.2123,5.06606,3.98328,5.27057,2.00006,10.2799,9.48129,14.6641,2,12.0787,6.16225,5.75974,,,,,,,,,,,,,,,,,,
-211,1.725,1000080160,6.25826,2.67257,2.36437,2.13192,10.591,5.19249,3.93662,5.14847,2.00002,10.6137,8.37873,11.4488,2.00035,17.9815,6.01003,5.45494,,,,,,,,,,,,,,,,,,
-211,1.775,1000080160,6.40806,2.66763,2.39014,2.12765,10.419,3.74903,3.18198,3.29567,2.00004,15.1,6.7124,7.38846,2,9.00739,6.75959,6.9354,,,,,,,,,,,,,,,,,,
-211,1.825,1000080160,6.42738,2.7081,2.41903,2.16161,10.6591,3.37891,2.93806,2.83121,2.00003,12.1852,8.18152,10.812,2,17.9707,5.16749,4.11767,,,,,,,,,,,,,,,,,,
-211,1.875,1000080160,6.50384,2.71218,2.43582,2.16643,11.772,13.4178,4.88306,8.64016,2,9.00786,7.68733,9.51748,2.00012,16.0479,6.10226,5.63596,,,,,,,,,,,,,,,,,,
-211,1.925,1000080160,6.47322,2.70635,2.4255,2.1614,10.5678,5.25775,4.01203,5.30655,2.00005,11.0694,7.52614,9.42849,2.00001,15.4002,5.70922,4.87945,,,,,,,,,,,,,,,,,,
-211,1.975,1000080160,6.61514,2.67535,2.43207,2.13401,10.962,6.14593,4.24222,6.17416,2,17.6301,6.59843,6.89097,2.00001,17.8642,5.59487,4.77668,,,,,,,,,,,,,,,,,,
-211,2.025,1000080160,6.64603,2.56883,2.36727,2.04002,10.5061,3.44942,3.06308,2.95659,2.09953,9.88761,9.84219,22.8389,2.00013,17.1257,4.81493,3.65291,,,,,,,,,,,,,,,,,,
-211,0.075,1000180400,2,2.74232,0.993184,0.693542,2.00014,10.5908,4.62887,3.22446,2.93675,17.5121,3.82441,6.11835,2.00043,11.3428,2.38183,1.66614,,,,,,,,,,,,,,,,,,
-211,0.125,1000180400,2.00008,11.816,2.05125,1.43316,2.00041,9.28345,5.05495,3.52482,3.01108,17.3367,4.34872,6.98052,2.00018,13.1598,2.76943,1.93077,,,,,,,,,,,,,,,,,,
-211,0.175,1000180400,2,15.1849,2.95627,2.06234,2.4838,14.7786,5.56848,9.65861,2.01636,9.14879,5.63617,4.78257,2.40771,12.4691,3.25757,5.55603,,,,,,,,,,,,,,,,,,
-211,0.225,1000180400,2.00087,9.09649,3.7795,2.73331,4.83112,11.1724,5.25433,7.48534,2.00043,17.9752,6.32781,4.41996,3.7658,10.5158,3.3182,4.78935,,,,,,,,,,,,,,,,,,
-211,0.275,1000180400,5.63277,3.15264,2.4686,2.46945,5.86568,10.1197,5.1707,6.82627,2.00589,13.8779,6.73803,5.05019,4.60016,9.8969,3.41232,4.50128,,,,,,,,,,,,,,,,,,
-211,0.325,1000180400,6.08827,2.65467,2.32025,2.112,6.73798,11.2,5.39035,6.69837,2.00571,15.632,7.30487,5.43495,4.64919,9.50848,3.77969,5.0991,,,,,,,,,,,,,,,,,,
-211,0.375,1000180400,6.33611,2.7095,2.40318,2.15596,8.4054,6.4747,5.0039,5.31576,2.00278,15.9519,7.94428,5.61035,4.60173,9.4367,4.20572,5.84785,,,,,,,,,,,,,,,,,,
-211,0.425,1000180400,6.53107,2.89897,2.55173,2.31197,9.11117,6.40761,5.19093,5.33781,2.01456,14.76,8.25322,7.97303,4.39335,11.5662,4.68468,6.76929,,,,,,,,,,,,,,,,,,
-211,0.475,1000180400,6.79678,2.99909,2.6641,2.39384,9.63085,6.6354,5.47163,5.58553,2.00484,10.3729,9.15128,6.58949,4.75052,11.1414,5.1003,7.29575,,,,,,,,,,,,,,,,,,
-211,0.525,1000180400,6.92133,3.20606,2.81091,2.56455,10.3259,6.80971,5.7886,5.80513,2.37924,16.3614,9.79961,15.7062,5.15014,10.3873,5.42167,7.64254,,,,,,,,,,,,,,,,,,
-211,0.575,1000180400,6.97863,3.41361,2.94519,2.73206,10.9771,6.26401,5.59249,5.33103,3.67951,10.7764,10.3465,17.5553,6.07179,9.77998,5.70599,7.62583,,,,,,,,,,,,,,,,,,
-211,0.625,1000180400,7.15123,3.7253,3.15859,2.98548,11.9591,6.13592,5.74078,5.24415,5.18962,13.8249,10.1623,16.3509,7.27409,11.5743,5.64937,6.90855,,,,,,,,,,,,,,,,,,
-211,0.675,1000180400,7.34535,3.72175,3.2003,2.9887,12.2283,6.12486,5.79211,5.24156,7.08125,14.5228,10.0746,15.2853,8.34526,12.1099,5.7348,6.53675,,,,,,,,,,,,,,,,,,
-211,0.725,1000180400,7.73301,3.67569,3.2566,2.95674,12.4387,6.09817,5.81357,5.22602,7.98986,12.4577,10.2409,15.2539,9.29847,6.8407,5.49408,5.73815,,,,,,,,,,,,,,,,,,
-211,0.775,1000180400,7.85545,3.94715,3.44214,3.1847,12.3593,6.99857,6.48407,6.20416,8.54605,10.9522,10.1791,15.0163,9.8837,6.496,5.44871,5.47393,,,,,,,,,,,,,,,,,,
-211,0.825,1000180400,7.93419,4.15134,3.57665,3.35627,12.414,6.27029,5.93937,5.40685,10.9451,12.9386,9.58384,12.4426,10.6789,6.30957,5.55142,5.35222,,,,,,,,,,,,,,,,,,
-211,0.875,1000180400,8.19421,4.12004,3.61593,3.33524,12.6223,6.80031,6.39898,6.00215,11.1741,13.0937,9.70097,12.6276,11.6095,5.73897,5.37389,4.83887,,,,,,,,,,,,,,,,,,
-211,0.925,1000180400,8.24266,4.49948,3.84825,3.65165,13.1128,6.22451,6.06031,5.38898,12.2463,13.9407,9.95864,12.8568,11.5666,5.78584,5.39858,4.88443,,,,,,,,,,,,,,,,,,
-211,0.975,1000180400,8.56971,4.4489,3.89369,3.61895,13.6946,6.36548,6.30909,5.58417,12.0687,13.7456,10.0332,13.096,12.0951,5.60927,5.37231,4.7144,,,,,,,,,,,,,,,,,,
-211,1.025,1000180400,8.41743,4.79498,4.06415,3.90061,14.3854,6.30359,6.41509,5.5691,12.7434,13.9843,10.6063,14.3967,12.1488,5.90725,5.61115,5.01601,,,,,,,,,,,,,,,,,,
-211,1.075,1000180400,8.52614,5.2443,4.33909,4.28177,14.5868,6.55221,6.70481,5.91914,12.8469,13.4458,11.2846,16.3264,12.4271,6.30634,5.97303,5.44569,,,,,,,,,,,,,,,,,,
-211,1.125,1000180400,8.75009,4.81371,4.15013,3.93229,14.8627,13.3582,7.13989,6.48575,13.2645,13.8614,11.3493,16.4314,12.1505,6.74957,6.24374,5.89705,,,,,,,,,,,,,,,,,,
-211,1.175,1000180400,9.33821,4.87139,4.32255,3.99734,15.6156,13.5962,7.30874,6.57062,14.5043,15.2391,10.2388,12.9192,12.5485,6.75635,6.3528,5.93665,,,,,,,,,,,,,,,,,,
-211,1.225,1000180400,9.39871,5.19485,4.53646,4.2808,15.3296,6.13374,6.47905,5.45116,15.0572,15.4326,11.2437,15.7115,12.4897,7.02952,6.54739,6.24585,,,,,,,,,,,,,,,,,,
-211,1.275,1000180400,9.34707,5.4765,4.69234,4.52719,15.4037,6.34683,6.72874,5.7738,15.1136,15.4979,11.165,15.4193,12.6747,7.3341,6.85603,6.6371,,,,,,,,,,,,,,,,,,
-211,1.325,1000180400,9.65819,5.52254,4.79663,4.58247,15.9556,13.3191,6.90922,5.91832,13.637,13.2889,12.1537,18.9624,12.8822,7.17132,6.7805,6.4648,,,,,,,,,,,,,,,,,,
-211,1.375,1000180400,9.55597,5.51425,4.76057,4.57061,15.6737,6.27868,6.73716,5.73389,16.4069,16.1602,11.413,16.044,12.9985,13.4398,7.37195,7.35237,,,,,,,,,,,,,,,,,,
-211,1.425,1000180400,9.9608,5.36198,4.76899,4.44612,16.312,14.0146,7.61679,6.90745,14.7977,14.1602,12.504,19.97,13.3681,13.3673,7.25301,7.0654,,,,,,,,,,,,,,,,,,
-211,1.475,1000180400,10.2606,5.49139,4.91433,4.57562,16.7064,5.52267,6.14924,4.82581,15.7188,15.7186,11.5791,16.6612,13.6657,13.4161,7.31221,7.0455,,,,,,,,,,,,,,,,,,
-211,1.525,1000180400,10.2366,5.82235,5.12139,4.87639,16.2427,5.72133,6.25791,5.01862,17.0115,15.9886,12.2945,18.9359,12.4626,14.0778,8.54315,9.64673,,,,,,,,,,,,,,,,,,
-211,1.575,1000180400,10.4755,5.92726,5.25296,4.98007,17.112,13.6217,6.85635,5.66089,13.3069,11.6294,12.8031,21.281,13.193,13.8647,7.94973,8.24971,,,,,,,,,,,,,,,,,,
-211,1.625,1000180400,10.6099,6.2223,5.47906,5.26557,17.5787,13.8058,6.81201,5.52875,14.9989,9.1635,15.3097,55.6583,12.7913,13.8988,8.06285,8.62254,,,,,,,,,,,,,,,,,,
-211,1.675,1000180400,10.9843,6.74825,5.93332,5.80093,18.1116,13.9263,6.52486,5.11215,15.393,10.6566,14.7339,28.2994,13.3299,14.3018,8.63142,9.47396,,,,,,,,,,,,,,,,,,
-211,1.725,1000180400,10.7925,6.81947,5.91956,5.86054,17.9567,14.4276,7.18136,5.99581,18.1161,16.4273,11.9339,17.5266,12.1368,14.0663,9.03297,10.7616,,,,,,,,,,,,,,,,,,
-211,1.775,1000180400,11.2329,6.38595,5.73692,5.46391,18.9367,15.5997,6.97693,5.61738,14.7096,10.4285,15.771,55.8043,12.2307,14.0308,8.61769,9.86396,,,,,,,,,,,,,,,,,,
-211,1.825,1000180400,11.2258,6.34782,5.715,5.42301,18.128,14.2271,6.82358,5.48216,16.1514,9.32187,16.032,56.2157,11.3733,13.5114,9.35617,11.7542,,,,,,,,,,,,,,,,,,
-211,1.875,1000180400,11.2581,6.95062,6.14777,6.03295,17.8886,14.5071,7.32074,6.21003,11.124,13.465,18.9688,52.0303,12.2084,13.9327,9.91056,12.737,,,,,,,,,,,,,,,,,,
-211,1.925,1000180400,11.7096,6.43909,5.90253,5.54216,18.2185,14.5802,7.08597,5.8313,17.6832,12.8839,14.1514,25.9535,12.1456,14.0523,9.40002,11.5492,,,,,,,,,,,,,,,,,,
-211,1.975,1000180400,12.0779,6.86798,6.31397,6.01987,18.7366,15.122,6.91632,5.55038,13.3199,10.7624,17.7152,54.6444,10.6416,11.1597,10.5901,15.0602,,,,,,,,,,,,,,,,,,
-211,2.025,1000180400,12.1623,6.84033,6.31585,5.99604,17.5308,13.5418,6.54957,5.20092,16.8551,12.056,14.6374,27.8444,11.0949,11.5789,10.7968,15.473,,,,,,,,,,,,,,,,,,
-211,0.075,1000260560,2,2.79259,1.37177,0.958806,2,12.7864,5.27419,3.67249,3.55409,12.5787,3.54797,5.30264,2.00001,13.2439,2.4168,1.68391,,,,,,,,,,,,,,,,,,
-211,0.125,1000260560,2,12.2756,2.664,1.86189,2.00416,17.8251,5.69347,4.09377,3.86734,12.302,4.01575,5.94566,2.00002,16.8941,2.73912,1.90737,,,,,,,,,,,,,,,,,,
-211,0.175,1000260560,2,16.1794,3.74647,2.61244,2.21454,17.8137,6.31547,11.5561,4.53409,10.1643,4.39422,6.22516,2.24512,9.19996,3.31153,5.19408,,,,,,,,,,,,,,,,,,
-211,0.225,1000260560,2.00988,14.4525,4.69038,3.72933,5.27128,10.4789,5.6358,7.95332,5.00456,9.23416,4.71523,6.49966,3.87818,10.0953,3.34254,4.78974,,,,,,,,,,,,,,,,,,
-211,0.275,1000260560,6.63498,3.96031,3.14386,3.14139,6.23437,9.63935,6.01884,8.08474,5.25594,9.42668,5.17233,7.15411,4.90102,10.3448,3.37418,4.27626,,,,,,,,,,,,,,,,,,
-211,0.325,1000260560,7.36013,3.46633,3.05579,2.78006,7.77077,11.8854,5.68152,6.7292,5.33314,10.435,5.71335,8.04838,4.74898,9.3881,3.99837,5.42809,,,,,,,,,,,,,,,,,,
-211,0.375,1000260560,7.61404,3.62613,3.20275,2.91427,9.40325,7.26341,5.7894,6.19235,4.92468,14.6181,6.62398,9.87558,5.06664,9.65127,4.31359,5.78796,,,,,,,,,,,,,,,,,,
-211,0.425,1000260560,8.03253,3.75916,3.3648,3.02924,10.2028,7.35231,6.10596,6.35897,5.13756,15.2039,7.29021,10.8848,5.05635,9.01282,4.67123,6.41584,,,,,,,,,,,,,,,,,,
-211,0.475,1000260560,8.25112,3.72615,3.38548,2.99909,10.8645,7.11267,6.13704,6.17137,4.76343,15.8016,8.31882,13.2791,5.28804,9.16118,4.92796,6.71813,,,,,,,,,,,,,,,,,,
-211,0.525,1000260560,8.41695,4.17365,3.69801,3.38154,11.5729,7.10645,6.34081,6.24044,5.98901,14.7115,8.48558,12.589,5.50524,9.42594,5.5365,7.64375,,,,,,,,,,,,,,,,,,
-211,0.575,1000260560,8.72053,4.32636,3.8524,3.51645,13.0391,6.80386,6.50979,6.04609,7.12942,11.9383,8.91711,12.784,6.58127,10.4524,5.98177,7.8188,,,,,,,,,,,,,,,,,,
-211,0.625,1000260560,8.7105,4.46124,3.93352,3.63088,13.696,6.71857,6.61563,6.0139,7.90075,11.116,9.56374,13.7383,7.49362,11.6364,5.98854,7.37021,,,,,,,,,,,,,,,,,,
-211,0.675,1000260560,9.32813,4.86511,4.3168,3.99002,13.8536,6.7661,6.70125,6.09359,9.25816,9.99523,9.72223,13.4748,8.81718,12.3199,6.05106,6.818,,,,,,,,,,,,,,,,,,
-211,0.725,1000260560,9.52275,4.95967,4.41281,4.08169,13.9831,7.11231,7.06174,6.58415,9.9971,10.375,10.325,14.6466,9.99851,7.08475,5.86113,6.0715,,,,,,,,,,,,,,,,,,
-211,0.775,1000260560,9.6406,4.73237,4.29643,3.87788,14.4524,6.6876,6.7952,6.07912,11.3745,12.842,10.2014,13.7768,10.9982,6.67089,5.88095,5.72582,,,,,,,,,,,,,,,,,,
-211,0.825,1000260560,9.97756,5.12008,4.61709,4.22771,14.6393,6.88701,7.04447,6.40688,12.1863,13.5065,10.4901,14.3039,11.9529,6.11101,5.71587,5.22432,,,,,,,,,,,,,,,,,,
-211,0.875,1000260560,10.1613,5.06781,4.6195,4.18329,15.3231,13.4597,7.19956,6.46839,12.6458,13.7383,10.7564,14.8813,12.5485,5.94158,5.71656,5.06315,,,,,,,,,,,,,,,,,,
-211,0.925,1000260560,10.879,4.82745,4.58175,3.95702,15.5965,13.8293,7.57791,7.00727,13.2523,13.9226,11.2343,16.1552,13.0635,6.028,5.88961,5.17025,,,,,,,,,,,,,,,,,,
-211,0.975,1000260560,10.4731,5.71953,5.11483,4.78814,16.2172,13.8592,7.46241,6.69498,14.0676,13.7411,12.1477,19.0023,13.5734,5.57865,5.60308,4.68398,,,,,,,,,,,,,,,,,,
-211,1.025,1000260560,10.7408,5.82294,5.24717,4.89501,16.2608,14.0382,7.65387,6.99432,15.4166,15.5907,11.3722,16.1499,13.7316,6.1766,6.15406,5.36375,,,,,,,,,,,,,,,,,,
-211,1.075,1000260560,10.8602,6.25931,5.56717,5.31348,16.7903,14.49,7.95422,7.41677,14.8839,12.9012,13.255,22.9412,14.1039,6.14389,6.20593,5.3451,,,,,,,,,,,,,,,,,,
-211,1.125,1000260560,11.4766,6.0926,5.5943,5.1838,17.0935,14.3517,7.65921,6.87235,16.4178,14.5384,13.1145,22.33,14.433,6.54324,6.65487,5.88016,,,,,,,,,,,,,,,,,,
-211,1.175,1000260560,11.8296,6.39119,5.89764,5.50134,18.2207,15.8836,8.37808,7.96217,13.7639,12.0294,16.1999,55.6436,14.4752,6.63764,6.75507,6.0169,,,,,,,,,,,,,,,,,,
-211,1.225,1000260560,12.1419,6.08255,5.73829,5.19875,18.5969,15.9985,7.95463,7.18487,17.0341,12.4277,14.3423,27.0296,15.0269,6.54613,6.82642,5.98769,,,,,,,,,,,,,,,,,,
-211,1.275,1000260560,12.2077,6.69271,6.20972,5.84804,18.5412,15.8541,7.90319,7.09432,17.4718,11.8095,14.5079,27.8287,15.1926,6.6503,6.99164,6.18249,,,,,,,,,,,,,,,,,,
-211,1.325,1000260560,12.3309,6.89489,6.39287,6.07944,18.6768,16.383,8.22967,7.66149,15.9176,10.491,20.7634,92.8278,15.5359,13.7135,7.46086,6.82681,,,,,,,,,,,,,,,,,,
-211,1.375,1000260560,12.3621,6.91913,6.42989,6.10255,19.9749,17.7076,8.4598,8.01238,19.9985,11.8786,22.0788,65.3349,15.6115,13.9482,7.72241,7.21324,,,,,,,,,,,,,,,,,,
-211,1.425,1000260560,13.0147,6.67846,6.41016,5.88998,19.8691,9.2271,8.15953,7.45864,19.5298,9.6989,19.8965,52.0309,16.2671,13.9224,7.52652,6.78016,,,,,,,,,,,,,,,,,,
-211,1.475,1000260560,13.2437,7.00337,6.74142,6.3116,19.9999,16.9026,9.12832,9.40564,19.9999,17.2452,21.2218,61.8257,16.5492,14.4677,8.04363,7.59527,,,,,,,,,,,,,,,,,,
-211,1.525,1000260560,13.8389,7.04543,6.94969,6.46213,20,17.8316,8.95143,9.02224,19.9967,17.4466,22.7844,70.1454,16.6027,14.8029,8.40238,8.22157,,,,,,,,,,,,,,,,,,
-211,1.575,1000260560,13.5387,7.18124,6.9877,6.58134,20,15.923,8.38104,7.84498,19.9999,11.1882,22.924,71.3863,17.7411,14.7812,7.71762,6.85648,,,,,,,,,,,,,,,,,,
-211,1.625,1000260560,13.8437,13.3507,7.21727,6.85102,19.9998,17.7967,8.01167,7.19914,19.9979,13.7101,36.2945,59.652,16.9038,15.0081,8.48473,8.37254,,,,,,,,,,,,,,,,,,
-211,1.675,1000260560,14.0689,13.4278,7.30205,6.91224,19.9999,16.7091,8.04705,7.30088,20,9.24828,36.7078,67.6178,17.0946,15.955,9.53076,10.6305,,,,,,,,,,,,,,,,,,
-211,1.725,1000260560,14.3936,13.4374,7.28431,6.80966,20,16.1403,8.76391,8.65669,20,17.4194,110.894,97.2431,17.2461,15.892,9.32716,10.0897,,,,,,,,,,,,,,,,,,
-211,1.775,1000260560,14.3178,13.4144,7.26294,6.7944,20,15.8127,8.67056,8.49016,19.9706,14.3598,70.5875,61.3522,18.2332,16.8222,9.57809,10.5819,,,,,,,,,,,,,,,,,,
-211,1.825,1000260560,14.8562,14.1639,8.116,8.07776,20,15.7794,8.4422,8.03971,20,17.9176,109.075,59.1128,17.9539,16.419,9.34961,10.055,,,,,,,,,,,,,,,,,,
-211,1.875,1000260560,14.8442,14.3722,8.37119,8.5933,20,15.5039,9.13186,9.43323,19.9372,17.0203,112.701,85.4034,16.5492,16.2345,10.6739,13.7562,,,,,,,,,,,,,,,,,,
-211,1.925,1000260560,15.6594,14.457,8.30214,8.26024,20,16.9652,8.85584,8.94479,19.9997,17.4855,110.962,70.3685,17.8352,16.7241,10.0006,11.7548,,,,,,,,,,,,,,,,,,
-211,1.975,1000260560,14.9521,14.3973,8.37896,8.58585,20,16.3374,9.48966,10.2352,20,12.7422,116.197,59.6335,18.9163,17.4418,9.83964,11.1499,,,,,,,,,,,,,,,,,,
-211,2.025,1000260560,15.8089,14.6957,8.54265,8.70091,20,16.5067,9.35335,10.1512,20,13.461,113.905,58.8865,16.8853,16.4098,11.3763,15.8633,,,,,,,,,,,,,,,,,,
111,0.075,1000060120,2.00007,12.5223,0.624041,0.450047,2.00022,16.865,2.98645,2.14259,4.29076,9.69985,3.54676,6.55533,2,16.4042,2.29068,1.60186,,,,,,,,,,,,,,,,,,
111,0.125,1000060120,2,12.1445,1.24872,0.870625,2.00001,14.3684,3.08851,2.23578,4.46668,10.2557,3.87873,14.0497,2,16.117,2.51259,1.76114,,,,,,,,,,,,,,,,,,
111,0.175,1000060120,2.00003,16.3331,1.70677,1.18837,2.00239,11.7729,3.52173,2.78978,4.95712,9.44173,3.91666,14.2787,2,16.9712,2.89696,2.06917,,,,,,,,,,,,,,,,,,
111,0.225,1000060120,3.09968,3.40107,1.57842,2.2036,3.63145,11.0809,3.10525,5.1768,4.80816,10.9431,4.46348,14.1451,2.00011,17.1763,3.43517,2.60865,,,,,,,,,,,,,,,,,,
111,0.275,1000060120,4.20017,1.1876,1.09619,0.933843,4.6528,5.17923,2.94375,4.33429,4.80363,11.7824,4.61586,13.8888,2.00013,15.1909,3.74368,3.00705,,,,,,,,,,,,,,,,,,
111,0.325,1000060120,4.43428,1.02567,1.00136,0.771278,5.38157,4.29657,2.88255,3.95418,4.43691,15.8334,5.0083,13.5743,2,17.1615,3.80705,3.10668,,,,,,,,,,,,,,,,,,
111,0.375,1000060120,4.43879,1.04445,1.0173,0.790827,5.96068,3.65748,2.80314,3.61357,4.59929,15.4968,5.20428,14.2989,2,17.4236,3.60118,2.83066,,,,,,,,,,,,,,,,,,
111,0.425,1000060120,4.47681,1.13862,1.0943,0.874495,5.85045,4.58757,3.18561,4.88311,4.53941,16.4863,5.41883,15.627,2.00007,17.999,3.74352,3.01634,,,,,,,,,,,,,,,,,,
111,0.475,1000060120,4.56691,1.13927,1.10246,0.869162,5.95069,4.75945,3.30292,5.28878,4.63031,15.2034,5.09387,14.1193,2.00009,17.8982,3.63788,2.88871,,,,,,,,,,,,,,,,,,
111,0.525,1000060120,4.61112,1.13744,1.10419,0.861712,6.43497,4.95909,3.56289,6.30763,5.59387,10.7401,5.40552,16.2898,2.00021,17.9405,3.72486,3.01391,,,,,,,,,,,,,,,,,,
111,0.575,1000060120,4.60819,1.17637,1.13482,0.900303,6.72463,4.44007,3.36094,5.50968,5.92851,9.14711,5.27424,15.6405,2.00001,17.785,4.07076,3.55281,,,,,,,,,,,,,,,,,,
111,0.625,1000060120,4.69732,1.25957,1.20635,0.970216,7.03227,3.78717,3.04632,4.36969,6.57003,11.1328,4.90267,13.7599,2,17.9864,4.16656,3.70684,,,,,,,,,,,,,,,,,,
111,0.675,1000060120,4.62683,1.35029,1.26357,1.05498,7.00742,5.01361,3.6539,6.72028,5.69916,12.594,5.93154,20.4731,2.001,15.1139,4.79032,4.92289,,,,,,,,,,,,,,,,,,
111,0.725,1000060120,4.73829,1.34889,1.2761,1.04791,6.74116,5.18876,3.73303,7.02415,5.10966,15.6365,6.76788,24.2286,2,17.9979,4.76975,4.91805,,,,,,,,,,,,,,,,,,
111,0.775,1000060120,4.82107,1.34398,1.28153,1.03875,7.43647,4.29224,3.25371,5.10305,6.28568,9.88953,5.44318,17.1422,2.00012,15.3349,5.75962,7.38971,,,,,,,,,,,,,,,,,,
111,0.825,1000060120,4.82251,1.39473,1.3185,1.08415,7.14709,3.74609,3.00439,4.25752,2.10769,17.632,10.7526,18.6595,2.00002,15.1052,5.84666,7.71981,,,,,,,,,,,,,,,,,,
111,0.875,1000060120,4.78839,1.47809,1.3717,1.15885,6.80615,3.75133,3.00906,4.26916,3.53249,9.66247,26.568,23.9584,2.00139,9.01691,5.75783,7.52043,,,,,,,,,,,,,,,,,,
111,0.925,1000060120,4.88333,1.53844,1.42522,1.20741,6.78564,3.67054,2.94829,4.10051,6.86006,11.2092,5.09481,15.2417,2.00072,12.0244,6.53521,9.81518,,,,,,,,,,,,,,,,,,
111,0.975,1000060120,4.97181,1.53664,1.43607,1.2019,7.20106,3.55861,2.91629,3.93873,2.04683,16.1614,12.4881,17.6639,2.00027,17.6127,7.68607,17.8141,,,,,,,,,,,,,,,,,,
111,1.025,1000060120,4.97048,1.4951,1.40711,1.16516,7.60891,3.74909,2.93728,4.03399,5.22242,12.6111,7.46513,19.9853,2.00088,10.0769,6.03589,8.35932,,,,,,,,,,,,,,,,,,
111,1.075,1000060120,5.03609,1.59062,1.48138,1.24606,7.39625,5.38932,3.78231,7.21231,7.35138,6.87148,4.28004,14.3896,2.00065,10.8915,7.85442,18.4026,,,,,,,,,,,,,,,,,,
111,1.125,1000060120,5.13124,1.58036,1.4866,1.23255,7.08294,4.6224,3.4773,5.93537,5.04822,16.2674,5.95195,20.502,2.00021,11.547,6.57257,9.98584,,,,,,,,,,,,,,,,,,
111,1.175,1000060120,5.1041,1.72408,1.57935,1.35876,6.96767,3.5783,2.92014,3.97948,5.23965,15.8882,6.00553,21.5564,2.00032,13.3493,6.16429,8.83287,,,,,,,,,,,,,,,,,,
111,1.225,1000060120,5.26738,1.5639,1.49023,1.21077,7.39522,3.69884,2.96562,4.09919,2.00747,17.1291,9.17446,14.7476,2,9.18864,6.80169,18.0124,,,,,,,,,,,,,,,,,,
111,1.275,1000060120,5.26387,1.76851,1.63232,1.39264,7.24718,4.46432,3.37511,5.56748,4.93972,13.664,6.95666,24.1864,2.00007,17.6878,5.87094,7.61885,,,,,,,,,,,,,,,,,,
111,1.325,1000060120,5.29628,1.66249,1.5646,1.29761,8.76917,12.2207,3.88186,14.3712,4.275,16.6387,4.7959,13.6621,2,9.16119,7.46968,18.4039,,,,,,,,,,,,,,,,,,
111,1.375,1000060120,5.42234,1.61914,1.54715,1.25255,8.0189,4.29067,3.02442,4.43574,4.38177,13.4804,7.94302,16.2013,2.00009,13.0524,4.89296,5.20376,,,,,,,,,,,,,,,,,,
111,1.425,1000060120,5.42557,1.65481,1.57346,1.28526,7.57144,11.723,4.51715,14.554,6.06605,5.43755,3.39053,6.2927,2.00028,12.56,6.22091,8.71401,,,,,,,,,,,,,,,,,,
111,1.475,1000060120,5.34011,1.82696,1.68197,1.44223,8.1557,5.25693,3.40013,5.73813,4.57518,12.839,4.39548,13.7272,2,17.979,4.82224,4.98219,,,,,,,,,,,,,,,,,,
111,1.525,1000060120,5.39725,1.84225,1.70102,1.45387,7.82974,4.00351,2.94595,4.17984,2.00123,16.4422,5.29117,6.33529,2.00019,9.83494,6.41934,9.18541,,,,,,,,,,,,,,,,,,
111,1.575,1000060120,5.61824,1.78719,1.69148,1.39785,8.66492,3.39161,2.38619,2.81259,2.0443,9.02885,21.9128,18.471,2.00006,17.8364,5.77839,7.43223,,,,,,,,,,,,,,,,,,
111,1.625,1000060120,5.55273,1.89526,1.75829,1.49955,8.10917,3.75678,2.73076,3.58288,2.20176,11.7582,26.8217,26.6967,2.00013,15.7403,4.21657,3.77366,,,,,,,,,,,,,,,,,,
111,1.675,1000060120,5.62501,1.66828,1.60386,1.28706,10.8239,12.6734,6.61745,22.8893,2.00068,13.3918,4.99427,6.18402,2,17.7402,5.31867,6.31152,,,,,,,,,,,,,,,,,,
111,1.725,1000060120,5.61474,1.70636,1.63171,1.32284,9.97447,12.404,4.47889,13.8823,2.02376,17.9855,7.59073,16.362,2.00099,17.9686,5.8318,7.46124,,,,,,,,,,,,,,,,,,
111,1.775,1000060120,5.69951,1.9087,1.78715,1.5106,7.91246,2.49854,2.12161,2.1028,2.00012,9.07683,4.86019,6.07357,2.00012,17.5621,4.07022,3.46912,,,,,,,,,,,,,,,,,,
111,1.825,1000060120,5.56929,1.81841,1.70774,1.42848,8.2961,2.82572,2.27542,2.40045,2.00068,9.64945,5.12996,5.91063,2,17.8178,4.69924,4.63024,,,,,,,,,,,,,,,,,,
111,1.875,1000060120,5.75125,1.887,1.7784,1.48883,7.79624,1.9723,1.82686,1.5453,2.00199,12.0481,4.62571,4.93548,2,17.3985,4.05049,3.46248,,,,,,,,,,,,,,,,,,
111,1.925,1000060120,5.77381,1.87562,1.77308,1.47742,8.84207,4.19906,2.5621,3.44916,3.57037,16.6346,3.90538,13.427,2.40777,11.4638,3.81196,12.5887,,,,,,,,,,,,,,,,,,
111,1.975,1000060120,5.8975,1.88317,1.79198,1.48241,10.5038,13.2465,3.56263,6.88474,4.57019,16.2268,5.21368,15.1628,2.00003,16.3151,3.62882,2.8951,,,,,,,,,,,,,,,,,,
111,2.025,1000060120,5.8186,1.92479,1.81286,1.52425,10.0014,12.842,4.17124,13.9792,2.00056,17.6134,4.12375,4.11777,2.00011,15.6222,4.78686,4.89609,,,,,,,,,,,,,,,,,,
111,0.075,1000080160,2,12.0292,0.657866,0.466599,2.00025,17.1676,3.37899,2.36106,2.00291,16.2264,4.4683,3.37782,2.00019,17.6718,2.10061,1.46783,,,,,,,,,,,,,,,,,,
111,0.125,1000080160,2,11.8459,1.31826,0.919547,2.00021,17.0552,3.52703,2.46776,2.00002,16.2401,4.86716,3.72413,2.00003,16.9834,2.32073,1.62047,,,,,,,,,,,,,,,,,,
111,0.175,1000080160,2.00001,15.9836,1.85848,1.2942,2.00348,14.9263,4.01187,3.05261,2.01693,17.9558,5.39663,5.81001,2.00004,17.9996,2.79927,1.95079,,,,,,,,,,,,,,,,,,
111,0.225,1000080160,2.88992,10.7299,1.9298,2.8948,3.73853,12.1931,3.67917,5.69257,2.52019,16.1789,5.53786,18.3022,2.00086,12.5839,3.32024,2.32848,,,,,,,,,,,,,,,,,,
111,0.275,1000080160,4.34443,1.53124,1.32651,1.21264,4.98263,10.2646,3.61101,4.92207,2.02169,14.243,5.84789,7.60598,2.00126,10.1619,3.77083,2.67646,,,,,,,,,,,,,,,,,,
111,0.325,1000080160,4.57223,1.30896,1.2281,1.02151,5.7984,5.36074,3.51306,4.37137,2.14142,10.1991,5.88085,10.0395,2.00047,16.0732,3.76533,2.65451,,,,,,,,,,,,,,,,,,
111,0.375,1000080160,4.6953,1.36059,1.27928,1.06056,6.55063,4.45795,3.36502,3.7979,2.00002,10.3548,6.27652,5.95741,2.0002,16.2296,3.97675,2.82182,,,,,,,,,,,,,,,,,,
111,0.425,1000080160,4.77848,1.32356,1.26207,1.02292,7.07115,4.45874,3.5173,4.02998,2.02144,9.61259,6.63421,9.60751,2.00025,17.4555,4.13168,2.96001,,,,,,,,,,,,,,,,,,
111,0.475,1000080160,4.79348,1.45731,1.35839,1.14063,7.18915,3.99652,3.3122,3.53013,2.00229,12.326,6.80252,7.60195,2.00006,17.9066,4.26069,3.08348,,,,,,,,,,,,,,,,,,
111,0.525,1000080160,4.8823,1.49003,1.39251,1.16495,7.26085,4.76041,3.7284,4.52587,2.00075,11.091,7.40439,8.56275,2.00005,17.9935,4.49301,3.31141,,,,,,,,,,,,,,,,,,
111,0.575,1000080160,4.95986,1.51332,1.41846,1.18178,8.02579,4.01776,3.51687,3.8696,2.9061,11.5893,7.4253,19.6944,2.00001,17.2185,4.77855,3.6218,,,,,,,,,,,,,,,,,,
111,0.625,1000080160,4.97544,1.62113,1.49305,1.27461,7.78848,4.61099,3.80453,4.6517,4.50371,14.315,6.86811,18.4859,2.00001,15.6739,5.35617,4.37103,,,,,,,,,,,,,,,,,,
111,0.675,1000080160,5.10032,1.68266,1.55183,1.32267,8.02518,5.14412,4.14854,5.68335,5.49509,14.6567,6.45083,19.54,2.00002,15.8696,5.42414,4.47833,,,,,,,,,,,,,,,,,,
111,0.725,1000080160,5.13345,1.76503,1.6101,1.39168,8.35552,4.00723,3.55939,3.95399,6.52758,9.12877,6.14602,20.2507,2.00001,13.4044,6.01268,5.46556,,,,,,,,,,,,,,,,,,
111,0.775,1000080160,5.2467,1.78635,1.64145,1.4062,8.25593,3.86537,3.45179,3.70682,5.81813,15.5704,7.22788,19.7726,2.79575,13.1077,5.83842,18.544,,,,,,,,,,,,,,,,,,
111,0.825,1000080160,5.21747,1.83888,1.67039,1.45153,8.06293,4.76702,3.9479,5.06399,2.00164,9.01609,10.3062,24.5963,3.36425,16.5886,7.48591,20.3551,,,,,,,,,,,,,,,,,,
111,0.875,1000080160,5.28098,1.83984,1.68136,1.45047,8.36347,4.1448,3.645,4.16895,5.52784,10.5641,9.68214,33.4534,3.87841,9.01736,7.01795,18.4789,,,,,,,,,,,,,,,,,,
111,0.925,1000080160,5.33662,2.04811,1.81902,1.62235,8.3168,4.1766,3.6622,4.21213,5.76403,16.001,7.74184,23.0165,2.06009,9.13584,9.11843,23.2221,,,,,,,,,,,,,,,,,,
111,0.975,1000080160,5.27737,2.07143,1.82124,1.64154,8.60476,5.19821,4.30058,6.14544,2.02743,10.1052,11.1395,23.353,5.99888,10.1675,5.06113,9.27479,,,,,,,,,,,,,,,,,,
111,1.025,1000080160,5.49402,2.0697,1.86037,1.63863,8.99138,4.94405,4.17859,5.72601,2.00097,14.5016,15.3492,28.477,2.00216,14.7769,8.55302,11.6237,,,,,,,,,,,,,,,,,,
111,1.075,1000080160,5.63337,1.98923,1.83221,1.56701,8.5688,4.63057,3.96306,5.06488,2.10211,17.0005,9.76703,26.6074,2.05192,14.3911,6.94273,9.74023,,,,,,,,,,,,,,,,,,
111,1.125,1000080160,5.73846,2.14599,1.94965,1.69707,8.33593,4.94588,4.09795,5.52093,6.50531,15.4646,8.95065,31.184,2.0048,9.5408,7.53432,8.93524,,,,,,,,,,,,,,,,,,
111,1.175,1000080160,5.80334,2.27987,2.04471,1.80676,8.66455,4.33234,3.79219,4.56153,2.00098,9.21486,10.1635,24.6082,2.00002,10.7709,6.55459,6.53697,,,,,,,,,,,,,,,,,,
111,1.225,1000080160,5.83595,2.32688,2.07927,1.84512,9.37739,4.63116,3.95397,5.05282,2.00612,9.85097,9.85963,24.1037,2.00048,11.7945,6.43666,6.21608,,,,,,,,,,,,,,,,,,
111,1.275,1000080160,5.86904,2.38728,2.12085,1.89539,8.46588,3.98587,3.55268,3.94188,2.00234,9.47574,10.7917,24.9108,2.10109,10.4132,6.00672,9.35855,,,,,,,,,,,,,,,,,,
111,1.325,1000080160,6.0461,2.31851,2.10967,1.83578,9.24509,5.34174,4.40217,6.4713,2.01942,15.2574,12.9091,20.2735,2.00004,10.7532,7.34612,8.36047,,,,,,,,,,,,,,,,,,
111,1.375,1000080160,6.12298,2.40107,2.17486,1.90396,9.54328,6.42577,4.92739,8.50639,2.0084,11.8513,9.80026,24.4397,2.00141,14.1732,6.61298,6.70155,,,,,,,,,,,,,,,,,,
111,1.425,1000080160,6.13171,2.43305,2.19591,1.93148,8.727,5.38291,4.4033,6.54426,5.64287,12.8998,5.98677,19.5599,2.00005,10.8402,5.77512,5.04581,,,,,,,,,,,,,,,,,,
111,1.475,1000080160,6.24409,2.51188,2.26476,1.99602,9.74013,5.21868,4.23148,5.94063,2.01048,9.41859,9.22729,23.7217,2.00044,9.26671,7.41619,8.57156,,,,,,,,,,,,,,,,,,
111,1.525,1000080160,6.30127,2.48099,2.2561,1.96836,9.65862,4.87184,4.03794,5.34545,2.00124,9.87435,10.2874,26.2432,2.0045,9.00058,6.2078,6.17318,,,,,,,,,,,,,,,,,,
111,1.575,1000080160,6.38402,2.22307,2.09453,1.74124,10.7291,6.69387,4.62434,7.41736,2.00001,10.8532,7.59049,9.61272,2.00005,17.2074,5.00235,3.96307,,,,,,,,,,,,,,,,,,
111,1.625,1000080160,6.40447,2.62773,2.3651,2.09345,10.8185,4.5161,3.55222,4.08953,2,17.8557,10.4348,25.1819,2.00001,13.8359,7.14291,7.93351,,,,,,,,,,,,,,,,,,
111,1.675,1000080160,6.4992,2.78903,2.48018,2.23321,10.6793,4.63318,3.59799,4.2963,2.00015,13.3464,7.11024,8.03788,2.00003,16.2158,6.60171,6.60153,,,,,,,,,,,,,,,,,,
111,1.725,1000080160,6.58714,2.5201,2.32591,1.9978,10.7952,4.9737,3.79206,4.71172,3.136,10.9484,14.7905,26.7223,2.00003,17.3691,6.77397,7.01368,,,,,,,,,,,,,,,,,,
111,1.775,1000080160,6.70358,2.34357,2.21934,1.83542,9.5559,3.06842,2.86785,2.56865,2.00008,9.6574,11.0639,26.4166,2.00013,17.9921,6.48604,6.41735,,,,,,,,,,,,,,,,,,
111,1.825,1000080160,6.69904,2.45671,2.2989,1.9361,10.4346,4.45728,3.59421,4.21754,2,16.8228,6.69965,7.24917,2.00004,17.9728,5.53229,4.64329,,,,,,,,,,,,,,,,,,
111,1.875,1000080160,6.84067,2.37084,2.25532,1.85468,10.2783,3.72474,3.27222,3.34876,2.00001,17.878,5.6888,5.12921,2.0001,17.9165,5.91338,5.22234,,,,,,,,,,,,,,,,,,
111,1.925,1000080160,7.11372,2.38185,2.29199,1.8529,10.1896,4.49985,3.72417,4.43496,2.00006,18,9.07425,24.2317,2,17.9999,6.17506,5.83547,,,,,,,,,,,,,,,,,,
111,1.975,1000080160,6.95402,2.47443,2.3439,1.94636,10.0254,4.50946,3.76602,4.55978,2.00002,12.8018,6.57009,6.95124,2.00008,16.5177,5.05644,3.98835,,,,,,,,,,,,,,,,,,
111,2.025,1000080160,6.98313,2.46506,2.34053,1.93643,10.5911,3.56774,3.04636,3.04619,2.44711,16.8984,7.59354,18.8753,2,17.8411,5.59351,4.78724,,,,,,,,,,,,,,,,,,
111,0.075,1000180400,2,2.79987,0.95389,0.665897,2.00001,11.5129,4.93052,3.43971,3.07321,17.3458,4.00574,6.41092,2.00009,17.4091,2.19673,1.5296,,,,,,,,,,,,,,,,,,
111,0.125,1000180400,2,11.724,2.05778,1.43785,2.00146,9.44123,5.31011,3.71165,2.98335,15.945,4.76706,7.78568,2.00004,17.3144,2.42535,1.68908,,,,,,,,,,,,,,,,,,
111,0.175,1000180400,2.00011,14.9177,2.86693,2.00223,2.98862,13.5232,5.3475,8.73939,2.14452,15.7392,6.07503,9.5312,2,17.5778,3.01033,2.09644,,,,,,,,,,,,,,,,,,
111,0.225,1000180400,2.00017,10.7086,3.66165,2.55604,4.8461,11.1217,5.22084,7.48496,2.01105,9.52189,6.7233,5.69373,2.00288,17.9557,3.69796,2.71308,,,,,,,,,,,,,,,,,,
111,0.275,1000180400,5.48934,3.23672,2.46755,2.51589,6.23074,10.7428,5.16019,6.6127,2.00202,12.2929,7.17898,5.08453,2.69365,16.3827,3.91804,6.2982,,,,,,,,,,,,,,,,,,
111,0.325,1000180400,6.03368,2.7207,2.34637,2.16396,7.48537,11.7042,5.07743,5.86542,2.00463,10.6946,7.67419,5.57995,2.20566,15.3379,4.47636,6.70473,,,,,,,,,,,,,,,,,,
111,0.375,1000180400,6.30878,2.74222,2.41574,2.1836,8.89376,6.55112,5.19235,5.43469,2.00175,17.6188,8.14909,5.7237,2.16379,17.4428,4.8555,7.12583,,,,,,,,,,,,,,,,,,
111,0.425,1000180400,6.52729,3.01435,2.61942,2.40393,9.73502,6.26016,5.26601,5.25035,2.00147,10.9413,8.72064,6.14631,2.17026,9.07421,5.23161,8.68829,,,,,,,,,,,,,,,,,,
111,0.475,1000180400,6.66615,3.03658,2.65976,2.42487,10.4786,6.17748,5.41112,5.22152,2.0021,15.405,9.43086,6.70242,2.44166,11.6925,5.50927,8.80509,,,,,,,,,,,,,,,,,,
111,0.525,1000180400,6.83066,3.42655,2.91551,2.74115,11.4595,5.70366,5.31938,4.79924,2.01279,9.25424,10.4249,8.2836,3.43494,16.469,5.82469,9.26379,,,,,,,,,,,,,,,,,,
111,0.575,1000180400,7.03349,3.47325,2.98814,2.78301,12.1818,5.81281,5.54213,4.92179,3.5876,15.1653,10.7653,18.8909,4.3104,16.1576,6.15058,9.44151,,,,,,,,,,,,,,,,,,
111,0.625,1000180400,7.2218,3.59651,3.10294,2.8844,11.9994,6.37412,5.92005,5.49303,5.1741,12.4885,10.5308,17.2075,5.25578,12.0358,6.21404,8.93423,,,,,,,,,,,,,,,,,,
111,0.675,1000180400,7.30011,4.14321,3.41782,3.32288,12.4874,6.14508,5.86359,5.27451,7.65811,13.2918,10.1476,15.3255,7.08642,11.2056,5.97564,7.56197,,,,,,,,,,,,,,,,,,
111,0.725,1000180400,7.42284,3.8161,3.27211,3.06665,12.1632,6.43814,6.00738,5.57252,8.72246,9.92778,10.0442,14.4223,8.07584,12.0378,5.95042,7.0005,,,,,,,,,,,,,,,,,,
111,0.775,1000180400,7.73432,4.07626,3.49197,3.28886,12.6251,6.61519,6.26099,5.78916,10.1011,10.9197,10.1553,14.1417,9.01594,12.3797,6.09148,6.80392,,,,,,,,,,,,,,,,,,
111,0.825,1000180400,7.88743,4.16335,3.57719,3.36197,12.937,6.53463,6.26968,5.72637,11.2624,12.9222,9.99828,13.3151,9.9229,6.99859,5.77586,5.96089,,,,,,,,,,,,,,,,,,
111,0.875,1000180400,7.93047,4.29263,3.65694,3.47085,12.846,6.66324,6.34984,5.86518,10.5522,10.9448,10.6223,15.1344,10.3421,6.93273,5.85963,5.93639,,,,,,,,,,,,,,,,,,
111,0.925,1000180400,8.13844,4.46154,3.80224,3.61668,13.8119,6.2141,6.20544,5.41134,12.4253,13.9321,10.2666,13.5607,11.2107,6.40578,5.75504,5.47669,,,,,,,,,,,,,,,,,,
111,0.975,1000180400,8.43707,4.74378,4.03627,3.86052,14.1483,6.16819,6.23577,5.37836,13.1607,14.5757,9.87406,12.3574,10.9583,7.22287,6.24557,6.31232,,,,,,,,,,,,,,,,,,
111,1.025,1000180400,8.68854,4.46323,3.93183,3.63212,14.1513,6.5638,6.6002,5.87151,13.4182,14.6279,10.4088,13.6655,11.8254,6.34675,5.86374,5.45441,,,,,,,,,,,,,,,,,,
111,1.075,1000180400,8.6844,4.61855,4.02447,3.76269,14.4607,6.72751,6.84126,6.13536,13.9216,14.885,10.6636,14.2343,11.4921,7.13059,6.33511,6.2578,,,,,,,,,,,,,,,,,,
111,1.125,1000180400,8.79111,4.85993,4.19344,3.97031,14.3595,6.74158,6.82326,6.14004,13.8668,14.7013,11.0036,15.2413,12.1727,6.73547,6.23891,5.88255,,,,,,,,,,,,,,,,,,
111,1.175,1000180400,8.95137,5.12098,4.38551,4.199,14.2986,6.99865,7.0543,6.48894,15.8588,15.8232,10.3204,12.8533,12.2447,7.00943,6.46824,6.19656,,,,,,,,,,,,,,,,,,
111,1.225,1000180400,9.49711,4.98529,4.4285,4.09858,14.5227,6.4072,6.54786,5.71164,14.2538,14.5338,11.6837,17.2767,12.2549,13.0652,6.89756,6.82824,,,,,,,,,,,,,,,,,,
111,1.275,1000180400,9.77242,4.91369,4.43737,4.0432,14.8925,6.4145,6.65249,5.77769,15.5637,15.7816,10.8326,14.3734,12.4368,13.389,7.33047,7.4899,,,,,,,,,,,,,,,,,,
111,1.325,1000180400,9.53644,5.77731,4.92258,4.79527,15.909,13.6622,7.32362,6.53125,14.2556,13.9923,12.1842,18.9304,12.6656,13.1048,6.93349,6.78087,,,,,,,,,,,,,,,,,,
111,1.375,1000180400,9.77031,5.11573,4.57023,4.22005,16.3367,5.85814,6.45405,5.24624,16.6174,16.3041,10.9509,14.5272,12.677,13.3366,7.24472,7.27061,,,,,,,,,,,,,,,,,,
111,1.425,1000180400,9.74539,6.09889,5.16674,5.09884,15.2773,6.4823,6.83568,5.94985,17.7207,16.8506,11.062,14.7313,12.6826,13.3477,7.2565,7.28221,,,,,,,,,,,,,,,,,,
111,1.475,1000180400,10.2108,5.42339,4.85994,4.51238,16.954,14.1189,7.49143,6.60371,17.8557,16.8675,11.2361,15.2664,11.7826,13.7513,8.1366,9.12445,,,,,,,,,,,,,,,,,,
111,1.525,1000180400,10.3665,5.64523,5.04264,4.7195,16.9918,13.5639,6.85485,5.66595,17.7519,16.8265,10.4853,13.0052,11.8253,13.8721,8.527,9.83812,,,,,,,,,,,,,,,,,,
111,1.575,1000180400,10.6714,5.88719,5.2737,4.95305,16.1635,13.6157,7.20464,6.29478,18.3113,13.4104,13.5321,23.3658,13.3649,14.097,8.26238,8.80165,,,,,,,,,,,,,,,,,,
111,1.625,1000180400,10.9024,5.82574,5.28382,4.9025,17.1581,14.0946,7.3659,6.37806,18.1317,16.8057,11.4729,15.9919,12.7038,13.9523,8.18724,8.83629,,,,,,,,,,,,,,,,,,
111,1.675,1000180400,11.2846,5.7566,5.32097,4.84668,17.1197,13.2541,6.43732,5.11625,17.76,14.4202,13.4239,23.0265,10.719,13.0033,9.20627,11.6604,,,,,,,,,,,,,,,,,,
111,1.725,1000180400,11.2412,6.33773,5.71502,5.41209,17.3526,14.735,7.94376,7.27345,18.1825,14.5048,13.1341,21.8641,12.5306,14.1823,8.80185,10.1439,,,,,,,,,,,,,,,,,,
111,1.775,1000180400,11.5058,6.11332,5.61554,5.20644,17.5109,14.3089,7.39309,6.36149,16.8848,9.78994,19.2466,52.2827,12.7012,14.146,8.56483,9.59882,,,,,,,,,,,,,,,,,,
111,1.825,1000180400,11.7586,6.08894,5.65551,5.19114,17.5426,14.3394,7.40495,6.38316,10.9978,11.681,17.7459,53.8823,11.7136,13.5791,9.77588,12.6046,,,,,,,,,,,,,,,,,,
111,1.875,1000180400,12.1894,6.08034,5.75009,5.19421,17.8951,14.9124,7.73008,6.84113,12.1354,13.6707,20.6666,55.1082,12.0129,13.9693,9.39669,11.6035,,,,,,,,,,,,,,,,,,
111,1.925,1000180400,12.1755,6.11379,5.77227,5.22867,18.3526,15.3036,7.64264,6.65629,2.44005,17.2884,22.0806,52.105,11.3747,13.4811,9.43615,11.9161,,,,,,,,,,,,,,,,,,
111,1.975,1000180400,12.0796,6.60837,6.11277,5.74766,17.97,14.7717,7.52016,6.49637,18.442,14.1202,20.3862,55.6281,10.9016,12.771,9.70936,12.751,,,,,,,,,,,,,,,,,,
111,2.025,1000180400,12.7413,6.57875,6.25825,5.76146,18.7741,15.1817,6.90052,5.5302,12.1466,13.154,19.192,51.6035,11.9728,13.9863,8.99496,10.7143,,,,,,,,,,,,,,,,,,
111,0.075,1000260560,2,2.84922,1.30212,0.90988,2.00002,10.2152,5.56703,3.87435,4.03084,9.83531,3.49747,4.95073,2.00003,16.7152,2.34527,1.63378,,,,,,,,,,,,,,,,,,
111,0.125,1000260560,2.00002,12.0743,2.54241,1.77666,2.00024,9.39129,5.74008,4.00579,4.18238,10.7078,4.04112,5.81499,2,17.9691,2.57491,1.79318,,,,,,,,,,,,,,,,,,
111,0.175,1000260560,2.00004,15.5108,3.60074,2.51154,2.6562,10.6671,6.28462,10.396,5.06374,9.62076,4.33299,5.81614,2.00007,13.0825,3.12738,2.17804,,,,,,,,,,,,,,,,,,
111,0.225,1000260560,2.00193,12.3401,4.6649,3.30176,5.29517,11.4412,5.90308,8.55291,5.65694,10.3999,4.60909,5.97678,2.18033,17.6124,3.79478,6.41199,,,,,,,,,,,,,,,,,,
111,0.275,1000260560,6.40698,4.0908,3.14701,3.21543,6.90391,10.9431,5.99644,7.68797,5.60453,9.60333,5.13948,6.90978,3.88797,10.9692,3.64714,5.3105,,,,,,,,,,,,,,,,,,
111,0.325,1000260560,7.17127,3.5374,3.05544,2.8372,8.43732,12.1459,5.76694,6.56535,5.74522,9.14283,5.59865,7.62704,3.54443,14.9139,4.15201,6.37109,,,,,,,,,,,,,,,,,,
111,0.375,1000260560,7.57669,3.40125,3.05666,2.72731,9.91122,7.19051,5.90208,6.15849,5.677,10.7232,6.35716,8.95339,3.84159,13.738,4.37238,6.59392,,,,,,,,,,,,,,,,,,
111,0.425,1000260560,7.66838,3.88777,3.36819,3.13067,11.0355,6.78015,5.96281,5.84732,5.71957,12.5423,7.10293,10.2647,3.93344,14.4749,4.76573,7.22258,,,,,,,,,,,,,,,,,,
111,0.475,1000260560,7.95865,4.09136,3.54802,3.30698,11.8314,6.9014,6.27118,6.03212,5.73311,14.3593,7.86621,11.6322,4.02647,15.6492,5.38635,8.20625,,,,,,,,,,,,,,,,,,
111,0.525,1000260560,8.24099,4.31551,3.74343,3.49797,12.8871,7.16164,6.76409,6.45873,4.73103,12.9498,9.65671,15.5313,4.58158,14.0411,5.80259,8.63915,,,,,,,,,,,,,,,,,,
111,0.575,1000260560,8.3937,4.6654,3.98334,3.79245,13.6646,6.90024,6.76754,6.23958,7.73745,10.0678,8.90822,12.4483,5.60651,10.217,6.0172,8.43696,,,,,,,,,,,,,,,,,,
111,0.625,1000260560,8.69499,4.70579,4.07327,3.84091,14.5743,13.3343,7.14048,6.55592,8.37825,9.12796,9.25572,12.8533,6.11232,9.31584,6.36789,8.72251,,,,,,,,,,,,,,,,,,
111,0.675,1000260560,8.94217,4.93398,4.27194,4.03851,14.4037,6.87361,6.96509,6.32983,9.00463,9.10912,9.96339,14.1662,7.65391,11.7022,6.17746,7.59979,,,,,,,,,,,,,,,,,,
111,0.725,1000260560,9.17792,4.88928,4.29799,4.00756,14.478,6.96847,7.07913,6.48941,10.1361,11.046,10.0957,14.0371,9.21764,12.3316,5.89843,6.40541,,,,,,,,,,,,,,,,,,
111,0.775,1000260560,9.69333,4.92095,4.42615,4.04769,14.8925,13.3997,7.18708,6.54827,11.4444,12.9891,10.126,13.6242,10.2332,7.4363,6.17186,6.46545,,,,,,,,,,,,,,,,,,
111,0.825,1000260560,9.65577,5.24667,4.62668,4.33338,14.7112,13.4499,7.26241,6.71535,12.736,14.1122,10.3806,13.853,11.0866,6.58188,5.83819,5.64716,,,,,,,,,,,,,,,,,,
111,0.875,1000260560,9.99728,5.25733,4.71013,4.35189,15.2805,13.5494,7.30842,6.64937,13.1336,14.2445,10.7194,14.6218,11.8987,6.12188,5.71658,5.22689,,,,,,,,,,,,,,,,,,
111,0.925,1000260560,10.2678,5.743,5.08372,4.80076,15.5292,13.9228,7.70093,7.21398,13.1277,12.7297,11.9835,18.6723,12.4551,6.3716,6.02857,5.51412,,,,,,,,,,,,,,,,,,
111,0.975,1000260560,10.8586,5.89694,5.32304,4.96988,15.9993,13.9309,7.60157,6.96574,13.6233,13.6304,11.7918,17.9833,13.223,5.95941,5.864,5.09969,,,,,,,,,,,,,,,,,,
111,1.025,1000260560,10.9577,5.73513,5.23605,4.81761,16.6023,14.2799,7.81182,7.18796,14.2706,12.7528,12.9202,21.7256,13.2155,6.80657,6.5654,6.0672,,,,,,,,,,,,,,,,,,
111,1.075,1000260560,11.1289,6.11039,5.53067,5.18411,17.2395,15.0657,8.36596,8.07723,15.0903,15.0351,11.8991,17.9614,13.7514,6.28101,6.24946,5.48718,,,,,,,,,,,,,,,,,,
111,1.125,1000260560,11.2373,6.38496,5.74367,5.46423,17.6657,14.7832,7.7671,6.9569,15.6917,11.1846,14.498,27.7457,13.846,6.69449,6.63845,6.00067,,,,,,,,,,,,,,,,,,
111,1.175,1000260560,11.6007,6.49323,5.91237,5.59543,17.6043,14.7918,7.82471,7.06115,16.3797,13.4496,13.748,24.6807,14.1518,13.2981,7.12955,6.64777,,,,,,,,,,,,,,,,,,
111,1.225,1000260560,11.8307,6.79601,6.19042,5.92896,17.6308,15.4134,8.46329,8.21019,16.9761,10.426,15.2102,56.0932,14.2992,6.93265,6.99334,6.3871,,,,,,,,,,,,,,,,,,
111,1.275,1000260560,12.2187,6.64885,6.18464,5.79345,17.7628,15.5215,8.4711,8.18722,16.3119,13.9835,20.6314,56.7032,14.4457,13.8858,7.82611,7.68098,,,,,,,,,,,,,,,,,,
111,1.325,1000260560,12.2882,6.8423,6.3509,6.01025,18.9069,17.1739,8.73112,8.64098,19.9995,10.1773,17.2436,55.9765,15.0704,13.7662,7.60171,7.15392,,,,,,,,,,,,,,,,,,
111,1.375,1000260560,13.2073,6.48645,6.29808,5.69031,19.1513,17.4994,8.63044,8.40855,20,17.6134,21.2073,60.9085,15.2562,13.91,7.74549,7.33044,,,,,,,,,,,,,,,,,,
111,1.425,1000260560,12.8896,6.8364,6.50568,6.06595,19.8486,9.54989,8.37163,7.84966,19.9259,11.0239,19.8857,53.7725,14.933,14.327,8.30214,8.42999,,,,,,,,,,,,,,,,,,
111,1.475,1000260560,12.8842,7.22276,6.82476,6.52843,19.7519,13.5158,8.50686,8.13073,18.1631,16.9345,33.0876,69.8891,15.7653,14.7377,8.62123,8.81893,,,,,,,,,,,,,,,,,,
111,1.525,1000260560,13.3244,7.17489,6.91467,6.54087,19.2122,17.4147,8.2425,7.61159,19.9999,9.0999,24.5727,81.2755,16.1981,14.5568,8.27025,8.04917,,,,,,,,,,,,,,,,,,
111,1.575,1000260560,13.9991,7.02026,6.97456,6.45869,19.9985,9.42264,8.14542,7.45744,19.9992,9.24167,33.2874,69.4725,16.2262,14.9584,8.72584,8.97689,,,,,,,,,,,,,,,,,,
111,1.625,1000260560,14.0478,13.379,7.24117,6.82662,20,17.943,8.62617,8.34539,20,9.04077,22.3447,69.8169,16.131,14.7903,8.56041,8.63506,,,,,,,,,,,,,,,,,,
111,1.675,1000260560,14.3858,13.5384,7.41,7.00789,20,17.7784,8.98917,9.14112,19.9999,16.1287,34.584,67.9632,16.6273,15.2468,8.90221,9.27177,,,,,,,,,,,,,,,,,,
111,1.725,1000260560,14.1481,13.5213,7.41105,7.06081,20,17.4403,8.959,9.08802,19.9989,17.918,112.183,77.5348,16.5611,15.4955,9.24496,10.0501,,,,,,,,,,,,,,,,,,
111,1.775,1000260560,14.6173,13.8887,7.81621,7.60854,20,16.6809,8.63013,8.31253,19.9322,17.9127,109.715,83.4095,16.6858,15.8096,9.61863,10.8991,,,,,,,,,,,,,,,,,,
111,1.825,1000260560,14.7725,13.8577,7.75399,7.46224,20,17.6896,9.3099,9.87996,19.9996,10.0496,115.576,113.268,16.6627,16.2234,10.4502,13.0848,,,,,,,,,,,,,,,,,,
111,1.875,1000260560,15.676,13.7965,7.52935,6.89509,20,17.0152,8.46477,7.99026,19.9999,9.32883,114.088,84.2669,16.8746,16.381,10.6217,13.5508,,,,,,,,,,,,,,,,,,
111,1.925,1000260560,15.7937,14.303,8.09059,7.80813,20,17.277,10.3469,12.5081,19.9993,17.2441,115.997,76.9742,17.0201,15.9866,9.62925,10.894,,,,,,,,,,,,,,,,,,
111,1.975,1000260560,15.6828,14.3603,8.17819,8.02985,20,17.0234,8.89764,8.86545,19.9998,13.5008,111.047,106.202,15.823,15.9107,10.8869,14.4735,,,,,,,,,,,,,,,,,,
111,2.025,1000260560,15.9701,14.5828,8.36028,8.31201,20,17.3233,9.8778,11.28,19.9959,10.1136,114.001,99.737,16.8804,16.3745,10.5788,13.4483,,,,,,,,,,,,,,,,,,
211,0.075,1000060120,2,11.9563,0.648916,0.461465,2.00001,17.5735,2.96628,2.12496,4.45816,9.1562,3.43885,6.18028,2.00023,17.982,2.4658,1.7257,,,,,,,,,,,,,,,,,,
211,0.125,1000060120,2,11.9322,1.2247,0.854349,2.00024,17.9977,2.99427,2.14948,4.14951,11.2084,3.74961,7.32388,2.00001,17.2245,2.72673,1.92345,,,,,,,,,,,,,,,,,,
211,0.175,1000060120,2.00006,16.5388,1.71934,1.19732,2.00028,9.3548,3.35711,2.51685,4.16991,13.3292,4.1613,14.0785,2.00003,14.2777,3.20823,2.35695,,,,,,,,,,,,,,,,,,
211,0.225,1000060120,3.13186,3.44053,1.60967,2.23725,2.71402,16.5428,3.43523,6.50237,4.33186,13.1182,4.30904,14.1017,2.00093,15.8521,3.91584,3.28784,,,,,,,,,,,,,,,,,,
211,0.275,1000060120,4.24091,1.27466,1.15777,1.00632,3.99747,9.32649,3.10265,5.02575,4.16584,16.0724,4.70419,13.5566,2.0856,17.9339,4.20347,12.4327,,,,,,,,,,,,,,,,,,
211,0.375,1000060120,4.51206,1.05651,1.03195,0.797,5.57937,4.31707,2.96427,4.17135,4.51074,14.1355,4.72659,13.6226,2,16.8974,4.11661,3.58177,,,,,,,,,,,,,,,,,,
211,0.425,1000060120,4.55037,1.1619,1.11873,0.890724,4.45368,10.0329,3.87181,14.0908,3.67495,10.4726,5.51729,16.4409,2.00002,16.9429,4.01868,3.45046,,,,,,,,,,,,,,,,,,
211,0.475,1000060120,4.61842,1.16522,1.12697,0.889456,5.36882,5.86766,3.54608,6.27769,4.48307,16.0955,5.13198,14.24,2.00002,17.3404,3.99699,3.44116,,,,,,,,,,,,,,,,,,
211,0.525,1000060120,4.66839,1.19438,1.15386,0.912796,4.39044,11.1095,4.07295,14.2286,4.93581,15.9798,5.75987,18.2845,2,16.5431,4.22826,3.81307,,,,,,,,,,,,,,,,,,
211,0.575,1000060120,4.71175,1.27659,1.22049,0.984667,6.49831,5.17971,3.71919,6.86494,3.04859,16.6031,7.77921,18.7127,2,17.6594,4.05804,3.52991,,,,,,,,,,,,,,,,,,
211,0.625,1000060120,4.80366,1.25346,1.21116,0.957956,6.01991,10.5967,4.86465,13.993,5.58935,13.6714,6.11613,21.2799,2.00002,16.5436,4.87659,5.13058,,,,,,,,,,,,,,,,,,
211,0.675,1000060120,4.81205,1.35912,1.29168,1.05304,7.06915,6.54139,4.45885,14.7172,5.68401,10.7001,10.2576,20.949,2.00001,17.0844,4.46476,4.24012,,,,,,,,,,,,,,,,,,
211,0.725,1000060120,4.83489,1.30017,1.24997,0.998483,6.26656,4.48587,3.27247,5.20473,6.34579,9.07015,5.93546,20.3803,2.00004,9.01688,5.61192,7.10372,,,,,,,,,,,,,,,,,,
211,0.775,1000060120,4.93102,1.46106,1.37833,1.13715,6.7418,5.42772,3.8643,7.51778,5.8907,14.4437,6.75362,24.3096,2.00019,12.7027,6.58028,10.1527,,,,,,,,,,,,,,,,,,
211,0.825,1000060120,4.92635,1.38603,1.3234,1.07041,7.61696,4.97916,3.51837,6.16768,6.85151,9.22422,6.34057,23.3655,2,15.0738,7.68591,18.2046,,,,,,,,,,,,,,,,,,
211,0.875,1000060120,4.99661,1.53213,1.43615,1.19669,6.73873,3.89105,3.10484,4.53703,4.36638,10.1745,7.07662,23.7502,2.0029,15.9186,10.0417,16.2933,,,,,,,,,,,,,,,,,,
211,0.925,1000060120,5.14272,1.4465,1.38985,1.11217,7.51943,6.8269,4.45084,14.6667,5.62436,12.5003,5.75725,19.4054,2.00109,10.5823,11.037,21.4501,,,,,,,,,,,,,,,,,,
211,0.975,1000060120,5.09282,1.48899,1.41666,1.15323,6.92848,10.7432,6.02571,19.0135,6.36327,11.0896,4.4596,13.8789,4.77125,12.1099,4.66407,13.8326,,,,,,,,,,,,,,,,,,
211,1.025,1000060120,5.20792,1.61133,1.51771,1.25646,6.81794,6.11104,4.20017,14.8171,2.0011,16.5598,14.8275,17.2102,2.00055,12.5168,5.52483,6.80895,,,,,,,,,,,,,,,,,,
211,1.075,1000060120,5.21659,1.64217,1.54039,1.28327,5.86836,10.7982,4.32325,14.6583,2.00062,11.7999,9.79406,17.3971,2.00012,15.6484,7.88329,17.303,,,,,,,,,,,,,,,,,,
211,1.125,1000060120,5.37111,1.57769,1.51097,1.21759,6.41886,4.43977,3.31443,5.30399,2.06171,15.8884,13.3896,19.8191,2.00001,9.59745,4.8607,5.13056,,,,,,,,,,,,,,,,,,
211,1.175,1000060120,5.43405,1.56912,1.51034,1.20622,6.72028,4.80326,3.47712,6.09693,2.00175,12.8305,13.4708,18.047,2.00001,11.5838,5.33104,6.22732,,,,,,,,,,,,,,,,,,
211,1.225,1000060120,5.39901,1.63722,1.55811,1.27002,7.98004,6.3093,3.93322,14.6584,2.00008,17.9968,7.66347,17.673,2.00015,9.0113,6.34497,9.13605,,,,,,,,,,,,,,,,,,
211,1.275,1000060120,5.48544,1.69439,1.60933,1.31774,7.08336,5.95916,4.2071,14.8991,2.00048,17.7744,6.98011,17.5344,2.00015,12.2085,5.53091,6.90199,,,,,,,,,,,,,,,,,,
211,1.325,1000060120,5.58342,1.63459,1.57418,1.25797,8.3451,6.13886,3.61893,6.66585,2.00001,16.929,7.90732,17.5156,2.0004,9.93644,4.309,3.991,,,,,,,,,,,,,,,,,,
211,1.375,1000060120,5.64369,1.70772,1.63559,1.32281,7.08568,6.23067,4.24047,14.7892,4.69809,9.66717,7.27762,21.8523,2.00002,17.2106,4.43717,4.28278,,,,,,,,,,,,,,,,,,
211,1.425,1000060120,5.7122,1.61891,1.5724,1.23639,7.15445,11.573,4.9277,13.5859,2.00018,9.48539,5.93941,8.67818,2.00001,17.9689,3.92617,3.29444,,,,,,,,,,,,,,,,,,
211,1.475,1000060120,5.80732,1.611,1.57232,1.2196,7.67974,4.05314,3.01592,4.4028,3.68484,17.0988,4.28444,13.0562,2.00043,14.5151,5.43821,6.64271,,,,,,,,,,,,,,,,,,
211,1.525,1000060120,5.82171,1.74731,1.68238,1.3524,7.14103,5.10744,3.6779,6.81383,3.31997,9.28459,5.16011,14.9269,2.31571,17.7768,3.95526,12.6904,,,,,,,,,,,,,,,,,,
211,1.575,1000060120,5.86558,1.67607,1.62975,1.28223,9.14656,14.3075,7.97882,21.2336,2.00096,12.978,6.21488,9.40363,2.00261,14.054,9.81803,15.576,,,,,,,,,,,,,,,,,,
211,1.625,1000060120,5.96519,1.66345,1.62619,1.26534,8.29137,5.13274,3.20673,5.22698,3.83905,10.3283,6.85551,23.8405,2.00047,15.6642,5.61805,6.97726,,,,,,,,,,,,,,,,,,
211,1.675,1000060120,6.04278,1.6995,1.66088,1.29664,6.52796,9.58411,6.23711,20.9441,2.00341,17.1772,8.04856,17.5766,2.00064,17.7064,6.12452,8.65723,,,,,,,,,,,,,,,,,,
211,1.725,1000060120,6.05231,1.79842,1.74147,1.39428,19.5369,9.50845,10.3173,16.8744,2.00188,14.9638,8.46364,16.5604,2,17.9992,3.85561,3.29347,,,,,,,,,,,,,,,,,,
211,1.775,1000060120,6.04723,1.73865,1.69322,1.33488,9.21124,4.69966,2.65899,3.62973,2.27129,9.51711,6.08785,16.7409,2.00006,17.7404,3.57017,2.79907,,,,,,,,,,,,,,,,,,
211,1.825,1000060120,6.07933,1.83381,1.77141,1.42938,8.38277,4.25656,2.79299,3.92637,3.20817,17.3065,4.00762,13.4751,2,17.989,4.43674,4.22449,,,,,,,,,,,,,,,,,,
211,1.875,1000060120,6.12608,1.691,1.65831,1.28095,10.0615,10.8928,5.01702,13.1997,2.0001,9.21879,4.17552,4.43798,2,17.3737,6.11198,8.40003,,,,,,,,,,,,,,,,,,
211,1.925,1000060120,6.23179,1.76828,1.72917,1.35818,9.11046,5.69174,3.00677,4.6929,2.00002,16.8136,4.50526,4.60536,2.00007,16.0518,3.69374,2.92196,,,,,,,,,,,,,,,,,,
211,1.975,1000060120,6.20549,1.78873,1.74439,1.3799,11.6949,13.1338,5.7314,17.3384,5.73986,3.34205,2.29296,2.8819,2.00002,17.4154,4.37644,4.04851,,,,,,,,,,,,,,,,,,
211,2.025,1000060120,6.32642,1.7866,1.74958,1.37441,8.61815,5.87456,3.35728,5.71999,2.00018,16.6648,5.57024,7.01307,2.00028,15.9558,5.11236,5.66872,,,,,,,,,,,,,,,,,,
211,0.075,1000080160,2,11.3987,0.697417,0.489496,2.00007,17.9995,3.28207,2.28947,2.00044,9.80099,5.21367,4.15033,2.00709,11.2347,2.31094,2.25854,,,,,,,,,,,,,,,,,,
211,0.125,1000080160,2,11.7517,1.31404,0.916773,2.0001,17.9894,3.45413,2.41451,2.00001,11.5214,4.72695,3.56114,2.00026,13.0716,2.55871,1.78548,,,,,,,,,,,,,,,,,,
211,0.175,1000080160,2.00005,15.2005,1.80667,1.26148,2.00004,11.8151,3.90616,2.76232,2.00081,10.4443,5.19758,4.16955,2.00808,16.6133,3.17075,2.56385,,,,,,,,,,,,,,,,,,
211,0.225,1000080160,3.03935,9.80793,1.88526,2.77353,2.48554,9.99398,4.15855,7.06791,2.00007,11.169,5.44682,4.51955,2.68336,17.1044,3.48406,5.83869,,,,,,,,,,,,,,,,,,
211,0.275,1000080160,4.35928,1.49469,1.30926,1.18374,3.82906,12.6332,3.95665,6.2401,2.00077,17.9961,5.72382,4.98062,3.19631,15.8353,3.66538,5.8394,,,,,,,,,,,,,,,,,,
211,0.325,1000080160,4.70385,1.25877,1.20638,0.969042,4.83963,9.76837,3.82084,5.4992,2.00816,17.4002,5.93044,5.58428,2.47414,9.62091,4.20368,7.14619,,,,,,,,,,,,,,,,,,
211,0.375,1000080160,4.81091,1.36887,1.29862,1.06165,5.73338,5.75076,3.65876,4.75315,2.00285,17.8925,6.17978,5.86136,2.0051,12.7329,4.40662,3.3574,,,,,,,,,,,,,,,,,,
211,0.425,1000080160,4.85995,1.38554,1.31608,1.07384,6.02883,11.0115,4.08424,5.82584,2.00142,17.7858,6.42071,6.2917,2.00048,17.859,4.46019,3.29927,,,,,,,,,,,,,,,,,,
211,0.475,1000080160,4.95564,1.46529,1.38424,1.13969,6.53644,6.3434,4.23982,6.19387,2.00016,17.977,6.89165,7.30098,2.00001,11.1916,4.8214,3.66228,,,,,,,,,,,,,,,,,,
211,0.525,1000080160,4.97969,1.50265,1.41351,1.17136,6.99498,6.33065,4.41917,6.69557,2.00122,16.6173,7.1325,7.92565,2.0003,10.953,4.86255,3.71309,,,,,,,,,,,,,,,,,,
211,0.575,1000080160,5.00809,1.56927,1.46314,1.2284,7.60863,5.42684,4.19248,5.82157,2.06492,12.4869,7.23326,10.6841,2.00001,16.1222,5.46074,4.52002,,,,,,,,,,,,,,,,,,
211,0.625,1000080160,5.14781,1.62636,1.52068,1.27183,8.57116,4.27829,3.75547,4.45554,3.21328,17.2424,7.44569,20.4541,2.00043,12.9231,5.46245,4.53554,,,,,,,,,,,,,,,,,,
211,0.675,1000080160,5.14863,1.75859,1.60852,1.38564,7.48477,4.68636,3.75282,4.557,3.77864,15.3552,8.17443,24.3603,2.00055,11.79,5.88589,5.21114,,,,,,,,,,,,,,,,,,
211,0.725,1000080160,5.22398,1.86268,1.68644,1.47143,8.32664,4.72252,3.97362,5.12601,5.18105,15.7747,7.33411,20.0835,2.00007,9.33828,6.47684,6.38674,,,,,,,,,,,,,,,,,,
211,0.775,1000080160,5.32926,1.78521,1.65284,1.40238,7.84936,5.08017,4.0771,5.44901,5.09206,16.069,7.18905,19.1387,2.0554,9.30518,8.05627,22.4075,,,,,,,,,,,,,,,,,,
211,0.825,1000080160,5.38314,1.9066,1.74018,1.50405,8.5821,4.42263,3.8431,4.69859,5.31642,16.3312,7.11204,19.1384,3.63113,9.70015,7.00525,18.1578,,,,,,,,,,,,,,,,,,
211,0.875,1000080160,5.52675,1.86686,1.73557,1.46503,8.35297,4.45439,3.83207,4.6864,5.87862,13.3557,8.76614,29.5813,4.74299,16.585,6.35028,19.6774,,,,,,,,,,,,,,,,,,
211,0.925,1000080160,5.54815,1.83926,1.71949,1.44045,8.29952,5.04955,4.16751,5.71503,3.83231,13.6959,13.6824,24.8245,5.18138,15.8643,6.45775,19.505,,,,,,,,,,,,,,,,,,
211,0.975,1000080160,5.65534,2.05572,1.87936,1.62213,7.74103,4.57644,3.77234,4.56732,5.81684,15.594,7.36884,20.2373,6.45351,9.76243,6.45608,20.0971,,,,,,,,,,,,,,,,,,
211,1.025,1000080160,5.72927,2.18513,1.9727,1.72993,7.4925,11.7185,5.12153,9.3254,2.05193,16.6539,14.2694,27.1827,2.0031,17.7463,7.68104,9.29381,,,,,,,,,,,,,,,,,,
211,1.075,1000080160,5.85764,2.10831,1.94423,1.66146,8.11334,5.92821,4.61904,7.28051,3.34338,10.117,9.47834,31.2326,2.00054,17.8165,8.40565,11.1305,,,,,,,,,,,,,,,,,,
211,1.125,1000080160,5.89138,2.11869,1.95595,1.66972,8.99102,5.02196,4.21019,5.85583,2.00146,12.8685,11.869,23.8239,4.21573,11.5,6.99369,18.3379,,,,,,,,,,,,,,,,,,
211,1.175,1000080160,6.07137,2.14642,2.00042,1.68672,8.333,5.29402,4.31254,6.19398,2.00001,9.8598,13.1121,21.6636,2.00003,10.7292,6.629,6.66185,,,,,,,,,,,,,,,,,,
211,1.225,1000080160,6.09472,2.09295,1.96639,1.63894,7.99756,5.32975,4.2566,6.01468,2.00004,16.6949,11.2511,25.3395,2.00003,14.6315,6.60777,6.66917,,,,,,,,,,,,,,,,,,
211,1.275,1000080160,6.12561,2.10029,1.97544,1.64407,8.90345,3.87126,3.51874,3.8179,2.0001,12.5589,11.0029,24.8615,2.00007,14.845,6.45313,6.27468,,,,,,,,,,,,,,,,,,
211,1.325,1000080160,6.22416,2.31043,2.1326,1.82397,8.31155,4.64097,3.92488,4.97904,2,15.4023,9.16436,13.7768,2.00008,11.9383,6.29323,6.09208,,,,,,,,,,,,,,,,,,
211,1.375,1000080160,6.36632,2.1225,2.01985,1.65211,8.86424,6.23361,4.93264,8.4416,2.00056,16.9517,9.9669,24.8302,2.00005,10.6102,5.14479,4.13208,,,,,,,,,,,,,,,,,,
211,1.425,1000080160,6.51792,2.25026,2.13024,1.75951,8.95518,6.13142,4.85439,8.19818,2.00133,17.8794,8.13565,11.0244,2.00022,17.5606,6.1062,5.67079,,,,,,,,,,,,,,,,,,
211,1.475,1000080160,6.51943,2.43914,2.26184,1.92779,9.69158,5.16752,4.23199,5.898,2,9.43364,10.9082,26.5091,2.00033,10.7308,7.31485,8.34093,,,,,,,,,,,,,,,,,,
211,1.525,1000080160,6.70727,2.24018,2.14378,1.74129,9.52052,4.475,3.83448,4.70112,2.00045,10.333,9.49513,25.4281,2.00012,17.4564,6.02033,5.53642,,,,,,,,,,,,,,,,,,
211,1.575,1000080160,6.74139,2.321,2.20746,1.81347,9.7999,7.22503,5.33622,10.124,2.00003,11.3316,9.51092,25.1453,2.00001,16.0357,5.55089,4.70589,,,,,,,,,,,,,,,,,,
211,1.625,1000080160,6.89892,2.2728,2.18765,1.76154,9.70007,4.7551,3.988,5.13082,2.0007,11.6543,8.75716,12.8252,2,16.9939,5.86692,5.16868,,,,,,,,,,,,,,,,,,
211,1.675,1000080160,6.9403,2.12464,2.07353,1.62216,10.3744,4.52188,3.6767,4.35378,2.00239,17.4519,8.4496,12.1027,2.00005,17.8638,6.7579,6.97745,,,,,,,,,,,,,,,,,,
211,1.725,1000080160,6.87943,2.30057,2.20695,1.78821,10.2376,5.28215,4.1377,5.65519,2.00094,17.9962,7.02901,8.07651,2,9.00014,6.35102,6.0879,,,,,,,,,,,,,,,,,,
211,1.775,1000080160,7.08189,2.29762,2.2237,1.77534,10.5113,3.85888,3.2571,3.41869,5.13277,14.6698,5.92511,19.654,2,16.8519,5.5834,4.68005,,,,,,,,,,,,,,,,,,
211,1.825,1000080160,7.29907,2.31358,2.25422,1.77977,10.9998,6.03882,4.17216,5.92715,2,13.6877,6.08741,5.84705,2.00001,17.1763,5.8807,5.2289,,,,,,,,,,,,,,,,,,
211,1.875,1000080160,7.2597,2.24749,2.1973,1.71903,10.4435,4.90406,3.8282,4.84538,2.00008,16.4956,14.449,28.2769,2.00002,12.364,6.83979,7.13568,,,,,,,,,,,,,,,,,,
211,1.925,1000080160,7.46379,2.28817,2.24484,1.74724,10.0632,3.96826,3.44041,3.73139,2.00009,12.6867,8.74901,12.4267,2,12.2477,7.34778,8.45277,,,,,,,,,,,,,,,,,,
211,1.975,1000080160,7.44267,2.37489,2.31482,1.83189,10.63,7.2622,4.93252,8.62552,2.00037,14.4409,7.11968,8.0178,2.0001,15.8444,7.05717,7.53554,,,,,,,,,,,,,,,,,,
211,2.025,1000080160,7.54475,2.26538,2.23013,1.71682,9.93979,3.90344,3.42992,3.68047,2.00092,17.898,7.49578,9.00604,2.00014,17.5433,5.75729,5.04292,,,,,,,,,,,,,,,,,,
211,0.075,1000180400,2.00001,2.86647,1.06161,0.741074,2.00069,9.99392,4.89801,3.41943,3.06383,17.4595,4.27562,6.86393,2.00008,17.9408,2.34803,1.63549,,,,,,,,,,,,,,,,,,
211,0.125,1000180400,2.00007,11.8602,2.0244,1.4144,2.00097,11.7562,5.13564,3.58792,2.80022,12.4769,4.93232,8.12368,2.00005,17.9201,2.61687,1.82327,,,,,,,,,,,,,,,,,,
211,0.175,1000180400,2,15.3241,2.97324,2.07228,2.00046,16.5888,5.65441,3.95447,2.00174,9.30717,6.06274,4.31915,2.00017,9.07065,3.2799,2.28894,,,,,,,,,,,,,,,,,,
211,0.225,1000180400,2.00111,16.6985,3.66024,2.60107,3.60437,17.1432,5.67395,8.96319,2.0003,14.9503,6.63728,4.6297,2.9685,16.8817,3.49323,5.55471,,,,,,,,,,,,,,,,,,
211,0.275,1000180400,5.45516,3.36093,2.5173,2.59935,4.82968,13.3672,5.84829,8.72309,2.00593,15.0455,7.02375,5.63225,3.92794,10.7805,3.66293,5.29678,,,,,,,,,,,,,,,,,,
211,0.325,1000180400,6.15081,2.59136,2.2957,2.06079,6.5656,10.8366,5.58815,7.16914,2.00245,12.1394,7.7226,5.46655,4.00808,11.1947,3.93746,5.70276,,,,,,,,,,,,,,,,,,
211,0.375,1000180400,6.40085,2.78223,2.45716,2.21709,8.36288,6.86624,5.20963,5.69068,2.00091,17.9698,8.18884,5.72557,3.84382,13.9189,4.42935,6.69126,,,,,,,,,,,,,,,,,,
211,0.425,1000180400,6.59825,2.90316,2.56768,2.3154,9.66172,6.36997,5.31989,5.33401,2.00018,17.5378,8.91035,6.22025,3.33673,17.3137,5.03362,7.9433,,,,,,,,,,,,,,,,,,
211,0.475,1000180400,6.70056,2.95256,2.61673,2.35626,10.3228,6.69742,5.69873,5.70512,2.00577,9.79201,9.84714,7.11556,4.06582,14.9797,5.20415,7.87134,,,,,,,,,,,,,,,,,,
211,0.525,1000180400,6.76706,3.31923,2.84413,2.65171,11.1152,6.61691,5.87628,5.68024,2.00349,16.8501,10.6486,7.70651,4.1246,16.0035,5.72053,8.75329,,,,,,,,,,,,,,,,,,
211,0.575,1000180400,7.05136,3.34101,2.91849,2.67467,12.15,6.09347,5.7509,5.20922,3.50415,16.9001,10.9709,19.471,4.96947,12.986,6.10844,8.90246,,,,,,,,,,,,,,,,,,
211,0.625,1000180400,7.30046,3.46356,3.03992,2.77895,13.001,5.91511,5.78404,5.04452,5.95476,15.1361,10.6299,17.1282,6.44676,10.3644,5.83357,7.65413,,,,,,,,,,,,,,,,,,
211,0.675,1000180400,7.35798,3.62757,3.14777,2.91423,12.9172,6.07134,5.89287,5.21151,8.04213,12.333,10.2842,15.2908,7.45379,11.6685,5.8036,7.0787,,,,,,,,,,,,,,,,,,
211,0.725,1000180400,7.4052,4.19526,3.47293,3.36934,12.2166,6.49917,6.07101,5.63546,9.51085,9.94455,10.0364,14.0908,8.77703,12.1619,5.64643,6.18747,,,,,,,,,,,,,,,,,,
211,0.775,1000180400,7.87176,3.71063,3.30333,2.98816,12.7867,6.23159,5.99712,5.37689,10.2283,10.7221,10.404,14.7166,9.7615,6.77732,5.591,5.72656,,,,,,,,,,,,,,,,,,
211,0.825,1000180400,8.14554,3.94011,3.50026,3.18155,13.0305,6.53828,6.29459,5.73501,11.2879,12.6672,10.2619,13.9694,10.4447,6.54776,5.6402,5.56717,,,,,,,,,,,,,,,,,,
211,0.875,1000180400,8.31798,3.91576,3.51726,3.16267,13.6829,6.1727,6.13987,5.3559,11.4758,12.9718,10.1997,13.7431,11.1271,5.49844,5.10359,4.59725,,,,,,,,,,,,,,,,,,
211,0.925,1000180400,8.50655,4.16915,3.71166,3.38049,14.1151,6.36203,6.40576,5.61055,12.3511,13.1473,11.0081,15.6783,11.4534,6.12083,5.61408,5.20816,,,,,,,,,,,,,,,,,,
211,0.975,1000180400,8.51743,4.5946,3.96763,3.74091,13.6836,6.71172,6.61034,6.00037,12.0851,12.5553,11.1871,16.2807,11.6806,6.74874,6.11947,5.85821,,,,,,,,,,,,,,,,,,
211,1.025,1000180400,8.79814,4.41072,3.92271,3.58797,13.7411,6.73258,6.64526,6.03228,13.6479,14.5214,10.9955,15.2915,12.0289,5.88463,5.56708,4.99327,,,,,,,,,,,,,,,,,,
211,1.075,1000180400,8.95572,4.7857,4.18599,3.91258,13.6089,13.2421,7.08731,6.73149,14.4613,15.165,10.8953,14.7841,12.0511,6.17742,5.78617,5.29385,,,,,,,,,,,,,,,,,,
211,1.125,1000180400,9.28873,4.39877,4.01105,3.58186,13.9499,6.90532,6.85619,6.2931,14.7901,15.3425,10.9962,14.9921,12.357,6.77624,6.3099,5.948,,,,,,,,,,,,,,,,,,
211,1.175,1000180400,9.28866,4.70972,4.20749,3.8567,14.4873,13.3211,7.13319,6.56706,14.5555,14.0881,12.3778,19.5084,12.6488,6.57811,6.23789,5.74759,,,,,,,,,,,,,,,,,,
211,1.225,1000180400,9.54306,5.16786,4.55259,4.26005,14.9894,6.47968,6.74624,5.88447,14.4712,14.4416,11.9853,18.2333,12.6105,7.15586,6.68857,6.40503,,,,,,,,,,,,,,,,,,
211,1.275,1000180400,9.87532,5.1871,4.63895,4.28825,15.5222,13.7172,7.46779,6.84076,16.9841,16.4693,10.7965,14.0203,12.4696,13.1185,6.95642,6.87607,,,,,,,,,,,,,,,,,,
211,1.325,1000180400,10.2443,4.91075,4.53081,4.03953,14.9891,13.7432,7.58493,7.1505,16.9351,16.4606,10.9183,14.3982,13.2678,13.268,7.14023,6.89776,,,,,,,,,,,,,,,,,,
211,1.375,1000180400,10.2909,5.19165,4.72632,4.30023,15.8533,13.7493,7.43035,6.71958,17.4165,16.6911,11.2269,15.288,12.5161,13.4652,7.44503,7.61544,,,,,,,,,,,,,,,,,,
211,1.425,1000180400,10.6121,5.02834,4.67827,4.14965,15.2139,13.7343,7.54036,7.02588,15.3455,14.3196,12.7813,20.9108,13.3127,13.4228,7.32669,7.19751,,,,,,,,,,,,,,,,,,
211,1.475,1000180400,10.8363,4.9346,4.65197,4.0592,16.4599,13.7872,7.31304,6.4137,14.2011,9.13666,14.6326,27.9451,12.8821,13.7547,7.82226,8.14207,,,,,,,,,,,,,,,,,,
211,1.525,1000180400,11.0339,5.30077,4.94613,4.40607,17.4104,14.209,7.34957,6.30862,16.8119,15.8684,12.3327,19.0565,13.3549,13.8607,7.91914,8.15461,,,,,,,,,,,,,,,,,,
211,1.575,1000180400,11.2477,5.63499,5.22782,4.73011,15.5955,13.5576,7.2675,6.5137,13.8481,9.80722,14.0703,25.9022,13.4928,13.392,7.29205,7.05527,,,,,,,,,,,,,,,,,,
211,1.625,1000180400,11.2691,4.99558,4.76863,4.11218,17.639,14.1793,7.17029,6.02184,16.7743,15.2199,12.905,21.1629,13.1712,14.2108,8.52251,9.30483,,,,,,,,,,,,,,,,,,
211,1.675,1000180400,11.3542,5.66317,5.27002,4.75709,17.3152,14.1167,7.30601,6.26509,15.7329,10.9268,18.0155,54.9226,14.0314,14.2109,8.31571,8.66038,,,,,,,,,,,,,,,,,,
211,1.725,1000180400,11.6969,5.6762,5.34851,4.77552,17.8279,14.4197,7.28061,6.15886,15.1038,11.176,14.3523,26.8115,13.0031,14.063,8.28527,8.96272,,,,,,,,,,,,,,,,,,
211,1.775,1000180400,12.1631,5.86509,5.57806,4.97583,17.2444,14.1754,7.40831,6.42483,14.9534,10.0107,18.7133,53.9191,12.5436,14.2166,8.91824,10.3802,,,,,,,,,,,,,,,,,,
211,1.825,1000180400,12.0867,5.79783,5.515,4.90661,18.1958,15.5923,8.11666,7.47375,10.4984,12.0216,17.7158,53.9054,11.6376,13.3375,10.0112,13.2028,,,,,,,,,,,,,,,,,,
211,1.875,1000180400,12.3925,5.91257,5.66472,5.02679,18.4688,14.7989,7.00203,5.69333,10.6582,10.3251,19.9819,52.7133,12.9823,14.3178,8.80871,10.0151,,,,,,,,,,,,,,,,,,
211,1.925,1000180400,12.538,5.97362,5.73763,5.09697,17.6366,14.1698,7.16182,6.0091,17.3238,9.94801,15.5721,56.3319,13.1919,14.5576,9.38935,11.1858,,,,,,,,,,,,,,,,,,
211,1.975,1000180400,12.6705,6.02629,5.80996,5.15326,17.1439,13.7,6.93799,5.7565,11.757,13.0416,18.9118,52.1891,12.5662,14.2813,9.46294,11.5632,,,,,,,,,,,,,,,,,,
211,2.025,1000180400,13.139,6.01258,5.89202,5.15566,18.0951,14.3426,6.97041,5.68545,2.00475,11.2394,33.4699,64.5431,10.9894,12.8779,9.70494,12.7079,,,,,,,,,,,,,,,,,,
211,0.075,1000260560,2,2.8225,1.32715,0.927476,2.0003,12.3375,5.49496,3.82888,4.11148,9.69928,3.57077,5.02465,2.08161,9.96127,2.51635,3.92906,,,,,,,,,,,,,,,,,,
211,0.125,1000260560,2,12.2399,2.61367,1.82665,2.00001,13.2567,5.85306,4.07679,4.22559,10.4542,4.03132,5.7559,2.00033,12.4621,2.89727,2.03561,,,,,,,,,,,,,,,,,,
211,0.175,1000260560,2,16.0269,3.69189,2.57585,2.00123,16.1338,6.48167,4.56391,4.9212,9.27954,4.33455,5.88522,2.80392,17.0441,3.08161,4.98605,,,,,,,,,,,,,,,,,,
211,0.225,1000260560,2.00191,11.495,4.67953,3.3088,3.82014,16.6664,6.47084,10.2563,5.29041,9.46679,4.7639,6.43041,3.99765,9.25922,3.20783,4.47047,,,,,,,,,,,,,,,,,,
211,0.275,1000260560,6.20284,4.71703,3.37796,3.66702,5.93891,9.78192,6.31522,8.76193,5.74188,10.1143,4.9915,6.58484,4.90554,10.3804,3.30974,4.16349,,,,,,,,,,,,,,,,,,
211,0.325,1000260560,7.39224,3.34082,2.9844,2.67756,7.2732,11.1324,6.36305,8.12113,5.93282,9.85857,5.45439,7.27331,5.14611,10.4593,3.64782,4.61306,,,,,,,,,,,,,,,,,,
211,0.375,1000260560,7.47417,3.69687,3.21263,2.97268,9.49162,12.4516,6.07994,6.61634,5.53086,11.471,6.51973,9.23211,4.95911,9.57516,4.21265,5.65936,,,,,,,,,,,,,,,,,,
211,0.425,1000260560,7.68298,3.83565,3.33814,3.09049,10.433,12.9129,6.81389,7.36455,5.00126,15.9124,7.49597,11.2452,5.10503,9.27316,4.60122,6.25295,,,,,,,,,,,,,,,,,,
211,0.475,1000260560,8.15036,3.75676,3.38549,3.0271,11.8585,7.0691,6.40311,6.22473,6.0968,12.778,7.78986,11.2415,5.47338,9.7169,4.87671,6.52728,,,,,,,,,,,,,,,,,,
211,0.525,1000260560,8.4592,4.06859,3.64163,3.29452,12.5811,13.1323,6.97025,6.86653,6.50744,12.6737,8.3638,12.0538,5.77439,9.68015,5.33908,7.15768,,,,,,,,,,,,,,,,,,
211,0.575,1000260560,8.6416,4.38849,3.87526,3.56715,13.9195,7.00253,6.94086,6.41617,7.04138,12.6073,9.13157,13.1867,6.56663,10.8056,5.61806,7.22001,,,,,,,,,,,,,,,,,,
211,0.625,1000260560,8.88003,4.53766,4.01449,3.7007,14.1536,6.91616,6.92459,6.34259,8.30885,10.2153,9.67557,13.7851,7.54483,11.6996,5.93599,7.2539,,,,,,,,,,,,,,,,,,
211,0.675,1000260560,9.20233,4.57717,4.10953,3.73738,14.4943,6.60094,6.72363,5.9691,9.60946,10.2559,9.96363,13.9176,8.87677,12.2489,5.8104,6.43707,,,,,,,,,,,,,,,,,,
211,0.725,1000260560,9.04645,4.97279,4.31945,4.075,14.7486,13.5272,7.35265,6.84232,9.85264,10.2265,10.2455,14.5058,9.80425,7.13268,5.8352,6.07664,,,,,,,,,,,,,,,,,,
211,0.775,1000260560,9.80704,4.79427,4.36913,3.93279,14.9572,13.4392,7.22597,6.59287,11.7358,13.1502,10.3304,13.9957,10.8328,6.66549,5.83372,5.70694,,,,,,,,,,,,,,,,,,
211,0.825,1000260560,9.94213,4.9278,4.48301,4.05457,15.1999,13.8159,7.63611,7.1873,12.6049,14.1295,10.127,13.2655,11.6575,6.11212,5.65562,5.20803,,,,,,,,,,,,,,,,,,
211,0.875,1000260560,10.4621,5.25488,4.80593,4.35962,15.7461,14.1919,7.97227,7.63008,12.8903,13.9652,10.7742,14.8808,12.4766,6.03224,5.77196,5.15661,,,,,,,,,,,,,,,,,,
211,0.925,1000260560,10.2468,5.77618,5.09438,4.83467,15.6501,13.9597,7.71385,7.22248,14.0786,14.7338,11.1815,15.7812,13.0021,6.10097,5.93836,5.2433,,,,,,,,,,,,,,,,,,
211,0.975,1000260560,10.7104,5.6544,5.12703,4.7347,16.1101,13.8372,7.46873,6.72604,14.4674,14.9157,11.3798,16.3623,13.2937,6.12596,6.0194,5.28277,,,,,,,,,,,,,,,,,,
211,1.025,1000260560,10.924,5.74249,5.2284,4.82892,16.7868,13.8949,7.30955,6.35913,14.1654,12.9028,12.7342,21.1012,13.6047,6.19307,6.14259,5.37272,,,,,,,,,,,,,,,,,,
211,1.075,1000260560,11.3402,5.82502,5.37814,4.91939,17.0985,14.8163,8.15077,7.71753,15.5672,14.1681,12.9327,21.6941,13.8843,6.72489,6.67531,6.04206,,,,,,,,,,,,,,,,,,
211,1.125,1000260560,11.6877,6.15427,5.69277,5.25148,17.2386,14.4119,7.65277,6.82417,15.6931,13.129,13.557,24.1448,14.6654,6.35477,6.53339,5.66272,,,,,,,,,,,,,,,,,,
211,1.175,1000260560,11.8973,6.14321,5.73184,5.2485,17.5334,15.2238,8.33132,7.96905,17.0158,11.9812,14.5501,27.8193,14.5683,6.7246,6.86681,6.15456,,,,,,,,,,,,,,,,,,
211,1.225,1000260560,12.0314,6.4101,5.95465,5.53569,17.9205,15.5348,8.33859,7.93487,17.4311,12.9951,14.0423,25.8669,15.1309,6.65123,6.97085,6.17159,,,,,,,,,,,,,,,,,,
211,1.275,1000260560,12.1752,6.49538,6.0585,5.62622,18.1109,16.2103,8.88846,9.00069,19.9898,13.0055,16.3339,29.0929,15.5174,13.4175,7.11682,6.30159,,,,,,,,,,,,,,,,,,
211,1.325,1000260560,12.6108,6.78529,6.39191,5.97469,18.2237,16.4074,8.96179,9.16424,17.5115,12.5552,19.3678,52.2216,15.5554,13.5613,7.27985,6.53875,,,,,,,,,,,,,,,,,,
211,1.375,1000260560,12.7928,6.57855,6.27384,5.76024,18.6563,16.6479,8.55365,8.283,19.9999,12.1636,20.7511,57.7225,15.9557,13.8309,7.50748,6.80457,,,,,,,,,,,,,,,,,,
211,1.425,1000260560,12.8806,6.70318,6.38888,5.91231,18.8539,16.7242,8.23442,7.65704,19.9999,9.04672,23.634,77.4604,16.1592,13.9155,7.55068,6.83301,,,,,,,,,,,,,,,,,,
211,1.475,1000260560,13.1157,6.86253,6.58836,6.11885,19.6776,14.7224,8.83745,8.84218,20,12.9659,28.5282,80.0146,16.3329,14.4863,8.14001,7.81075,,,,,,,,,,,,,,,,,,
211,1.525,1000260560,13.537,6.87969,6.71939,6.18975,20,14.7464,8.81545,8.74554,7.0402,14.6632,97.9544,88.227,16.4999,14.6413,8.25418,7.96553,,,,,,,,,,,,,,,,,,
211,1.575,1000260560,13.7341,6.75188,6.6609,6.05385,20,17.8626,8.93492,8.97667,19.9999,17.7838,111.171,81.7257,16.3251,14.7135,8.40078,8.31038,,,,,,,,,,,,,,,,,,
211,1.625,1000260560,13.8602,13.5093,7.41885,7.14947,20,16.4811,9.52533,10.442,20,14.2851,107.408,67.1425,17.3932,15.2532,8.47541,8.23129,,,,,,,,,,,,,,,,,,
211,1.675,1000260560,14.209,13.3142,7.14579,6.6543,20,16.2233,8.47026,8.07605,8.3507,14.3663,110.725,84.6086,16.7401,15.537,9.20957,9.87072,,,,,,,,,,,,,,,,,,
211,1.725,1000260560,14.8202,13.5333,7.35176,6.82476,20,17.8202,8.93191,8.9351,19.9997,11.0209,34.544,67.9948,17.1284,16.1629,9.82702,11.346,,,,,,,,,,,,,,,,,,
211,1.775,1000260560,14.8918,13.8219,7.68916,7.34809,20,17.6034,9.4394,10.1344,19.9995,16.7173,107.375,82.9526,17.4157,15.5391,8.76096,8.82454,,,,,,,,,,,,,,,,,,
211,1.825,1000260560,14.9946,14.0321,7.93123,7.71271,20,17.9955,8.59286,8.32682,19.9995,9.98023,111.067,95.8369,18.3383,16.1857,8.56248,8.29226,,,,,,,,,,,,,,,,,,
211,1.875,1000260560,15.4528,13.9182,7.71938,7.24258,19.9999,16.8381,9.82655,11.2015,19.9999,15.8949,110.473,64.8891,17.0546,16.2055,9.96344,11.7243,,,,,,,,,,,,,,,,,,
211,1.925,1000260560,16.0047,14.1671,7.87073,7.40182,19.9998,17.5743,10.5917,13.2577,19.9999,13.7065,116.21,80.328,17.7921,16.4141,9.5342,10.5446,,,,,,,,,,,,,,,,,,
211,1.975,1000260560,16.4649,14.3771,7.96814,7.48492,19.9999,17.5517,9.04577,9.32169,19.9965,10.3441,119.346,103.582,17.3012,16.6169,10.6571,13.6471,,,,,,,,,,,,,,,,,,
211,2.025,1000260560,16.4748,14.3081,7.88295,7.3304,20,16.174,9.09327,9.3828,19.9981,15.5709,119.541,117.449,17.4282,16.6185,11.4998,16.2219,,,,,,,,,,,,,,,,,,
