probe,ke,target,meanhA,meanErrhA,stdhA,stdErrhA,meannhN,meanErrhN,stdhN,stdErrhN,meanINCL,meanErrINCL,stdINCL,stdErrINCL,meanGeant4,meanErrGeant4,stdGeant4,stdErrGeant4
-211,0.075,1000060120,2,11.9696,0.634703,0.454832,2.00001,17.3245,3.32944,2.48745,3.16696,2.93563,1.43306,1.92085,3.74521,2.87023,1.68835,2.01945
-211,0.125,1000060120,2.00001,11.9318,1.32806,0.925248,2,15.0877,3.37019,2.53201,3.70142,2.07106,1.37572,1.53346,3.62591,3.78867,1.97673,2.5797
-211,0.175,1000060120,2.00009,16.6155,1.83311,1.27666,2.00004,10.9232,3.79967,3.07304,3.94568,1.92976,1.40726,1.47224,4.07328,3.58976,2.08913,2.55873
-211,0.225,1000060120,3.24585,3.37671,1.63662,2.21775,2.89279,16.6574,3.86429,13.2288,4.12828,1.95587,1.47959,1.50825,4.49109,3.36005,2.1758,2.51884
-211,0.275,1000060120,4.28979,1.25379,1.15235,0.986783,3.95634,11.41,3.58038,6.67617,4.30923,1.80411,1.46035,1.41571,4.79942,3.27152,2.24804,2.54865
-211,0.325,1000060120,4.51777,1.03635,1.01554,0.778072,4.4577,9.39128,3.69471,6.97258,4.44553,1.79205,1.48857,1.41366,4.63705,3.77173,2.37126,2.89247
-211,0.375,1000060120,4.55821,1.08136,1.05533,0.816667,5.72137,4.91398,3.27258,5.22582,4.5656,1.72467,1.48006,1.36515,4.44383,4.81287,2.70431,3.75042
-211,0.425,1000060120,4.5293,1.08539,1.05669,0.822302,5.67474,5.18376,3.37598,5.57797,4.59621,1.85677,1.55729,1.46714,4.28285,4.4576,2.49001,3.30988
-211,0.475,1000060120,4.59419,1.19427,1.14732,0.9175,6.05641,4.46312,3.19729,4.92612,4.65097,1.94152,1.61501,1.53124,3.50039,12.3367,3.15969,5.45509
-211,0.525,1000060120,4.64472,1.14618,1.11385,0.870404,5.8989,5.63,3.64946,6.71537,4.80377,1.835,1.59181,1.45365,4.16049,9.80479,2.72986,3.9303
-211,0.575,1000060120,4.61178,1.33026,1.24782,1.03843,6.32379,4.99918,3.53999,6.2481,4.97004,1.99054,1.71237,1.57956,4.19001,9.75561,2.79669,4.13073
-211,0.625,1000060120,4.66252,1.32515,1.25043,1.03096,7.12611,4.23783,3.25985,5.15684,5.02673,1.98541,1.72182,1.57658,4.4364,5.07255,2.77607,4.02005
-211,0.675,1000060120,4.67147,1.34512,1.26559,1.04818,6.75129,3.50368,2.86091,3.80883,5.02041,2.22849,1.85152,1.76937,4.26182,4.98811,2.6783,3.83224
-211,0.725,1000060120,4.81213,1.29543,1.24427,0.995565,6.73965,4.63758,3.45851,5.89002,5.13007,2.01484,1.75803,1.60221,5.10249,4.16077,2.64876,3.51714
-211,0.775,1000060120,4.75832,1.38105,1.30125,1.07542,7.05454,3.61016,2.92353,4.01595,5.35958,1.97176,1.77711,1.56894,4.76078,5.05538,2.8573,4.22949
-211,0.825,1000060120,4.82251,1.40415,1.32521,1.0924,7.3435,4.54194,3.35127,5.55801,5.27904,2.07126,1.82016,1.65295,5.10302,10.4468,3.42343,5.99518
-211,0.875,1000060120,4.86613,1.54232,1.42535,1.21112,7.24464,4.29706,3.25754,5.19196,5.4059,2.23582,1.93973,1.80286,5.77435,2.91008,2.30263,2.51795
-211,0.925,1000060120,4.81007,1.51865,1.4016,1.19303,6.96893,2.95272,2.54129,2.90351,5.24128,2.1781,1.87569,1.74215,5.73011,4.7151,3.09219,4.82932
-211,0.975,1000060120,4.85286,1.50887,1.40126,1.18274,7.04999,4.90875,3.56359,6.44498,5.49518,2.08844,1.86695,1.67477,5.47518,4.20904,2.8093,3.8813
-211,1.025,1000060120,4.92194,1.52485,1.4214,1.1938,8.40423,7.11539,3.9874,14.5656,5.59276,2.2767,1.99908,1.85654,5.11832,5.07359,3.01915,4.59317
-211,1.075,1000060120,5.00701,1.59235,1.47866,1.24872,6.96917,3.93454,3.09949,4.60317,5.60252,2.21031,1.96272,1.79483,5.36195,4.67867,2.9354,4.33754
-211,1.125,1000060120,5.07249,1.67243,1.54108,1.31535,7.13284,6.49184,4.3292,14.684,5.40268,2.58805,2.13117,2.12242,4.84322,4.13846,2.52622,3.31837
-211,1.175,1000060120,4.9728,1.69933,1.54268,1.34122,7.13348,6.21045,4.16186,14.7361,5.5976,2.19886,1.95843,1.78491,5.38936,3.25849,2.36032,2.74331
-211,1.225,1000060120,5.06817,1.7274,1.5758,1.36261,9.68546,9.3238,5.42913,15.9567,5.34722,2.74704,2.19615,2.25643,3.55038,16.7741,4.09848,13.7633
-211,1.275,1000060120,5.03911,1.8456,1.64379,1.46189,9.38336,10.6878,5.23546,14.8976,5.35806,3.41352,2.49787,2.92388,4.08104,9.58071,3.17253,5.52518
-211,1.325,1000060120,5.158,1.92881,1.71473,1.53136,8.68585,12.2588,4.05282,14.4587,5.30017,2.10245,1.84428,1.68102,3.7081,12.7103,3.44208,6.45512
-211,1.375,1000060120,5.06183,1.8499,1.65101,1.46524,8.80888,4.87134,2.87046,4.19632,5.04442,3.40879,2.39355,2.7635,3.03168,17.4827,3.62002,12.8345
-211,1.425,1000060120,5.09533,2.17004,1.8388,1.72704,2.00016,17.9897,16.2578,20.9119,5.3703,2.87306,2.25981,2.38237,2.00008,10.9103,3.61882,3.02139
-211,1.475,1000060120,5.20897,1.92964,1.7256,1.53182,9.18284,6.66254,3.24178,5.62799,4.87222,3.44961,2.35177,2.72737,4.57193,4.10342,2.45575,3.14707
-211,1.525,1000060120,5.21754,2.03597,1.78915,1.62192,19.881,17.4264,11.4059,17.1108,5.43855,2.17267,1.91188,1.74998,2.06912,16.9601,3.88354,12.8466
-211,1.575,1000060120,5.24085,2.12547,1.84595,1.69768,19.9836,17.9901,13.7295,18.0906,4.64638,9.90272,3.30922,5.60426,3.64498,11.615,3.20328,5.56871
-211,1.625,1000060120,5.28777,1.9285,1.738,1.53145,10.7299,11.9568,4.30726,13.3347,4.70821,2.1752,1.73059,1.71184,3.27326,14.7364,3.23072,5.83358
-211,1.675,1000060120,5.29081,1.94832,1.75151,1.5479,8.33369,3.37983,2.44731,2.94453,5.03877,1.8468,1.63452,1.46241,2.00009,9.74451,3.72295,2.9789
-211,1.725,1000060120,5.43451,2.03961,1.83262,1.63007,7.88168,4.68774,3.24976,5.22089,5.77432,1.94152,1.82004,1.54057,2.00006,14.9757,4.12213,3.65456
-211,1.775,1000060120,5.34118,2.04198,1.81622,1.63006,9.49633,7.27042,3.28989,5.83292,5.11229,3.16669,2.29869,2.57046,2.00153,11.6702,3.00526,2.26613
-211,1.825,1000060120,5.39159,2.10776,1.86505,1.6898,11.581,12.395,3.81629,12.3883,5.68389,1.79345,1.6843,1.39681,2.00011,17.1407,3.40197,2.68212
-211,1.875,1000060120,5.51668,1.97325,1.80462,1.57081,8.42572,2.46822,1.96746,1.99096,4.95366,2.72402,2.06868,2.15174,2.00138,9.01355,3.41569,2.63454
-211,1.925,1000060120,5.36747,2.08539,1.84788,1.66918,13.1707,12.3597,4.68582,12.0674,4.54223,2.57727,1.87593,1.97659,2.00016,9.3251,3.04427,2.47082
-211,1.975,1000060120,5.41386,2.21446,1.93104,1.78613,12.1192,11.3742,3.74202,11.6548,4.1058,4.69757,2.54144,3.46113,2.00033,17.7929,3.82125,3.16046
-211,2.025,1000060120,5.46509,2.09949,1.87392,1.68523,8.71725,5.24333,2.9424,4.64,3.54299,14.9492,3.69346,13.3333,2.00115,17.9955,4.45498,4.28858
-211,0.075,1000080160,2.00004,11.2108,0.718624,0.503491,2.00006,17.9742,3.70004,2.59978,2.94559,3.41256,1.45605,2.09372,3.93924,2.7393,1.71996,1.98279
-211,0.125,1000080160,2,11.8878,1.45123,1.01259,2.00025,17.5299,3.95017,2.80074,3.41075,2.68471,1.46677,1.83688,3.8806,3.45814,1.96427,2.41161
-211,0.175,1000080160,2.00002,15.5963,1.96779,1.37166,2.0004,10.2893,4.30049,3.119,3.66608,2.48373,1.51561,1.77649,4.19129,3.66748,2.17806,2.61002
-211,0.225,1000080160,3.15794,9.41714,1.91069,2.78302,2.63019,10.265,4.63651,8.18987,3.9017,2.34114,1.55868,1.72978,4.79995,3.25325,2.24907,2.45277
-211,0.275,1000080160,4.43926,1.49881,1.32726,1.1863,4.18775,12.5255,4.30799,7.25089,4.08335,2.23114,1.57863,1.68293,5.20281,3.15239,2.34009,2.43573
-211,0.325,1000080160,4.75359,1.25017,1.20436,0.95815,5.01037,9.15191,4.36784,6.99004,4.20675,2.30201,1.65015,1.74423,5.10156,3.63855,2.51559,2.7562
-211,0.375,1000080160,4.78243,1.33485,1.27079,1.03295,6.29384,6.15415,4.05401,5.67544,4.31018,2.28346,1.67374,1.74477,5.08468,4.065,2.68731,3.04529
-211,0.425,1000080160,4.84803,1.44858,1.35953,1.13027,6.6055,6.23623,4.21987,6.10794,4.41179,2.21673,1.67847,1.71064,4.88036,4.79182,2.91269,3.53778
-211,0.475,1000080160,4.92234,1.43025,1.35532,1.11025,6.71942,6.28773,4.2973,6.31398,4.52084,2.26002,1.73037,1.75023,4.8287,5.10837,3.03143,3.78123
-211,0.525,1000080160,4.92498,1.58457,1.46168,1.24514,7.37106,5.37713,4.07762,5.50542,4.68316,2.17531,1.73892,1.70253,4.58037,10.0463,3.21519,4.25206
-211,0.575,1000080160,4.95406,1.61241,1.48416,1.26799,8.12998,5.13817,4.15706,5.7411,4.81606,2.13269,1.75212,1.67847,4.81197,9.9239,3.66852,5.14362
-211,0.625,1000080160,5.07246,1.60254,1.49439,1.25449,8.2071,4.28253,3.67891,4.31144,4.99655,2.26204,1.86192,1.78213,5.05314,10.4184,3.5052,4.66128
-211,0.675,1000080160,5.00931,1.76046,1.5866,1.39102,8.38377,4.56037,3.88312,4.86252,5.22288,2.12563,1.84212,1.68353,5.10577,10.1288,3.91388,5.66204
-211,0.725,1000080160,5.1482,1.74787,1.60161,1.37656,8.09266,5.4529,4.32089,6.28909,5.18615,2.28536,1.91778,1.80764,5.80423,5.46284,3.53592,4.46515
-211,0.775,1000080160,5.14266,1.89741,1.69321,1.50161,8.41371,4.48399,3.83447,4.72588,5.35964,2.3027,1.96801,1.8248,5.81644,5.77724,3.68295,4.82641
-211,0.825,1000080160,5.19988,2.04248,1.78934,1.61834,8.34028,4.7314,3.9802,5.14552,5.57211,2.22367,1.96703,1.76389,6.73434,4.60138,3.46207,4.0246
-211,0.875,1000080160,5.20568,2.042,1.78999,1.61807,8.66299,4.65527,3.95922,5.10253,5.47306,2.19511,1.93112,1.74101,7.10505,4.67186,3.59887,4.30304
-211,0.925,1000080160,5.26469,2.03991,1.80026,1.61639,9,5.05448,4.22152,5.90983,5.45919,2.25475,1.9625,1.78861,6.38132,11.1592,4.54405,7.32926
-211,0.975,1000080160,5.36604,2.10554,1.85943,1.66814,9.40745,5.05076,4.15961,5.78007,5.41637,2.89928,2.28801,2.27129,6.32701,6.37621,4.13759,5.99027
-211,1.025,1000080160,5.46833,2.14277,1.90028,1.69809,9.33578,5.61069,4.5234,6.94615,5.46017,2.37209,2.02841,1.88083,5.76135,10.8548,3.88145,5.53909
-211,1.075,1000080160,5.58813,2.13697,1.91813,1.69269,9.73526,5.7197,4.49256,6.87077,5.54859,2.66377,2.20332,2.10644,6.26677,6.18135,4.03069,5.68839
-211,1.125,1000080160,5.73758,2.189,1.97706,1.73245,8.85364,6.00795,4.76551,7.8518,5.55442,2.93058,2.34293,2.30381,5.17839,9.53142,4.33583,6.99522
-211,1.175,1000080160,5.61271,2.21184,1.96827,1.75368,9.01914,7.09267,5.39076,10.4167,5.77212,2.57493,2.20801,2.04549,5.08079,9.89461,4.02836,6.05029
-211,1.225,1000080160,5.65439,2.36272,2.06391,1.87592,10.5749,13.0692,5.63344,20.5247,5.50111,3.26782,2.48016,2.54336,2.33879,15.9669,5.74634,18.7696
-211,1.275,1000080160,5.81988,2.34475,2.08613,1.86085,10.2297,7.29734,5.16572,9.43577,5.51847,2.80505,2.26507,2.2107,2.00015,12.4876,6.13719,5.65429
-211,1.325,1000080160,5.76714,2.49703,2.16438,1.98349,10.1033,6.79135,4.9274,8.58651,5.24427,3.05957,2.30918,2.37069,2.00186,9.55152,5.27408,4.31898
-211,1.375,1000080160,5.96695,2.45362,2.17885,1.94942,9.09646,6.79423,5.1726,9.63083,5.34014,3.40171,2.49643,2.62479,2.20015,11.9613,4.8195,8.75077
-211,1.425,1000080160,6.0378,2.45936,2.19563,1.95377,9.95422,5.28971,4.17054,5.85126,5.46299,2.6128,2.15885,2.06482,2.0199,9.60597,5.30535,6.6764
-211,1.475,1000080160,5.99166,2.66804,2.30743,2.12375,10.3254,5.06587,3.95571,5.19018,5.25296,3.96576,2.70656,3.0182,3.29121,17.081,4.64874,8.59802
-211,1.525,1000080160,6.04536,2.53666,2.24324,2.01751,11.6231,13.3185,4.89508,8.72264,5.085,3.92181,2.6312,2.95364,2.00031,9.44081,5.714,4.96788
-211,1.575,1000080160,6.1293,2.70663,2.35824,2.15758,9.68134,3.65618,3.25341,3.34562,4.93127,4.02069,2.61159,2.99198,3.1561,17.3478,4.31786,7.63609
-211,1.625,1000080160,6.16751,2.96159,2.50827,2.36537,10.0942,5.99224,4.49011,6.96602,5.40729,2.72061,2.19798,2.14026,2.00032,9.36599,4.82462,3.76667
-211,1.675,1000080160,6.43067,2.54473,2.31736,2.02218,10.496,5.75345,4.16555,6.0255,4.99393,3.31297,2.34323,2.5234,2.00008,12.4904,4.42292,3.28853
-211,1.725,1000080160,6.27122,2.69033,2.37739,2.14688,11.1731,6.80544,4.40535,6.82322,4.45808,4.40345,2.59044,3.17051,2.00133,9.57635,4.48205,3.40557
-211,1.775,1000080160,6.4219,2.68623,2.40399,2.14362,11.2536,4.984,3.56335,4.36017,4.46609,10.0214,3.05726,4.00611,4.6196,9.17432,3.8222,5.67609
-211,1.825,1000080160,6.43884,2.73007,2.4348,2.18019,11.1429,3.80359,3.03344,3.16534,4.94742,4.05637,2.63289,3.01998,2.00011,14.5126,4.56952,3.40449
-211,1.875,1000080160,6.51947,2.72592,2.4471,2.17876,14.857,11.1099,6.73516,18.1548,4.81326,10.3041,3.23764,4.23482,2.00197,12.2058,4.68845,3.62277
-211,1.925,1000080160,6.49139,2.73989,2.44964,2.19075,10.8618,5.83327,4.12426,5.80767,5.00425,4.79974,2.96625,3.57423,2.51139,9.47194,4.19256,7.38721
-211,1.975,1000080160,6.64265,2.69031,2.44547,2.14817,11.0266,6.49757,4.34127,6.59875,2.81953,17.4095,3.7451,6.24142,2.00407,15.439,4.55464,3.58765
-211,2.025,1000080160,6.66441,2.58425,2.38052,2.05302,10.8152,4.03929,3.27625,3.52585,5.42437,2.27249,1.96494,1.80118,2.00054,17.6777,4.12355,2.99469
-211,0.075,1000180400,2,2.50762,1.16728,0.814418,2.00002,14.1007,5.25568,3.66455,5.91762,2.02124,1.8936,1.58361,5.41174,3.18129,2.42392,2.46946
-211,0.125,1000180400,2.00006,11.8552,2.29778,1.60473,2.00029,10.6335,5.67873,3.95477,6.14063,2.2578,2.08527,1.78074,5.28031,4.50605,2.95884,3.38777
-211,0.175,1000180400,2,15.2051,3.22584,2.25123,2.00373,9.61382,6.45782,4.6769,6.29203,3.69588,2.91831,2.92003,6.19592,3.91292,3.00305,3.06723
-211,0.225,1000180400,2.00386,17.6566,4.0318,2.96519,4.3846,16.0745,6.26919,9.59503,6.15721,5.67423,3.80801,4.38034,7.12009,3.46277,3.0014,2.77616
-211,0.275,1000180400,5.80329,3.3991,2.63665,2.65977,5.77668,9.65552,6.04964,8.36648,6.03702,10.9482,4.46631,5.51587,7.80457,3.33675,3.05716,2.66809
-211,0.325,1000180400,6.25566,2.82033,2.44995,2.24627,6.75285,10.247,6.31741,8.3968,5.78716,10.1165,5.05177,6.66785,8.0699,3.54039,3.23468,2.84027
-211,0.375,1000180400,6.49438,2.88975,2.54099,2.30319,8.71961,12.24,5.86788,6.59294,4.96095,13.0302,6.15601,8.93643,8.28296,3.78596,3.42887,3.05111
-211,0.425,1000180400,6.66703,3.07038,2.67914,2.45212,9.66242,7.36273,5.94123,6.3249,4.98448,14.0908,6.52809,9.65808,8.53362,3.97914,3.5983,3.21688
-211,0.475,1000180400,6.93015,3.1375,2.77394,2.50734,10.2341,7.53334,6.24923,6.55772,3.5106,9.60699,7.91775,12.858,8.85786,4.29088,3.85744,3.48696
-211,0.525,1000180400,7.03788,3.42233,2.96022,2.74162,10.9595,12.8774,6.65504,6.94617,2.93834,16.8468,9.03158,15.0248,9.38128,4.26745,3.94085,3.46209
-211,0.575,1000180400,7.06373,3.60182,3.07041,2.88456,11.6351,7.20725,6.43226,6.35823,2.00109,9.23954,10.5206,7.47823,9.94525,4.48411,4.18329,3.65189
-211,0.625,1000180400,7.22622,3.92538,3.28747,3.14632,12.6693,6.85508,6.45805,6.0684,2.28815,17.829,10.9302,15.6172,10.5827,4.31453,4.15589,3.47506
-211,0.675,1000180400,7.40937,3.98321,3.35866,3.20271,13.0296,6.53167,6.29232,5.72365,2.03228,10.0439,11.9855,12.9105,11.2726,4.41035,4.31677,3.53954
-211,0.725,1000180400,7.82604,3.86809,3.39085,3.11777,13.2955,6.72155,6.51826,5.96818,3.98091,11.9599,11.3905,20.0047,11.7327,4.14894,4.14275,3.2599
-211,0.775,1000180400,7.93197,4.09977,3.5475,3.31262,13.1334,13.3872,7.29048,7.18799,3.7998,16.5557,11.8703,21.4609,12.0552,4.2403,4.25028,3.33414
-211,0.825,1000180400,8.03524,4.32377,3.70252,3.49795,13.2452,6.90369,6.65387,6.18956,5.04064,10.5035,12.273,21.6353,12.5456,4.19932,4.24921,3.25858
-211,0.875,1000180400,8.26521,4.33041,3.75576,3.51229,13.5141,13.3082,7.18423,6.88178,5.91033,9.66431,12.3513,21.7436,13.1271,4.18454,4.27228,3.22698
-211,0.925,1000180400,8.3238,4.67867,3.96974,3.80342,14.0281,6.72966,6.71769,6.07201,5.95476,10.5108,13.1748,24.2759,13.0276,4.16421,4.24692,3.20112
-211,0.975,1000180400,8.63967,4.58533,3.99188,3.73496,14.6137,13.3197,7.11918,6.51728,6.66532,11.6644,12.6516,22.4671,13.0686,4.36791,4.44456,3.40402
-211,1.025,1000180400,8.49685,4.93524,4.16459,4.0198,15.3881,13.4274,7.15285,6.37332,6.66856,10.5445,13.938,26.6232,13.1162,4.71615,4.77382,3.77073
-211,1.075,1000180400,8.58179,5.42428,4.45429,4.43546,15.6422,13.6288,7.34209,6.60901,5.25847,16.3475,15.4936,51.2159,13.3669,4.75578,4.8346,3.8025
-211,1.125,1000180400,8.81558,5.02712,4.29328,4.11322,15.8853,14.27,8.02652,7.70396,3.84723,14.0963,16.6389,51.9293,13.0732,5.17777,5.1797,4.25675
-211,1.175,1000180400,9.40382,5.04937,4.44814,4.15414,16.792,14.6592,8.1574,7.74003,7.98767,9.96991,14.3966,51.5391,12.9785,5.41492,5.36798,4.50895
-211,1.225,1000180400,9.46198,5.37801,4.66278,4.44488,16.3991,13.7013,7.23452,6.30085,7.92388,11.7265,15.6782,52.9712,13.3436,5.2192,5.25237,4.29593
-211,1.275,1000180400,9.40427,5.63142,4.79977,4.66544,16.4763,14.0727,7.62938,6.90596,9.84745,13.8098,14.363,27.4491,13.1305,5.90529,5.80266,5.03751
-211,1.325,1000180400,9.71349,5.68195,4.90746,4.72752,17.0407,14.2746,7.62094,6.79574,8.00777,11.8748,15.8623,53.1319,13.3169,5.89901,5.83414,5.03012
-211,1.375,1000180400,9.63712,5.65377,4.87422,4.69126,16.7198,14.0154,7.4758,6.6189,12.5461,11.193,14.4573,27.3664,13.2849,6.13913,6.02914,5.29488
-211,1.425,1000180400,10.0398,5.51878,4.88636,4.58896,17.4175,15.1779,8.37811,8.06263,8.46494,12.232,16.5848,53.568,13.5412,6.21204,6.14405,5.39163
-211,1.475,1000180400,10.34,5.59517,5.00496,4.66822,17.9307,13.9602,6.71974,5.37269,11.2023,13.3718,15.0251,54.0441,13.5783,6.23802,6.17236,5.42639
-211,1.525,1000180400,10.3298,5.90166,5.19842,4.95047,17.3151,13.7181,6.8711,5.64157,10.6289,12.7508,18.0743,53.4945,13.3478,6.73449,6.54032,5.99137
-211,1.575,1000180400,10.5424,6.06591,5.35911,5.11322,18.1916,14.909,7.4197,6.34468,8.47764,10.0867,15.5895,53.3447,13.7905,6.3665,6.33488,5.58566
-211,1.625,1000180400,10.6826,6.38059,5.6027,5.41937,18.8792,16.2334,7.68503,6.6853,7.02936,9.73704,20.6502,52.4419,13.1369,6.55295,6.33497,5.76348
-211,1.675,1000180400,11.0431,6.88512,6.0416,5.94991,19.472,17.4285,7.13096,5.78498,7.03773,12.0488,22.3086,63.0112,14.1069,6.30284,6.34945,5.53916
-211,1.725,1000180400,10.8632,6.93755,6.02646,5.98312,19.0573,16.4917,7.51264,6.41307,12.7684,9.48436,18.1911,53.7181,12.7832,7.14224,6.71951,6.4213
-211,1.775,1000180400,11.2922,6.50982,5.83932,5.59097,20,15.9653,8.34259,7.74693,10.3479,10.4902,16.9899,54.2986,12.8855,7.23627,6.82802,6.55242
-211,1.825,1000180400,11.2681,6.54715,5.86054,5.62679,19.5113,17.7529,7.66584,6.59219,2.00407,9.04341,28.0215,66.8656,12.7327,13.3568,7.26647,7.28086
-211,1.875,1000180400,11.3184,7.11769,6.28676,6.21394,19.3711,17.6723,8.53015,8.14929,2.02582,15.6403,23.4497,32.5107,13.5139,13.3493,7.23152,6.97452
-211,1.925,1000180400,11.7804,6.53499,5.98818,5.64235,19.505,17.7135,7.52642,6.38021,2.04162,10.2062,31.8856,65.4195,11.8802,13.7545,8.08014,8.98173
-211,1.975,1000180400,12.1513,7.03984,6.46478,6.21661,20,9.6618,7.63646,6.51808,5.5949,15.8761,20.6194,53.5821,12.3677,13.5093,7.51684,7.80321
-211,2.025,1000180400,12.2059,7.01434,6.45574,6.20206,18.7218,15.6997,7.48552,6.35842,12.7427,11.2703,18.7961,52.6794,12.8383,13.7157,7.77273,8.06512
-211,0.075,1000260560,2,2.82928,1.67531,1.17135,2.00008,13.6071,5.95412,4.15251,6.3702,2.38121,2.20127,1.87979,5.19296,4.02565,2.7183,3.03719
-211,0.125,1000260560,2,12.3894,3.04694,2.12915,2.00019,11.365,6.39597,4.45539,6.68708,2.62,2.40716,2.0763,4.72454,10.1613,3.28699,4.27906
-211,0.175,1000260560,2,16.2035,4.17468,2.9117,2.00018,14.5234,7.23557,5.04811,7.11919,2.78053,2.57943,2.20295,5.81268,5.08115,3.41204,3.88737
-211,0.225,1000260560,2.00001,9.97043,5.11686,3.56404,4.86917,15.437,6.73411,10.2634,7.4545,2.87692,2.69343,2.27582,7.11394,4.11569,3.35575,3.29071
-211,0.275,1000260560,6.88698,4.41652,3.45171,3.50135,6.27972,10.4745,6.93262,9.83576,7.80557,3.08259,2.88534,2.44551,7.95823,3.76185,3.35386,3.03011
-211,0.325,1000260560,7.60677,3.87578,3.34533,3.12154,7.98494,11.7902,6.62788,8.21275,8.06899,3.45189,3.17435,2.7628,8.35147,4.12876,3.65502,3.34457
-211,0.375,1000260560,7.83415,4.02769,3.4853,3.24963,9.93648,12.7644,6.62921,7.29021,8.32196,3.98212,3.55745,3.21781,8.69033,4.24382,3.79475,3.44547
-211,0.425,1000260560,8.26633,4.11641,3.63222,3.33246,10.7967,13.065,7.00053,7.56297,8.58654,4.6042,3.98605,3.74892,8.92016,4.60984,4.06893,3.7621
-211,0.475,1000260560,8.46523,4.02993,3.61722,3.26089,11.4498,13.2341,7.1802,7.60385,8.7391,5.92764,4.78994,4.87633,9.25867,4.71034,4.20157,3.86117
-211,0.525,1000260560,8.59499,4.49928,3.93248,3.66005,12.3838,13.2596,7.15229,7.20835,9.12718,6.24692,5.08438,5.1869,9.87225,4.83755,4.40863,3.97427
-211,0.575,1000260560,8.89631,4.671,4.10243,3.81302,13.965,13.5055,7.38688,7.1166,9.34407,12.4088,6.03132,6.58656,10.609,5.06092,4.70209,4.18032
-211,0.625,1000260560,8.88333,4.76302,4.15585,3.89072,14.6459,13.5174,7.35432,6.85534,9.77143,12.6477,6.42255,7.0367,11.1889,5.30167,4.97792,4.40901
-211,0.675,1000260560,9.48865,5.13192,4.51793,4.22687,14.8414,13.7611,7.62655,7.25173,10.1024,12.9505,7.01778,7.89818,12.0678,4.94484,4.8493,4.04209
-211,0.725,1000260560,9.68844,5.24895,4.63498,4.34037,14.9904,13.9126,7.77709,7.47912,10.3715,13.1777,7.66633,8.89966,12.8864,4.68299,4.72113,3.74568
-211,0.775,1000260560,9.78619,4.96132,4.47449,4.08246,15.5163,13.9762,7.76747,7.33237,10.6409,13.309,8.2489,9.8184,13.5457,4.5971,4.70039,3.63025
-211,0.825,1000260560,10.1219,5.41175,4.83705,4.49444,15.6545,14.1064,7.87982,7.50659,11.1051,13.5505,8.27945,9.73219,14.3004,4.55598,4.71732,3.55759
-211,0.875,1000260560,10.2806,5.33619,4.81907,4.4326,16.408,14.3612,7.96514,7.4847,11.3428,13.6662,8.66606,10.3951,14.4841,4.60587,4.78251,3.59948
-211,0.925,1000260560,11.0398,5.07626,4.7889,4.19328,16.7129,14.8743,8.41493,8.27899,11.7267,13.837,9.09171,11.1416,14.7936,4.62674,4.82817,3.62026
-211,0.975,1000260560,10.6014,5.96377,5.30604,5.02047,17.3767,15.0608,8.25092,7.86736,11.8441,13.2408,10.3341,14.0435,15.146,4.51058,4.73018,3.49159
-211,1.025,1000260560,10.8582,6.09381,5.45165,5.16137,17.4384,15.3448,8.5262,8.38546,12.8639,14.4264,9.65218,12.0319,15.3692,5.03936,5.32396,4.07721
-211,1.075,1000260560,10.9481,6.57104,5.80054,5.62509,17.9019,16.0003,8.84592,8.99098,12.3817,13.3148,10.8406,15.3281,15.4952,5.02224,5.32088,4.05941
-211,1.125,1000260560,11.5771,6.40396,5.83869,5.50039,18.2514,16.0623,8.51175,8.26295,13.3209,14.2217,10.9264,15.3558,15.9344,5.0665,5.4311,4.12051
-211,1.175,1000260560,11.9715,6.68134,6.14606,5.80886,19.4815,16.2111,9.44271,10.2632,12.2679,12.9526,10.9841,15.8652,15.8392,5.21298,5.58134,4.29792
-211,1.225,1000260560,12.2746,6.32984,5.95381,5.46197,19.9142,14.6295,8.79638,8.78299,13.6982,13.9601,11.6468,17.3858,16.2508,5.18655,5.62172,4.2936
-211,1.275,1000260560,12.3153,6.97469,6.4516,6.1672,19.8702,9.05886,8.73611,8.64565,13.3969,12.4376,12.3631,19.9683,16.3736,5.11886,5.56515,4.21084
-211,1.325,1000260560,12.4618,7.13893,6.62294,6.37599,19.8266,9.36413,8.88851,8.98656,13.0554,10.9553,14.5473,28.2997,16.7719,5.24809,5.81542,4.43117
-211,1.375,1000260560,12.4827,7.07648,6.58626,6.29559,20,17.9969,9.48703,10.3115,13.3741,11.1849,14.9053,54.685,16.4983,5.77757,6.40794,5.16515
-211,1.425,1000260560,13.1184,6.89106,6.60822,6.159,20,17.9988,9.38684,10.0718,14.2979,9.67501,14.9134,55.0199,17.2808,5.28264,6.03402,4.62926
-211,1.475,1000260560,13.3624,7.17335,6.9238,6.54693,20,17.7848,10.1443,12.065,12.0789,12.9558,23.3777,73.6968,17.2938,13.367,6.48327,5.15051
-211,1.525,1000260560,13.9897,13.3058,7.15181,6.71793,19.9999,16.793,9.79026,11.1715,15.9691,9.50431,15.8387,55.982,17.5185,13.4152,6.4125,5.03853
-211,1.575,1000260560,13.6734,13.3419,7.21574,6.89836,20,17.0752,9.4789,10.2874,15.9869,9.01024,15.6117,55.894,18.418,13.8316,6.11833,4.61288
-211,1.625,1000260560,13.9203,13.5444,7.44641,7.21029,20,15.9369,9.24261,9.75318,15.2807,9.97674,18.3335,53.3198,17.7507,13.7354,6.61615,5.26229
-211,1.675,1000260560,14.1916,13.5753,7.47302,7.15551,20,15.5227,9.06683,9.50348,13.4425,11.0222,23.8182,76.0664,18.0784,14.1336,6.77018,5.4236
-211,1.725,1000260560,14.4981,13.5498,7.40475,6.99153,19.9999,15.2442,9.69334,10.9436,3.08753,10.951,40.1145,64.8624,17.9364,14.4308,7.20253,6.02484
-211,1.775,1000260560,14.4296,13.5838,7.46082,7.07298,20,15.5485,10.419,12.7241,11.1569,9.19375,23.7958,77.3162,18.5267,14.7361,6.86349,5.50141
-211,1.825,1000260560,14.9311,14.3392,8.31043,8.45882,19.9998,15.2013,9.48123,10.4909,19.424,10.9876,105.805,83.2333,18.1645,14.5658,7.12455,5.89417
-211,1.875,1000260560,14.9422,14.4166,8.4043,8.61688,20,15.2149,10.459,12.9421,15.6812,11.1241,40.9735,62.7994,17.6298,14.5335,7.5491,6.59188
-211,1.925,1000260560,15.7858,14.6196,8.46618,8.51126,20,16.236,10.5042,13.1463,15.9821,12.9363,19.9648,54.8768,18.638,15.2238,7.16534,5.90544
-211,1.975,1000260560,15.0335,14.6009,8.62268,9.04607,19.9999,16.2493,11.5073,16.1116,16.0669,9.16547,26.2358,91.9399,18.9625,15.9795,7.26492,6.01876
-211,2.025,1000260560,15.8997,14.9218,8.78929,9.18873,20,15.9859,10.1946,12.6175,16.7703,14.7632,23.0008,72.1969,18.1657,15.3073,7.86438,7.04132
111,0.075,1000060120,2.00001,11.781,0.652754,0.464405,2,17.6403,3.34066,2.49799,3.36354,2.39289,1.35062,1.65633,3.52214,3.34976,1.75662,2.26614
111,0.125,1000060120,2,12.1272,1.3123,0.914676,2,16.7369,3.48074,2.65731,3.73533,2.03169,1.37333,1.51439,3.23991,9.2992,2.03748,2.90726
111,0.175,1000060120,2.00006,16.3184,1.78095,1.24025,2.00036,9.30396,3.88426,3.21618,3.97597,1.91358,1.41166,1.46431,3.46688,9.1173,2.19189,3.06013
111,0.225,1000060120,3.14236,3.4606,1.62309,2.25433,3.50366,14.7148,3.63552,6.91256,4.22323,1.74391,1.4085,1.36814,4.05576,4.26665,2.34308,3.05419
111,0.275,1000060120,4.27137,1.18431,1.10405,0.927518,4.80491,10.2032,3.30436,5.49124,4.36569,1.69194,1.41809,1.33549,4.4075,3.63743,2.24017,2.69649
111,0.325,1000060120,4.49597,1.03427,1.01254,0.777629,5.54777,4.99964,3.22393,5.09722,4.46669,1.66625,1.42747,1.31821,4.06985,4.77026,2.5608,3.52351
111,0.375,1000060120,4.49209,1.04459,1.02088,0.787356,6.20142,4.25539,3.15251,4.75712,4.59543,1.74677,1.49926,1.38196,4.14115,4.56115,2.49518,3.34677
111,0.425,1000060120,4.51539,1.15319,1.10889,0.885234,6.0639,4.97963,3.42505,5.80399,4.69045,1.72679,1.50793,1.36744,4.11857,4.29097,2.36705,3.097
111,0.475,1000060120,4.60887,1.14161,1.10756,0.868529,6.1354,5.64755,3.76943,7.11283,4.72302,1.80498,1.55876,1.4288,3.94198,9.66624,2.51989,3.52137
111,0.525,1000060120,4.63778,1.14167,1.1096,0.864272,6.55867,5.54274,3.83445,7.50683,4.85485,1.72602,1.53919,1.36519,3.9,9.20692,2.74686,4.08593
111,0.575,1000060120,4.63882,1.19276,1.15012,0.913262,6.94404,4.72495,3.49751,6.11044,4.94365,1.81379,1.60718,1.43625,3.53585,10.7586,2.89641,4.65166
111,0.625,1000060120,4.72382,1.26652,1.21412,0.974891,7.16011,4.00797,3.11597,4.69508,5.12972,1.65531,1.53775,1.29936,3.87925,9.23229,2.88623,4.51295
111,0.675,1000060120,4.65659,1.36665,1.2786,1.06787,7.14742,5.33064,3.75431,7.22756,5.17447,1.92402,1.71442,1.52721,4.41918,4.97109,2.72724,3.89405
111,0.725,1000060120,4.75558,1.36053,1.28639,1.05732,7.05812,6.09679,4.16425,14.7914,5.27655,1.99054,1.77458,1.58412,4.38708,4.90764,2.69585,3.81586
111,0.775,1000060120,4.84705,1.33413,1.2768,1.02836,7.46817,4.2362,3.17438,4.92382,5.29854,1.99634,1.78117,1.5897,4.2389,9.22937,3.14573,5.2058
111,0.825,1000060120,4.84554,1.41305,1.33421,1.09914,7.31762,4.15167,3.16243,4.87378,5.32508,1.91232,1.73452,1.517,5.4443,3.82686,2.6484,3.40008
111,0.875,1000060120,4.80991,1.4951,1.38605,1.17268,7.10777,4.64128,3.45312,5.90191,5.56183,2.17882,1.93878,1.76313,5.13287,3.92745,2.5715,3.30094
111,0.925,1000060120,4.89648,1.55359,1.43713,1.21994,6.89301,3.47475,2.82035,3.74432,5.54756,1.96261,1.7999,1.5614,5.29775,4.14552,2.71344,3.65172
111,0.975,1000060120,4.98997,1.54692,1.44548,1.21,7.24186,3.48012,2.82101,3.72355,5.53522,2.03398,1.8451,1.62633,5.16377,4.74418,2.88759,4.23101
111,1.025,1000060120,4.98792,1.4941,1.40852,1.16338,8.0126,4.54989,3.15898,4.8498,5.85956,2.3405,2.0911,1.95333,5.25176,3.36335,2.39644,2.80363
111,1.075,1000060120,5.04881,1.59235,1.48427,1.24706,7.75194,11.8223,4.49984,14.5012,5.54527,2.38634,2.05567,1.95747,4.27319,9.54453,3.02521,4.82828
111,1.125,1000060120,5.14409,1.59199,1.49635,1.24219,7.20865,4.45076,3.34063,5.50288,5.44575,2.39794,2.03684,1.95563,2.44447,14.7827,4.08389,12.7589
111,1.175,1000060120,5.12579,1.74592,1.59667,1.37706,7.55067,5.23034,3.63074,6.68751,5.55727,2.3637,2.04688,1.93714,2.63526,9.04255,4.06447,13.1063
111,1.225,1000060120,5.28462,1.57078,1.4971,1.21603,7.42279,3.85196,2.99088,4.28365,5.57876,2.13032,1.90846,1.71759,4.39338,9.36198,3.2714,5.60958
111,1.275,1000060120,5.27962,1.77692,1.64017,1.39956,7.39139,4.43516,3.30081,5.33677,5.70638,2.39681,2.09512,1.9905,4.67846,9.63549,3.54676,6.42304
111,1.325,1000060120,5.30458,1.67582,1.57496,1.30923,8.55882,7.1291,3.76711,14.2788,5.56608,2.10097,1.89258,1.69059,4.47331,4.79825,2.66172,3.7431
111,1.375,1000060120,5.42801,1.62829,1.55456,1.26059,8.66737,6.58955,3.56192,6.57896,5.62079,2.46433,2.11696,2.04458,3.86863,11.3967,3.4422,6.28318
111,1.425,1000060120,5.43994,1.65329,1.57377,1.28408,8.35553,11.4518,5.49543,16.0493,5.29698,2.18484,1.88338,1.75044,3.42615,14.2129,3.42062,6.24215
111,1.475,1000060120,5.35637,1.84222,1.69437,1.45531,8.41202,6.29094,3.598,6.67935,5.43528,2.477,2.07183,2.02629,2.78047,17.4686,3.25636,6.11883
111,1.525,1000060120,5.41176,1.86223,1.71635,1.47134,8.20493,5.05826,3.21155,5.25221,4.61818,2.22119,1.74315,1.73292,2.79554,16.3609,3.58542,12.5774
111,1.575,1000060120,5.64095,1.80096,1.70397,1.41002,9.74959,6.73468,3.00679,4.8938,5.06543,3.54125,2.44338,2.89278,2,15.3364,3.77726,3.05579
111,1.625,1000060120,5.56905,1.90569,1.76738,1.50946,8.4341,4.57381,2.92521,4.27404,5.3917,2.95975,2.30737,2.47501,4.14003,3.89848,2.20665,2.80179
111,1.675,1000060120,5.63644,1.67406,1.60934,1.29185,19.8556,9.49829,11.2262,19.0176,5.51196,1.96083,1.79587,1.55965,2.52625,9.30307,3.66355,12.4422
111,1.725,1000060120,5.62536,1.72122,1.64388,1.33615,9.62267,12.5377,4.35,13.9427,4.93269,3.3535,2.33334,2.66136,4.22975,9.64128,2.94611,4.51633
111,1.775,1000060120,5.71498,1.9246,1.80016,1.52564,7.64704,2.42899,2.02541,2.00055,5.53808,1.86032,1.71912,1.46314,2.00031,11.0564,3.64415,2.85823
111,1.825,1000060120,5.58487,1.81435,1.70695,1.42388,8.62352,3.02688,2.27846,2.4916,5.1622,2.49064,2.02076,1.99772,2.03536,17.19,3.66777,4.39256
111,1.875,1000060120,5.75508,1.90556,1.79198,1.50669,8.06345,1.86002,1.69175,1.42982,4.62372,1.8068,1.52549,1.42876,2.10774,11.2763,3.66072,11.5435
111,1.925,1000060120,5.78067,1.88179,1.77828,1.4833,8.35923,3.2391,2.29238,2.74294,5.39571,2.59107,2.09005,2.11622,3.90962,4.18887,2.22697,2.94507
111,1.975,1000060120,5.90334,1.8981,1.80355,1.4972,9.53054,6.75685,3.07648,5.17419,5.7721,2.87413,2.35051,2.51381,2.00006,17.9277,3.56742,2.82904
111,2.025,1000060120,5.82536,1.92323,1.81279,1.52283,9.76675,12.8794,3.82066,13.8345,5.24318,1.6384,1.54115,1.27864,2.96779,16.2713,3.05234,5.36448
111,0.075,1000080160,2,11.3389,0.703731,0.493334,2.00007,17.8913,3.86434,2.72941,3.00941,3.15728,1.43453,2.01888,3.70389,3.07166,1.7396,2.13759
111,0.125,1000080160,2,11.7841,1.39958,0.976526,2.00013,17.7328,3.97975,2.82474,3.5141,2.42752,1.42529,1.711,3.38524,9.08966,2.08524,2.90009
111,0.175,1000080160,2.00002,15.8801,1.95124,1.3599,2.00061,9.77986,4.48049,3.30734,3.7501,2.34639,1.49908,1.70978,3.82434,4.16509,2.2149,2.87594
111,0.225,1000080160,2.92092,11.0159,2.00086,3.04261,3.48075,16.5898,4.37177,7.52887,3.98623,2.19841,1.53326,1.65292,4.35683,3.78528,2.28911,2.72594
111,0.275,1000080160,4.41518,1.55623,1.35502,1.23237,4.93135,9.10636,4.28688,6.76759,4.17715,2.04237,1.52994,1.57056,4.8447,3.45654,2.34741,2.59718
111,0.325,1000080160,4.63112,1.333,1.25212,1.03963,5.99444,10.9916,4.07387,5.82048,4.34617,2.01055,1.56523,1.56455,4.59797,4.26025,2.57874,3.09275
111,0.375,1000080160,4.7472,1.38963,1.30592,1.08352,6.90073,4.97509,3.71778,4.58774,4.40772,2.09997,1.62395,1.63114,4.61345,4.50229,2.6857,3.26785
111,0.425,1000080160,4.82589,1.357,1.29161,1.05016,7.48122,5.08,3.95425,5.13963,4.52792,2.05335,1.63623,1.60691,4.48947,4.94455,2.82847,3.57886
111,0.475,1000080160,4.83474,1.47785,1.37784,1.15663,7.55306,4.58606,3.7288,4.46226,4.61799,2.05671,1.66415,1.61365,4.29093,9.80414,3.00833,3.98941
111,0.525,1000080160,4.91409,1.50703,1.4083,1.17832,7.53467,5.93098,4.41409,6.6422,4.70188,2.11141,1.71179,1.65779,4.00588,9.94253,3.45462,5.04233
111,0.575,1000080160,4.99755,1.55548,1.45233,1.21691,8.46796,4.60653,3.93042,4.98417,4.85063,2.06589,1.72687,1.6303,4.61083,9.96997,3.33952,4.49396
111,0.625,1000080160,5.00335,1.62971,1.50279,1.28094,8.1146,5.24633,4.21413,5.93064,4.99342,2.19584,1.8262,1.73336,4.61527,9.39299,3.72784,5.38607
111,0.675,1000080160,5.13795,1.69345,1.56453,1.33042,8.39112,5.89558,4.63273,7.39234,5.11347,2.05558,1.77844,1.62836,4.68529,9.65852,3.68983,5.22233
111,0.725,1000080160,5.15712,1.79211,1.63105,1.41386,8.81689,4.85459,4.11022,5.52835,5.28975,2.16948,1.87912,1.7199,5.22034,10.3486,3.8677,5.51207
111,0.775,1000080160,5.27155,1.82868,1.67261,1.44143,8.59923,4.47967,3.84524,4.76577,5.28643,2.13061,1.85686,1.68886,6.09623,4.91318,3.40259,4.04549
111,0.825,1000080160,5.24806,1.86771,1.69351,1.47496,8.5162,5.50036,4.44171,6.66576,5.25874,2.30282,1.94617,1.82211,6.5438,4.71508,3.45893,4.05675
111,0.875,1000080160,5.30234,1.86464,1.70054,1.47085,8.91175,4.97578,4.18501,5.76993,5.57004,2.13413,1.91222,1.69027,6.5031,5.18849,3.65196,4.56386
111,0.925,1000080160,5.35756,2.06884,1.83522,1.63906,8.55625,4.48323,3.85009,4.77395,5.51069,2.52265,2.12026,1.99806,6.41662,5.66447,3.83902,5.08772
111,0.975,1000080160,5.30358,2.12526,1.85754,1.68458,9.02506,5.28229,4.34839,6.35175,5.5781,2.29881,2.01316,1.82332,6.41971,5.17952,3.63621,4.51672
111,1.025,1000080160,5.52793,2.08749,1.87723,1.65282,9.33122,5.44624,4.40999,6.58954,5.70528,2.6638,2.2404,2.11213,4.83038,10.1203,4.5465,7.73176
111,1.075,1000080160,5.66136,2.01096,1.85066,1.58478,8.87017,4.79418,4.05487,5.39345,5.462,2.67619,2.18988,2.11054,4.17639,11.9513,4.23248,6.94831
111,1.125,1000080160,5.76544,2.16079,1.96345,1.70893,8.83021,5.77066,4.61896,7.33451,5.74603,2.03766,1.88134,1.60451,4.23093,12.7374,4.46588,7.67435
111,1.175,1000080160,5.82152,2.29126,2.05428,1.81669,9.09123,4.89348,4.1269,5.59586,5.1632,3.00818,2.26821,2.32502,2.00182,9.00162,4.99212,3.9352
111,1.225,1000080160,5.86464,2.36245,2.10561,1.87463,9.92553,5.59368,4.35384,6.43503,5.69184,2.53928,2.17095,2.0157,3.14797,17.2636,4.37394,7.77064
111,1.275,1000080160,5.90696,2.39001,2.13042,1.89654,8.87922,4.41233,3.81575,4.69056,5.29169,3.30217,2.43975,2.54553,2.68687,10.2942,4.74567,8.56611
111,1.325,1000080160,6.07309,2.35177,2.13521,1.86337,10.0109,7.26401,5.24397,9.82695,5.67866,3.30183,2.55876,2.58668,4.3351,10.3141,4.00494,6.25806
111,1.375,1000080160,6.13373,2.42888,2.19408,1.92727,10.3027,12.952,5.69166,20.5699,5.39111,2.77577,2.22315,2.18007,2.00011,12.329,5.96567,5.33616
111,1.425,1000080160,6.14135,2.45033,2.20831,1.94581,9.26312,6.04393,4.75452,7.87754,5.94016,2.32915,2.0981,1.84568,2.44097,11.1167,4.64291,8.59272
111,1.475,1000080160,6.25735,2.54363,2.28664,2.02282,10.5643,6.86199,4.75743,7.96765,5.51405,3.06649,2.39445,2.40377,2.00005,11.2528,5.37113,4.42312
111,1.525,1000080160,6.3128,2.50335,2.27221,1.98742,10.1977,5.95081,4.41478,6.78083,4.98079,4.78062,2.94849,3.55481,2.40302,16.3057,5.11687,17.4788
111,1.575,1000080160,6.40239,2.25235,2.11755,1.76647,10.9587,6.92596,4.55559,7.37585,5.30349,2.68454,2.15255,2.10758,2.00045,13.1951,4.63548,3.46493
111,1.625,1000080160,6.41781,2.65354,2.38296,2.11628,12.0058,7.5041,4.34606,6.78549,5.42606,2.93067,2.30416,2.29833,2.00002,9.88806,5.22343,4.26167
111,1.675,1000080160,6.53221,2.78178,2.4823,2.22729,11.369,6.23378,4.00147,5.73044,4.71844,4.53213,2.74071,3.31089,2.00105,16.2951,4.88418,3.81567
111,1.725,1000080160,6.60493,2.52655,2.33285,2.00321,11.5138,6.6076,4.18544,6.10312,5.33973,4.53295,2.97911,3.45149,2.00002,14.9233,5.27804,4.27518
111,1.775,1000080160,6.71992,2.35818,2.23182,1.84802,9.64502,2.85204,2.65476,2.28277,5.27907,4.29776,2.85127,3.25353,2,17.9304,4.99621,3.93377
111,1.825,1000080160,6.72977,2.48075,2.31956,1.96031,11.1162,5.80428,3.97675,5.45298,4.29859,5.04279,2.80613,3.63587,2.00002,17.4079,4.50072,3.32265
111,1.875,1000080160,6.86043,2.39982,2.27875,1.88067,10.9362,4.79924,3.63588,4.36176,3.2219,12.7756,2.96083,4.52612,2.00016,10.2261,4.43353,3.27662
111,1.925,1000080160,7.12683,2.39778,2.30505,1.86903,10.556,4.92707,3.78669,4.77689,5.62604,3.55344,2.65422,2.7658,2.00004,17.9884,4.51403,3.36972
111,1.975,1000080160,6.9687,2.4862,2.35421,1.95669,10.2833,4.74794,3.79238,4.72554,5.23664,3.58562,2.54235,2.73501,2.00005,17.9938,4.49732,3.31253
111,2.025,1000080160,6.99788,2.47604,2.35028,1.94619,11.5129,5.16552,3.55342,4.38515,2.95236,17.4831,3.71412,6.15978,2.00001,17.9986,4.92279,3.79523
111,0.075,1000180400,2,2.62454,1.06529,0.743325,2.00001,13.4883,5.57939,3.89322,5.51877,2.06731,1.86328,1.63597,4.26576,4.96897,2.75936,3.565
111,0.125,1000180400,2.00006,11.8018,2.30179,1.60879,2.00127,11.4738,6.00679,4.19524,5.89335,2.25615,2.04495,1.78611,3.66045,10.9435,3.28191,4.78195
111,0.175,1000180400,2.00004,14.9757,3.10402,2.16326,2.19917,10.1311,6.37502,9.35985,5.67354,5.38384,3.49235,4.08388,4.68519,10.092,3.36131,4.3578
111,0.225,1000180400,2.00003,9.06284,3.89476,2.71389,4.48257,15.6849,6.22736,9.52025,5.08602,9.20294,4.60201,6.27605,5.98054,4.68664,3.28862,3.6167
111,0.275,1000180400,5.6395,3.51417,2.64002,2.72662,6.30463,9.79186,6.04101,8.07457,4.41099,13.9015,5.46258,8.13613,6.74156,4.08744,3.2463,3.24187
111,0.325,1000180400,6.17364,3.0185,2.5409,2.40017,7.82264,11.9026,5.90532,7.05607,4.8055,12.2721,5.59572,8.10536,6.95158,4.4723,3.49939,3.5492
111,0.375,1000180400,6.44519,2.90829,2.5398,2.31891,9.42845,7.44321,5.91658,6.38368,3.45501,13.241,6.76052,10.9167,7.20909,4.55195,3.61267,3.63147
111,0.425,1000180400,6.64192,3.24468,2.77237,2.59145,10.4132,7.16096,6.04853,6.1726,3.2761,9.23978,7.4063,12.0197,7.42318,4.9218,3.86825,3.93476
111,0.475,1000180400,6.783,3.2019,2.78141,2.55842,11.0909,7.14899,6.23601,6.23818,2.00004,17.9463,8.7191,6.01319,7.75963,4.99812,4.00246,4.0235
111,0.525,1000180400,6.95223,3.61281,3.05007,2.88961,12.2772,6.48245,6.07362,5.61893,2.0005,14.5204,9.63446,6.7479,8.44693,4.95397,4.15589,4.03578
111,0.575,1000180400,7.12237,3.67335,3.11942,2.94607,13.0948,6.57824,6.34795,5.78335,2.00111,17.1472,10.7225,7.61131,8.98244,5.11392,4.38548,4.19378
111,0.625,1000180400,7.30957,3.80008,3.23801,3.05026,12.7661,7.14015,6.70787,6.41725,2.00027,17.0722,11.2468,8.05808,9.52443,5.16104,4.53943,4.25724
111,0.675,1000180400,7.39174,4.34292,3.54731,3.48448,13.3114,6.82783,6.61023,6.10379,2.00003,17.3754,11.814,8.57127,10.4207,4.59831,4.3419,3.7489
111,0.725,1000180400,7.4984,4.08028,3.43795,3.28092,12.8501,7.27783,6.85378,6.60056,2.01249,9.77637,12.3483,9.94112,10.879,4.63066,4.43537,3.76823
111,0.775,1000180400,7.81166,4.26318,3.61624,3.44057,13.4688,13.2657,7.12849,6.82525,2.09699,17.9432,13.2452,15.249,11.4008,4.63333,4.50983,3.75315
111,0.825,1000180400,7.96709,4.33325,3.6929,3.50575,13.7672,7.18287,7.05623,6.64021,2.44858,9.04516,13.882,23.57,11.949,4.54281,4.50234,3.64253
111,0.875,1000180400,8.00549,4.47162,3.77462,3.62043,13.6206,13.3511,7.22376,6.93904,2.28138,17.724,14.1049,22.2398,11.9898,4.63712,4.5859,3.73496
111,0.925,1000180400,8.22762,4.65109,3.93354,3.77386,14.6376,6.71988,6.8842,6.15493,4.28364,15.6384,14.1236,48.6086,12.2535,4.73298,4.69717,3.82229
111,0.975,1000180400,8.51039,4.9521,4.17154,4.03797,15.1521,6.53594,6.85086,6.00145,4.12546,12.4482,14.5057,49.3222,11.9105,5.40432,5.18303,4.50706
111,1.025,1000180400,8.74315,4.59777,4.02518,3.74717,15.0605,13.5902,7.39681,6.8192,3.17142,10.6582,16.2093,50.1235,12.4234,5.32042,5.2031,4.41826
111,1.075,1000180400,8.74748,4.76726,4.12685,3.89055,15.3783,13.8639,7.66807,7.18521,5.68562,12.1184,15.193,51.4578,12.1623,5.76681,5.50369,4.87406
111,1.125,1000180400,8.85223,5.00532,4.2931,4.09705,15.3406,13.843,7.64831,7.16958,5.0135,9.50613,16.6509,51.7342,12.6775,5.43528,5.33845,4.53078
111,1.175,1000180400,9.006,5.32673,4.51954,4.37613,15.1414,14.1533,8.04947,7.90977,10.1268,13.931,14.0832,26.5259,12.724,5.77338,5.61803,4.88935
111,1.225,1000180400,9.57162,5.17084,4.56097,4.26363,15.4792,13.5297,7.25625,6.52163,4.14474,14.7801,17.2848,51.8213,12.7027,5.95483,5.75835,5.0823
111,1.275,1000180400,9.85581,5.0316,4.53395,4.14664,15.7498,13.7171,7.42203,6.7204,5.88407,10.1084,18.089,51.6773,13.1064,5.99539,5.87337,5.13075
111,1.325,1000180400,9.60559,5.92857,5.03287,4.93345,17.0512,14.6771,8.0517,7.52153,8.33318,10.8198,15.5707,53.0811,12.3585,6.76667,6.30357,5.9397
111,1.375,1000180400,9.84179,5.20418,4.6421,4.30128,17.4571,14.07,7.17238,6.04907,10.7762,13.1562,15.1606,53.9622,13.0866,5.98599,5.85973,5.12424
111,1.425,1000180400,9.81028,6.30218,5.31902,5.28448,16.2176,14.0081,7.63853,6.96914,12.4721,11.8955,14.7204,28.4978,12.8497,6.60598,6.30467,5.80201
111,1.475,1000180400,10.2916,5.53376,4.95018,4.61595,18.0946,15.7138,8.3549,7.93679,10.816,9.28477,16.7906,54.5512,12.2401,7.20462,6.61048,6.42989
111,1.525,1000180400,10.4383,5.76374,5.13655,4.83154,18.2528,14.9521,7.41466,6.30465,14.0764,12.3039,13.1,22.1982,12.688,7.02876,6.60006,6.27321
111,1.575,1000180400,10.7347,6.04613,5.3912,5.11077,17.3071,14.8946,8.14312,7.64816,12.2547,9.36922,17.659,54.4113,13.0871,6.77904,6.50474,6.0198
111,1.625,1000180400,10.9642,5.95087,5.38133,5.02521,18.3289,15.9995,8.38368,7.95639,10.0658,12.8664,17.9359,53.5719,12.9509,6.94634,6.60523,6.20595
111,1.675,1000180400,11.3662,5.84611,5.40151,4.93572,18.3255,14.619,7.00245,5.70574,10.4485,13.0252,18.154,53.2461,12.3532,7.34199,6.76187,6.60229
111,1.725,1000180400,11.3101,6.48164,5.83296,5.55822,18.3842,16.4624,8.83641,8.85829,8.93248,11.6248,24.5623,74.9282,13.218,6.80623,6.56558,6.06932
111,1.775,1000180400,11.6144,6.19214,5.70289,5.28926,18.6434,16.3029,8.23131,7.63369,11.7427,11.333,20.9955,57.3643,12.8103,13.1803,7.03133,6.88359
111,1.825,1000180400,11.8307,6.25635,5.79263,5.36437,18.7971,16.6694,8.33967,7.83421,2.00591,12.3877,20.2426,23.1607,13.0904,13.3763,7.27649,7.18637
111,1.875,1000180400,12.2636,6.20647,5.86138,5.32949,19.1214,17.2664,8.27447,7.69936,12.1237,10.5572,17.2044,54.7732,12.3387,13.4169,7.3779,7.58563
111,1.925,1000180400,12.2461,6.24006,5.88254,5.36587,19.4617,17.6535,8.35193,7.82031,2.002,9.11429,22.264,28.3452,12.0085,13.4145,7.41346,7.74708
111,1.975,1000180400,12.1455,6.74772,6.23146,5.9005,19.3413,17.6557,8.30027,7.71163,10.938,9.94661,21.0815,57.2519,11.0092,13.485,8.06402,9.28715
111,2.025,1000180400,12.8126,6.69595,6.37001,5.89961,19.9998,11.2449,7.72151,6.67671,2.00294,16.7926,28.0759,68.4377,12.1887,13.3031,7.22671,7.38435
111,0.075,1000260560,2,2.80922,1.57826,1.10311,2.00009,9.37841,6.30969,4.39661,6.20319,2.23118,2.07662,1.75502,4.16048,9.62504,2.94511,3.94213
111,0.125,1000260560,2,12.1708,2.91682,2.03778,2.0001,9.05692,6.48182,4.51252,6.53783,2.56649,2.34879,2.03423,3.38139,14.0072,3.5757,5.47225
111,0.175,1000260560,2.00003,15.5113,4.01923,2.803,2.00868,10.8717,7.34241,5.85934,7.04467,2.68499,2.50386,2.12142,4.46724,9.28056,3.64363,4.96469
111,0.225,1000260560,2.00049,9.02122,5.07239,3.53677,5.14658,13.9158,6.87531,10.0417,7.39582,2.78358,2.62011,2.19524,5.8188,5.74308,3.72592,4.40184
111,0.275,1000260560,6.57737,4.73697,3.50629,3.71121,7.07455,10.1435,6.88694,9.118,7.68218,3.03849,2.83735,2.41069,7.0383,4.51215,3.53872,3.58805
111,0.325,1000260560,7.3933,4.03022,3.37994,3.23996,8.78919,12.3825,6.76678,8.05471,7.9042,3.49399,3.17449,2.80356,7.24895,4.8801,3.7848,3.88958
111,0.375,1000260560,7.79427,3.76473,3.31988,3.0343,10.5456,12.9174,6.76636,7.29133,8.22447,3.74521,3.39177,3.01691,7.55369,5.14562,4.02123,4.12206
111,0.425,1000260560,7.82259,4.40115,3.69539,3.55211,11.8175,13.0391,6.86061,6.94442,8.35984,4.70244,3.99084,3.82263,7.90776,5.11233,4.10561,4.12623
111,0.475,1000260560,8.14497,4.43962,3.79151,3.59875,12.7331,13.1914,7.05563,6.92004,8.51167,5.89296,4.69504,4.82929,8.44576,5.45031,4.44057,4.44269
111,0.525,1000260560,8.39327,4.71518,4.00753,3.83582,13.8221,13.699,7.6537,7.56654,8.1451,12.0704,6.09803,7.21426,9.04257,5.54991,4.65994,4.56723
111,0.575,1000260560,8.55761,5.00752,4.2212,4.08281,14.6453,13.6877,7.55058,7.19376,9.07457,12.3003,5.8579,6.43447,9.67681,5.73196,4.93,4.76311
111,0.625,1000260560,8.83335,5.02691,4.30028,4.11299,15.5809,14.1003,7.89244,7.54319,9.23502,12.5477,6.44503,7.30375,10.223,5.76063,5.07812,4.8193
111,0.675,1000260560,9.08749,5.2764,4.51049,4.33849,15.4796,13.9664,7.76356,7.32161,9.23462,12.4778,7.59735,9.28614,11.1226,5.39305,5.03008,4.49642
111,0.725,1000260560,9.31728,5.13506,4.48015,4.22467,15.4809,14.0116,7.80728,7.40747,9.9611,12.9632,7.76651,9.24638,12.0633,5.12056,4.98884,4.22051
111,0.775,1000260560,9.85733,5.20537,4.64252,4.30495,15.9751,14.3646,8.10924,7.82943,10.3971,13.1985,7.8522,9.23116,12.7968,5.03254,5.0181,4.11235
111,0.825,1000260560,9.78081,5.53273,4.83471,4.59085,15.7094,14.2683,8.05811,7.80864,10.5148,12.827,9.1181,11.6187,13.3567,4.87921,4.94749,3.93371
111,0.875,1000260560,10.1305,5.48286,4.8821,4.56625,16.2592,14.3891,8.03622,7.66472,11.0003,13.4573,8.67519,10.5379,13.8163,4.73736,4.85877,3.76782
111,0.925,1000260560,10.3861,6.04188,5.30661,5.08204,16.5946,15.0091,8.61735,8.69048,10.8988,12.2173,10.1401,13.8905,14.3025,4.91195,5.07579,3.9421
111,0.975,1000260560,11.0035,6.15225,5.53091,5.21941,17.0955,15.1258,8.49723,8.37402,11.4553,13.3707,9.66574,12.5593,14.692,4.89639,5.09911,3.91742
111,1.025,1000260560,11.0937,5.99193,5.4417,5.06801,17.7807,15.6501,8.57845,8.41662,11.3825,12.6709,10.2909,14.1742,14.7295,5.24719,5.4596,4.31142
111,1.075,1000260560,11.2677,6.35847,5.73584,5.43393,18.3261,16.5419,8.96223,9.2018,11.9448,13.2108,10.4644,14.3946,15.1256,5.20804,5.47209,4.26911
111,1.125,1000260560,11.3488,6.70973,5.9946,5.80097,18.9624,17.1822,8.59253,8.35811,12.3172,11.2652,12.0602,19.1545,15.2696,5.24044,5.52607,4.3095
111,1.175,1000260560,11.7154,6.7595,6.13432,5.87908,18.9074,17.0649,8.57231,8.32418,12.4121,12.2933,11.5901,17.5874,15.3277,5.51729,5.82824,4.64627
111,1.225,1000260560,11.9797,7.04662,6.42228,6.20939,18.8019,17.3337,9.3686,10.0938,12.1499,9.92236,13.3326,23.6268,15.4046,5.59992,5.92993,4.75434
111,1.275,1000260560,12.365,6.89604,6.41307,6.07759,19.1638,17.4584,9.5388,10.4453,12.7817,9.87645,13.8219,25.5039,15.6097,5.78176,6.16835,5.0095
111,1.325,1000260560,12.4114,7.0454,6.54337,6.25051,19.9914,11.8311,9.23212,9.76397,13.7628,10.4656,13.508,24.3544,16.207,5.68907,6.2093,4.9651
111,1.375,1000260560,13.3481,6.73017,6.53952,5.98268,19.9998,12.4132,9.90092,11.3257,13.4017,10.5926,17.5204,54.275,16.384,5.63997,6.19929,4.92767
111,1.425,1000260560,12.9891,7.07532,6.72238,6.36565,20,17.9918,9.39747,10.0727,14.0526,11.717,15.968,55.4361,16.1984,5.78008,6.31588,5.09612
111,1.475,1000260560,12.9722,13.2272,7.09662,6.92016,19.9999,17.7818,9.55985,10.5038,9.43265,14.0078,21.1902,58.7078,16.7953,13.2344,6.55206,5.30148
111,1.525,1000260560,13.4309,13.236,7.08969,6.78024,20,12.5643,9.08435,9.38754,15.9771,9.68081,15.1555,55.5942,16.9796,5.61387,6.37578,5.0593
111,1.575,1000260560,14.1533,13.3508,7.19106,6.7447,19.9999,17.7504,9.00586,9.25878,14.7889,9.50825,18.8251,52.0184,17.0589,13.4848,6.73383,5.49936
111,1.625,1000260560,14.1571,13.5627,7.4597,7.13899,20,16.6707,10.095,11.8879,17.0629,11.2173,14.6822,28.8577,16.9265,13.4966,6.80608,5.61336
111,1.675,1000260560,14.5117,13.7514,7.6511,7.38002,20,16.8014,10.9197,14.1261,14.0938,14.5047,21.6479,63.1522,17.5089,13.7413,6.78265,5.50461
111,1.725,1000260560,14.2476,13.7472,7.68392,7.47262,19.9999,17.5554,9.93948,11.5872,16.6435,9.40905,18.6164,52.0406,17.5264,13.6757,6.7001,5.39522
111,1.775,1000260560,14.7421,14.0126,7.95059,7.79932,20,16.1459,10.0866,12.1155,17.3293,11.2276,18.9684,51.2715,17.7024,14.0389,6.97669,5.74151
111,1.825,1000260560,14.8894,14.0402,7.958,7.78286,20,16.9796,10.3896,13.1329,16.3429,15.375,29.588,76.4577,17.6479,14.3086,7.30082,6.21155
111,1.875,1000260560,15.7789,13.9594,7.69209,7.14245,20,16.1237,10.0821,11.8425,14.3724,13.3752,22.3079,67.8155,17.1695,14.5308,7.83097,7.11616
111,1.925,1000260560,15.8937,14.4344,8.21045,8.01264,19.9998,17.4863,13.2931,22.572,15.7294,14.482,24.6459,86.5454,17.5194,14.1967,7.26845,6.17901
111,1.975,1000260560,15.7902,14.573,8.40032,8.4272,20,16.2494,10.1145,11.9737,19.9999,15.5719,20.6317,59.445,17.2599,14.2795,7.51264,6.58759
111,2.025,1000260560,16.1052,14.8738,8.6628,8.88024,20,17.0479,11.4783,16.2165,19.9996,17.4617,36.6592,63.2398,17.8412,14.7503,7.6106,6.66492
211,0.075,1000060120,2.00002,11.6558,0.667973,0.472714,2.00061,17.7631,3.3032,2.46033,3.33882,2.59981,1.40276,1.76941,3.50099,3.52804,1.81692,2.37696
211,0.125,1000060120,2.00002,11.924,1.3069,0.909685,2.00005,17.9971,3.28894,2.44086,3.79634,1.8942,1.34138,1.4361,3.2121,9.61907,2.11879,3.05983
211,0.175,1000060120,2.00009,16.5117,1.8017,1.25479,2.00021,11.6194,3.70278,2.94291,4.0021,1.8076,1.373,1.39719,3.81509,4.06686,2.1636,2.82406
211,0.225,1000060120,3.18533,3.48746,1.65349,2.28024,2.26241,15.5593,4.09852,13.3863,4.1914,1.78864,1.42073,1.39827,4.31676,4.04258,2.36119,2.97601
211,0.275,1000060120,4.30952,1.2828,1.17408,1.01047,3.81704,12.8055,3.67862,7.05321,4.35639,1.74575,1.44336,1.37562,4.69083,3.72251,2.38115,2.87582
211,0.325,1000060120,4.52981,1.05572,1.0324,0.795041,4.07296,11.8365,3.83834,13.8777,4.48085,1.69766,1.44768,1.34254,4.79129,3.83441,2.45468,3.02003
211,0.375,1000060120,4.56321,1.07294,1.04871,0.808634,5.81348,4.86143,3.28111,5.25075,4.55577,1.72949,1.48052,1.36891,3.57972,10.9713,2.99975,4.92001
211,0.425,1000060120,4.59035,1.16077,1.12121,0.887238,4.52307,10.6412,4.11469,14.3324,4.65658,1.74672,1.5121,1.38266,3.91176,9.45412,2.62946,3.78545
211,0.475,1000060120,4.65649,1.17561,1.13817,0.896455,5.26814,9.84414,4.22018,14.5664,4.7367,1.73244,1.51859,1.37162,3.88103,9.15302,2.86692,4.43847
211,0.525,1000060120,4.70199,1.19386,1.15615,0.910135,4.27329,13.8673,4.44309,14.1311,4.85543,1.81817,1.59256,1.43969,3.79478,9.91588,3.00246,4.8697
211,0.575,1000060120,4.74668,1.27359,1.22161,0.979836,6.7257,5.76218,4.02084,14.7916,4.94327,1.8948,1.654,1.50155,3.428,12.1862,3.03809,5.11205
211,0.625,1000060120,4.82124,1.26345,1.22042,0.965932,6.41899,10.0299,5.88911,18.0905,5.003,1.9549,1.6979,1.55186,4.2011,9.6339,2.87332,4.39886
211,0.675,1000060120,4.83687,1.36212,1.29652,1.05426,7.74052,11.3996,5.7763,17.7819,4.9827,2.202,1.8253,1.74606,3.72653,11.0123,3.18055,5.45928
211,0.725,1000060120,4.85711,1.2996,1.25151,0.996555,6.48834,4.71321,3.42589,5.8586,5.31671,1.97286,1.76959,1.56947,4.53295,9.62219,3.29844,5.72747
211,0.775,1000060120,4.96296,1.46975,1.38826,1.1432,6.92022,5.66505,3.9623,14.7562,5.34561,2.05492,1.82406,1.64131,4.67238,9.65654,3.43026,6.21317
211,0.825,1000060120,4.94973,1.40029,1.33636,1.08185,7.90042,5.82053,3.71926,7.09763,5.42563,1.92149,1.75507,1.52359,4.70209,9.79677,3.4018,6.06995
211,0.875,1000060120,5.02749,1.53324,1.44079,1.19613,6.96214,4.48687,3.39779,5.65668,5.38258,1.98673,1.79027,1.58232,5.60939,3.39143,2.43744,2.96511
211,0.925,1000060120,5.16442,1.45504,1.39837,1.11858,7.32206,6.57584,4.32301,14.6648,5.49471,2.2713,1.98125,1.84447,4.84983,10.1537,3.32056,5.82481
211,0.975,1000060120,5.12614,1.50035,1.42854,1.16154,7.03676,9.5476,6.69586,23.5675,5.4776,1.98772,1.80495,1.58405,5.55999,3.66565,2.62182,3.29779
211,1.025,1000060120,5.2376,1.61589,1.52449,1.25902,6.90471,11.448,4.62914,14.3332,5.52886,2.2622,1.97823,1.8373,5.30235,3.76351,2.56425,3.2328
211,1.075,1000060120,5.2379,1.65322,1.55076,1.29212,6.02118,10.5731,4.8263,13.8193,5.35738,2.27721,1.95548,1.83618,5.48347,4.80322,3.05156,4.65055
211,1.125,1000060120,5.39186,1.59111,1.52311,1.22862,6.5434,5.06186,3.61509,6.59009,5.59342,2.127,1.91355,1.71607,4.15165,9.81157,2.67321,3.87845
211,1.175,1000060120,5.45405,1.5724,1.51465,1.20806,6.96764,4.86704,3.50462,6.3056,5.37398,2.35705,1.99733,1.90882,4.29056,4.76457,2.59358,3.60813
211,1.225,1000060120,5.41344,1.64836,1.56783,1.2794,8.28519,12.1151,4.36366,14.482,5.36327,1.9699,1.77739,1.56616,4.47473,4.13881,2.38721,3.12647
211,1.275,1000060120,5.50272,1.68705,1.60582,1.31023,7.54852,11.7085,5.26609,14.7326,5.3152,2.05754,1.81758,1.64238,2.44411,17.1139,4.91319,13.0862
211,1.325,1000060120,5.6,1.65209,1.58914,1.27324,8.27905,6.14055,3.62212,6.77098,4.88713,4.40687,2.72493,3.64027,2.00056,9.46703,3.75414,3.08913
211,1.375,1000060120,5.66194,1.71693,1.64432,1.33056,7.40199,11.6562,4.55052,14.4543,5.49844,3.14268,2.43024,2.69876,3.6626,10.6475,2.98937,4.96101
211,1.425,1000060120,5.72905,1.62255,1.57658,1.23887,10.2807,10.116,11.1882,17.0667,5.13698,2.86921,2.18564,2.31601,3.1968,12.1896,2.6933,4.31354
211,1.475,1000060120,5.82241,1.62097,1.58154,1.22818,8.35179,5.90808,3.49408,6.26735,5.1546,2.8378,2.177,2.28719,3.23894,15.1842,3.20785,5.88994
211,1.525,1000060120,5.83608,1.7581,1.69197,1.36221,7.51186,4.73618,3.387,5.77811,5.1679,3.74402,2.56908,3.141,3.77663,10.8828,3.20407,5.54536
211,1.575,1000060120,5.8787,1.68066,1.6344,1.28598,10.3615,11.9217,9.52639,15.9436,5.44547,3.33401,2.47645,2.86909,2.00039,12.7918,4.5497,4.35232
211,1.625,1000060120,5.98114,1.67528,1.63697,1.27596,8.27334,5.46547,3.31197,5.70105,5.09382,2.52756,2.00531,2.01568,3.46812,14.9815,3.57318,6.83815
211,1.675,1000060120,6.05703,1.69744,1.66004,1.29408,6.37763,11.0741,4.76593,13.901,4.24622,9.51912,3.06139,4.80489,2.00059,14.6618,3.73508,3.08758
211,1.725,1000060120,6.06548,1.7997,1.74349,1.39517,15.1464,9.02976,8.5992,17.4679,5.57909,2.42958,2.08822,2.00558,2.00004,15.2226,3.55265,2.88265
211,1.775,1000060120,6.0583,1.74434,1.6986,1.3401,8.72346,3.42129,2.31112,2.7872,5.1708,2.00966,1.74401,1.59671,3.58529,3.56088,1.85975,2.42143
211,1.825,1000060120,6.08657,1.83955,1.77647,1.43505,8.48294,3.89597,2.59007,3.40645,4.83001,1.69776,1.51754,1.34307,2.45298,16.0879,2.7891,4.99851
211,1.875,1000060120,6.13305,1.69721,1.66399,1.28706,9.7753,11.5238,4.80569,13.1848,4.75837,10.0238,3.4056,5.83995,2.00009,17.5192,3.95895,3.36959
211,1.925,1000060120,6.2476,1.78011,1.73986,1.36983,9.704,6.85624,3.07545,5.08458,4.30658,2.38741,1.71881,1.81686,2,17.939,3.38291,2.56259
211,1.975,1000060120,6.21943,1.79515,1.7505,1.3861,8.88638,7.2536,3.59947,6.96339,5.07145,2.5028,1.97371,1.99296,2.0001,17.9777,3.35426,2.5776
211,2.025,1000060120,6.33869,1.79711,1.75897,1.38505,9.01683,12.2865,3.71073,7.19795,4.68325,1.90382,1.60221,1.50411,2.00001,10.1788,3.89377,3.27506
211,0.075,1000080160,2,4.07747,0.742415,0.518447,2.00001,17.9811,3.70455,2.60363,2.00017,15.727,4.72616,3.68024,4.1126,2.40189,1.66129,1.80406
211,0.125,1000080160,2,11.6904,1.39998,0.976866,2.00006,17.9998,3.85464,2.72278,2.00001,17.3092,2.88897,2.02715,4.02115,3.11012,1.89149,2.22948
211,0.175,1000080160,2.00001,15.3428,1.89116,1.31698,2.00098,14.2998,4.35296,3.17067,3.15761,9.84836,2.10277,3.0625,4.49553,2.98706,2.02943,2.23576
211,0.225,1000080160,3.05255,10.0499,1.9657,2.92951,2.00406,9.26786,4.87822,3.99245,3.77914,3.11715,1.78878,2.18319,5.05852,2.65938,2.07303,2.0776
211,0.275,1000080160,4.44054,1.53493,1.34824,1.21531,3.27408,16.8137,4.80015,8.89691,4.06874,2.55604,1.70337,1.89629,5.32755,2.9226,2.27401,2.2868
211,0.325,1000080160,4.77973,1.27346,1.22456,0.977631,4.67298,10.4907,4.50688,7.54164,4.28893,2.22092,1.64491,1.70084,5.32301,3.29989,2.44672,2.55473
211,0.375,1000080160,4.87348,1.37249,1.30797,1.0613,5.85922,10.8253,4.26852,6.45523,4.3959,2.25913,1.69164,1.73807,5.18459,3.74081,2.59027,2.84145
211,0.425,1000080160,4.91103,1.39312,1.32707,1.07771,6.1897,10.9286,4.68086,7.78624,4.46555,2.2626,1.71757,1.74657,5.21785,3.69609,2.58799,2.81897
211,0.475,1000080160,5.00497,1.48985,1.40748,1.15886,6.7263,11.3611,4.7061,7.81161,4.61586,2.2447,1.75365,1.74716,5.09526,4.659,2.93911,3.48759
211,0.525,1000080160,5.02128,1.52385,1.43348,1.18791,7.1713,11.4501,5.63058,20.5372,4.72412,2.16135,1.74243,1.69476,5.16903,4.7577,3.00899,3.5863
211,0.575,1000080160,5.0396,1.60701,1.49297,1.25977,7.97605,6.52242,4.88967,8.3356,4.79022,2.40956,1.88068,1.8758,5.09043,5.49429,3.30525,4.20533
211,0.625,1000080160,5.18779,1.64859,1.54117,1.28945,9.14994,5.25635,4.34277,6.30403,5.00681,2.23933,1.85194,1.76656,5.29872,5.23478,3.2535,4.02781
211,0.675,1000080160,5.18207,1.788,1.63254,1.40957,7.84456,5.0835,4.0513,5.42465,5.14422,2.26662,1.90121,1.79088,5.20865,10.5076,3.62246,4.8993
211,0.725,1000080160,5.26287,1.889,1.70968,1.492,8.67474,5.2029,4.27713,6.13365,5.37009,2.18159,1.9022,1.72992,5.67963,10.8303,3.79799,5.1677
211,0.775,1000080160,5.36035,1.80139,1.66806,1.41515,8.21861,5.64406,4.46549,6.75025,5.30281,2.2969,1.95138,1.81918,6.47059,5.17726,3.62806,4.53155
211,0.825,1000080160,5.41382,1.93597,1.76381,1.528,9.16432,5.58685,4.53172,6.96226,5.35468,2.16514,1.89054,1.71655,6.68146,4.57683,3.43601,3.96182
211,0.875,1000080160,5.55896,1.86704,1.7398,1.4638,8.75481,5.16874,4.27389,6.09905,5.54603,2.13314,1.90626,1.68895,6.70066,4.56734,3.43797,3.97118
211,0.925,1000080160,5.57901,1.84924,1.73041,1.4478,8.73848,5.71068,4.59454,7.20444,5.61206,2.2572,1.99074,1.7909,6.3824,5.12748,3.57507,4.40656
211,0.975,1000080160,5.68136,2.08174,1.89975,1.64404,8.01929,5.2545,4.20835,5.872,5.54575,2.39916,2.06235,1.90254,6.14058,6.19234,3.9909,5.58916
211,1.025,1000080160,5.7593,2.21388,1.99568,1.75338,7.64515,11.7557,5.957,20.6963,5.72649,2.3069,2.04246,1.83046,5.42154,10.2054,4.25168,6.63155
211,1.075,1000080160,5.88961,2.11203,1.9515,1.6636,8.41342,7.03597,5.29371,10.0472,5.43397,2.30199,1.98143,1.82639,5.13218,9.3212,4.40827,7.15979
211,1.125,1000080160,5.92224,2.15149,1.98219,1.69689,9.82967,6.78319,5.02944,8.98739,5.6438,3.07498,2.43737,2.41675,6.5712,4.0215,3.14804,3.3554
211,1.175,1000080160,6.09562,2.1677,2.01839,1.70418,8.79232,6.17361,4.87582,8.23132,5.57234,2.69837,2.23,2.13456,3.83731,14.4866,4.33271,7.38277
211,1.225,1000080160,6.11852,2.11708,1.98634,1.65911,8.16807,5.04167,4.08949,5.56825,5.59608,2.62227,2.19324,2.07695,2.00052,17.9772,5.11645,4.22056
211,1.275,1000080160,6.14878,2.1267,1.99692,1.66636,9.44042,5.09909,4.21705,5.8848,5.51562,2.85886,2.29604,2.24863,2.00028,11.3839,4.86248,3.74477
211,1.325,1000080160,6.23874,2.33843,2.15327,1.84777,8.60098,5.11804,4.21885,5.94291,5.19759,2.88615,2.2187,2.24412,2.00337,9.00465,5.35272,4.6024
211,1.375,1000080160,6.39139,2.14475,2.03899,1.67081,9.45352,12.4761,5.77351,20.7968,5.7127,2.85846,2.34737,2.26046,2.00004,10.8413,4.85364,3.69181
211,1.425,1000080160,6.53956,2.28197,2.15561,1.78701,9.70384,12.7434,6.10818,20.6949,5.29853,3.55313,2.54731,2.71863,4.06836,12.5141,4.21551,6.94497
211,1.475,1000080160,6.54387,2.44236,2.26761,1.92987,10.0898,6.01418,4.51424,7.02029,5.24538,4.09809,2.76069,3.1089,2.00014,10.137,5.23639,4.263
211,1.525,1000080160,6.72843,2.27496,2.17203,1.77199,9.67933,4.40132,3.69072,4.4561,5.43931,2.88958,2.29066,2.26567,2.00008,12.4325,4.60737,3.49077
211,1.575,1000080160,6.7615,2.34278,2.22568,1.83244,10.3431,12.9757,5.80135,20.7163,4.96901,3.71016,2.50491,2.78092,2.00015,9.37546,4.94225,3.81507
211,1.625,1000080160,6.91982,2.28231,2.19697,1.76925,10.7654,7.42302,4.94411,8.68531,4.7263,4.30121,2.64718,3.14753,2.00015,14.57,4.70535,3.55908
211,1.675,1000080160,6.96856,2.13089,2.08069,1.6263,10.9129,6.03743,4.19252,6.05326,5.23157,3.56358,2.53224,2.7286,2.00002,9.91714,5.21889,4.21103
211,1.725,1000080160,6.90197,2.31124,2.21731,1.79702,10.2656,5.20814,4.02609,5.42531,4.83819,3.95862,2.55281,2.93527,2.00006,16.9115,5.30018,4.27845
211,1.775,1000080160,7.10648,2.30833,2.23427,1.78419,10.8989,4.12425,3.26328,3.57264,5.387,2.40794,2.03439,1.90674,2.00145,9.00189,4.97043,3.88516
211,1.825,1000080160,7.32194,2.33434,2.27279,1.79854,10.7047,5.49771,3.95258,5.41193,4.72701,4.48679,2.71287,3.28345,2.00012,9.77855,4.81581,3.69568
211,1.875,1000080160,7.27787,2.25869,2.20782,1.72867,10.3893,4.15942,3.38673,3.79767,5.19919,4.15312,2.77029,3.13892,2,9.15033,5.1217,4.04752
211,1.925,1000080160,7.47863,2.29783,2.25389,1.7558,10.1786,3.91808,3.32632,3.57313,5.34048,3.04672,2.33323,2.3743,2.00001,17.7703,5.63561,4.8442
211,1.975,1000080160,7.46253,2.38976,2.32832,1.84539,11.104,13.1415,5.15512,9.67251,5.45042,2.02134,1.81308,1.59803,2.00044,9.45994,4.87631,3.76831
211,2.025,1000080160,7.57112,2.28568,2.24916,1.73638,10.6348,5.31567,3.99864,5.31255,3.23733,16.1797,3.85602,6.21208,2.00001,17.9767,4.4439,3.29141
211,0.075,1000180400,2,2.63029,1.21337,0.847881,2.00003,12.2971,5.55087,3.86584,5.22033,2.20225,1.88249,1.74429,4.67437,4.11502,2.55928,3.00654
211,0.125,1000180400,2.00006,11.8894,2.27519,1.58893,2.00037,13.3159,5.78512,4.03234,5.66221,2.29783,2.02809,1.82345,4.39523,9.9652,3.00997,3.92139
211,0.175,1000180400,2,15.32,3.23491,2.25764,2.00209,9.5599,6.3864,4.4791,5.00727,10.26,3.69981,4.77121,5.46909,4.54608,3.0451,3.44388
211,0.225,1000180400,2.00014,9.33494,3.91554,2.73126,3.05994,9.65862,6.6697,10.7165,4.94409,9.37878,4.29722,5.82886,6.34565,4.04247,3.10016,3.17759
211,0.275,1000180400,5.59727,3.70041,2.7135,2.86306,4.38302,16.7747,6.90258,10.6872,4.74872,10.3921,4.82992,6.82714,7.14888,3.70054,3.14509,2.96556
211,0.325,1000180400,6.31199,2.79325,2.44612,2.22499,6.5396,9.30155,6.54667,8.9342,3.5603,16.5017,6.08289,9.66234,7.4011,3.92782,3.33028,3.15555
211,0.375,1000180400,6.54744,2.90741,2.56193,2.3177,8.78722,12.3022,6.00453,6.7917,2.00227,9.13476,7.36249,5.23727,7.64012,4.1195,3.4939,3.31796
211,0.425,1000180400,6.72723,3.07452,2.69446,2.45579,10.2306,7.54061,6.24454,6.58057,2.00059,13.3521,8.05259,5.61442,7.73133,4.58469,3.77035,3.69398
211,0.475,1000180400,6.81392,3.11376,2.73468,2.48858,10.9511,12.8521,6.61533,6.88753,2.00139,9.00098,8.85936,6.19011,8.16632,4.69423,3.94455,3.80588
211,0.525,1000180400,6.85431,3.56431,2.99619,2.85048,11.7692,13.0355,6.85724,6.96822,2,9.04143,9.67426,6.7749,8.5207,4.94349,4.17256,4.02872
211,0.575,1000180400,7.14239,3.52508,3.04436,2.82531,13.0205,6.91719,6.60142,6.17813,2.00009,9.08597,10.6815,7.56767,9.1381,4.99894,4.35428,4.10132
211,0.625,1000180400,7.41971,3.60964,3.15047,2.9003,13.9419,6.66999,6.64038,5.98462,2.00021,11.6174,11.5428,8.3177,9.76293,4.63613,4.25414,3.79284
211,0.675,1000180400,7.4592,3.79788,3.26647,3.05606,13.7634,6.79385,6.70422,6.11745,2.00114,15.0726,12.093,8.85347,10.3857,4.54712,4.29988,3.70165
211,0.725,1000180400,7.48971,4.37665,3.59442,3.51553,13.0252,7.2592,6.89971,6.59248,2.00011,12.5571,12.7521,9.55351,11.0387,4.49501,4.35428,3.63207
211,0.775,1000180400,7.97104,3.85621,3.41182,3.11129,13.5995,7.02406,6.8597,6.3897,2.00149,13.679,13.3198,10.2478,11.6062,4.29642,4.25847,3.41207
211,0.825,1000180400,8.23103,4.12231,3.62854,3.33556,13.8932,7.14787,7.06253,6.61745,2.02448,16.6423,14.1012,12.0213,12.0572,4.29431,4.29825,3.38796
211,0.875,1000180400,8.4093,4.00822,3.59313,3.2415,14.6459,6.72328,6.88935,6.16823,2.01113,9.01101,14.153,11.5126,12.2378,4.2695,4.29127,3.35417
211,0.925,1000180400,8.59122,4.30843,3.81695,3.49809,15.1013,13.4709,7.24558,6.58981,2.01558,9.43081,16.1465,15.0584,12.5978,4.61425,4.63133,3.68678
211,0.975,1000180400,8.59372,4.73008,4.06851,3.85394,14.5915,13.5512,7.40041,6.95354,2.12631,16.9824,15.8728,20.2468,12.7184,4.93845,4.92732,4.01468
211,1.025,1000180400,8.87771,4.5838,4.04571,3.73811,14.6914,13.5705,7.41643,6.94237,2.02498,9.09173,17.4415,17.8034,12.7653,4.6642,4.69239,3.73107
211,1.075,1000180400,9.0467,4.92967,4.29409,4.03951,14.3911,13.9469,7.90803,7.8435,3.99634,12.0855,16.5195,51.63,12.8795,5.08286,5.07169,4.16159
211,1.125,1000180400,9.3701,4.56668,4.13582,3.73008,14.8631,13.7763,7.63634,7.27111,2.77838,17.143,17.8242,48.9398,12.8155,5.48097,5.39673,4.58056
211,1.175,1000180400,9.36176,4.87234,4.32407,4.00085,15.4666,14.0458,7.85754,7.50495,4.95964,10.2603,17.4158,51.4419,13.0625,5.22272,5.21707,4.30522
211,1.225,1000180400,9.6043,5.32141,4.66157,4.39918,16.0435,13.7398,7.38004,6.59412,6.38658,14.1612,16.3912,52.4153,13.017,5.38398,5.34788,4.47583
211,1.275,1000180400,9.95422,5.32549,4.74437,4.41214,16.6062,14.6957,8.27165,8.0034,8.41073,12.1823,16.5692,53.6464,13.0326,6.03594,5.8892,5.17737
211,1.325,1000180400,10.3387,5.02911,4.62941,4.14878,16.0101,14.3461,8.06957,7.75651,6.74628,13.3067,18.6304,50.9939,13.5097,5.75692,5.74733,4.88137
211,1.375,1000180400,10.3798,5.38292,4.87451,4.4749,16.8872,14.7817,8.24213,7.89413,11.2177,13.1092,15.4545,54.4756,12.9988,6.28233,6.08355,5.44691
211,1.425,1000180400,10.6887,5.1549,4.78249,4.26681,16.1431,14.8026,8.57249,8.6782,9.47518,9.90349,15.659,53.7312,13.8425,5.64331,5.70453,4.75802
211,1.475,1000180400,10.9308,5.00785,4.72116,4.13026,17.5305,14.9689,8.07514,7.49063,2.02697,16.2112,22.543,30.0345,13.0797,6.61912,6.37249,5.83176
211,1.525,1000180400,11.1202,5.39546,5.03309,4.49911,18.6784,16.4502,8.3168,7.80811,8.25206,12.1297,18.4375,51.9163,13.1516,6.95729,6.67349,6.24679
211,1.575,1000180400,11.3192,5.77908,5.34418,4.87138,16.6875,14.2877,7.78027,7.13184,2.10164,17.8706,20.3281,56.3297,13.1392,6.60291,6.37854,5.81494
211,1.625,1000180400,11.3356,5.11767,4.86889,4.22824,18.7405,16.0025,7.71711,6.76144,7.20344,10.5135,20.4209,53.7417,13.7687,6.39664,6.35422,5.62931
211,1.675,1000180400,11.4196,5.83048,5.40229,4.92269,18.6481,16.2667,8.18732,7.54432,2.00023,17.1716,27.8514,66.991,13.4875,6.86228,6.68429,6.1661
211,1.725,1000180400,11.7725,5.79721,5.45237,4.89691,19.244,17.4855,8.27818,7.66018,3.34571,13.6213,20.446,54.0005,13.3241,6.80465,6.58973,6.07731
211,1.775,1000180400,12.2657,6.01004,5.70984,5.12894,18.464,16.0226,8.21895,7.63255,10.3314,9.20826,20.0586,52.6768,13.337,6.67558,6.48753,5.9198
211,1.825,1000180400,12.1642,5.95704,5.65121,5.07043,19.4277,17.5361,8.72201,8.52834,2.00004,9.08989,21.2619,25.6029,13.4532,7.06612,6.85606,6.42635
211,1.875,1000180400,12.4742,6.03347,5.77458,5.15641,19.5925,17.7111,7.70565,6.66159,8.85505,12.2361,17.3413,53.5356,13.147,7.31272,6.9812,6.69827
211,1.925,1000180400,12.6325,6.08629,5.84512,5.21783,18.941,16.4797,7.81382,6.87023,2.10514,11.721,31.6804,63.0431,12.9892,13.4351,7.36416,7.35359
211,1.975,1000180400,12.7506,6.14432,5.91991,5.28245,18.2612,15.3932,7.84285,6.99038,2.00171,14.5506,23.5592,31.9825,12.5166,13.4587,7.4238,7.60151
211,2.025,1000180400,13.2239,6.08707,5.97075,5.24073,19.2429,17.1705,7.73311,6.7242,3.66851,16.3591,23.1157,85.6004,11.9552,13.3426,7.29904,7.60965
211,0.075,1000260560,2,2.81144,1.60078,1.11891,2,14.0255,6.24271,4.34926,5.95488,2.25759,2.05603,1.786,4.6433,4.51009,2.70946,3.2798
211,0.125,1000260560,2,12.3498,3.00859,2.10238,2.00016,14.0752,6.6001,4.59689,6.29363,2.56328,2.30545,2.03626,4.31482,9.4692,3.29354,4.45494
211,0.175,1000260560,2,16.039,4.11799,2.87241,2.00129,16.1893,7.26116,5.08371,6.74675,2.71373,2.47767,2.15508,5.26984,5.45091,3.37983,4.09013
211,0.225,1000260560,2.00303,9.23433,5.08244,3.58799,3.16538,9.39361,7.657,12.1446,7.12241,2.81837,2.60537,2.23563,6.46057,4.73818,3.47288,3.71288
211,0.275,1000260560,6.3572,5.36629,3.73838,4.17784,5.77534,12.9942,7.38539,10.704,7.43922,2.9046,2.7105,2.30076,7.41372,4.07323,3.40907,3.27427
211,0.325,1000260560,7.63927,3.75174,3.28043,3.02029,7.49809,10.2259,7.29199,9.74893,7.7022,3.36534,3.05796,2.69436,7.83242,4.14117,3.55164,3.34322
211,0.375,1000260560,7.68663,4.04583,3.45927,3.26206,9.98984,12.9286,7.06495,8.00402,7.91629,3.89331,3.42142,3.14181,8.00804,4.76837,3.94621,3.85669
211,0.425,1000260560,7.88071,4.14208,3.5594,3.34676,11.0599,13.4742,7.91186,9.00341,7.95261,5.65862,4.41424,4.58429,8.36644,4.88246,4.10202,3.97209
211,0.475,1000260560,8.35086,4.09235,3.63452,3.31169,12.622,13.4172,7.36821,7.45637,8.31019,5.90168,4.64037,4.8205,8.77242,5.06444,4.3037,4.14308
211,0.525,1000260560,8.64339,4.41519,3.89153,3.59261,13.4287,13.8434,7.87406,8.09196,8.42559,7.06602,5.34142,5.87585,9.23453,5.23722,4.51978,4.31046
211,0.575,1000260560,8.79849,4.77235,4.13648,3.90061,14.8741,13.8446,7.71409,7.40005,8.65647,12.2688,6.00158,6.83941,9.82474,5.21292,4.64263,4.30825
211,0.625,1000260560,9.04091,4.87387,4.25392,3.99285,15.1667,14.0348,7.89875,7.64587,9.04036,12.5043,6.55399,7.56483,10.6198,5.39969,4.93436,4.49584
211,0.675,1000260560,9.36638,4.82225,4.29758,3.95334,15.5551,13.8684,7.6314,7.10539,8.90373,12.027,7.7867,9.77693,11.5866,4.94305,4.77847,4.05372
211,0.725,1000260560,9.16812,5.38741,4.59715,4.43624,15.7215,14.2666,8.04545,7.79373,9.20817,12.2718,7.92767,9.88266,12.2365,5.02412,4.937,4.11756
211,0.775,1000260560,9.94769,5.08863,4.59019,4.19942,16.0854,14.199,7.87942,7.41659,9.96554,12.7499,8.39057,10.3951,12.9566,4.77962,4.81501,3.84352
211,0.825,1000260560,10.0936,5.19652,4.68869,4.30097,16.2658,14.9764,8.73017,8.96981,10.3334,12.8721,8.78067,11.0045,13.548,4.65584,4.75684,3.69149
211,0.875,1000260560,10.6281,5.52338,5.02066,4.61333,16.863,15.3527,8.89743,9.23743,10.2949,12.4034,9.28561,12.0977,14.1676,4.64566,4.79809,3.66003
211,0.925,1000260560,10.3769,6.08149,5.32757,5.11878,16.7302,15.036,8.57707,8.60417,11.0826,13.2976,9.2376,11.6925,14.5627,4.68264,4.86761,3.68895
211,0.975,1000260560,10.8422,5.96407,5.36468,5.03061,17.2263,15.1053,8.40937,8.17334,10.9651,12.5628,9.93163,13.364,14.6863,4.74302,4.94046,3.7511
211,1.025,1000260560,11.0643,6.04661,5.47186,5.11959,17.9566,15.3556,8.10711,7.51681,10.2617,9.34338,11.3713,17.4841,14.9134,4.7911,5.0113,3.79452
211,1.075,1000260560,11.479,6.0295,5.556,5.12076,18.3254,16.7673,9.30301,9.97515,11.5863,11.333,11.3663,17.1262,15.2245,5.0043,5.2689,4.03816
211,1.125,1000260560,11.8365,6.37361,5.88609,5.48206,18.4762,16.4815,8.68119,8.53917,11.6498,11.073,11.5486,17.6768,15.7161,4.83426,5.13904,3.84198
211,1.175,1000260560,12.0116,6.42466,5.96543,5.54272,18.9039,17.434,9.41905,10.1685,11.3457,10.4283,12.8076,22.0112,15.4331,5.37095,5.69005,4.47167
211,1.225,1000260560,12.1559,6.62054,6.14053,5.76503,19.2797,17.4023,9.35744,10.0082,12.0642,9.64207,12.5897,20.9849,16.0124,5.2036,5.59929,4.29685
211,1.275,1000260560,12.3112,6.69186,6.24203,5.84946,19.3864,16.417,9.73872,10.9812,12.7272,10.5998,14.1854,26.6938,16.5149,5.2158,5.71305,4.35371
211,1.325,1000260560,12.753,7.00476,6.60595,6.24299,19.4724,14.4101,10.2681,12.3869,11.7543,12.6403,15.7956,54.5914,16.4749,5.18462,5.6637,4.31346
211,1.375,1000260560,12.9201,6.68874,6.39301,5.89333,19.9606,13.1972,9.47023,9.94775,13.555,11.5784,17.184,54.9358,16.6742,5.46207,6.0611,4.72782
211,1.425,1000260560,12.9843,6.93886,6.60825,6.19909,19.9998,17.3995,9.25688,9.74874,12.7114,11.6056,18.5776,52.1792,16.802,5.33188,5.93077,4.56669
211,1.475,1000260560,13.2444,7.04752,6.7804,6.36549,19.9998,16.8463,10.0485,11.7868,13.9923,11.7051,17.0146,54.8534,16.904,5.43007,6.09334,4.73726
211,1.525,1000260560,13.6629,7.05128,6.90905,6.43044,20,17.7942,10.0418,11.7916,15.8318,10.4222,19.3181,51.356,17.1597,13.1978,6.35199,5.00765
211,1.575,1000260560,13.8447,6.99523,6.90958,6.39552,20,17.3843,10.705,13.7171,11.4457,9.47733,26.9787,91.8087,17.0645,5.59162,6.38302,5.05687
211,1.625,1000260560,13.9612,13.6778,7.62332,7.45007,20,17.9832,10.7421,14.2237,14.6538,11.673,24.9373,85.5365,17.733,13.6305,6.51407,5.13787
211,1.675,1000260560,14.3246,13.4695,7.32461,6.90503,20,17.595,9.47071,10.3952,12.6676,11.1766,22.8694,70.3178,17.4568,13.7553,6.83008,5.57235
211,1.725,1000260560,14.9374,13.7686,7.61536,7.22464,20,17.3742,10.3253,12.4584,10.2211,9.96371,23.6709,73.7474,17.5392,13.9327,6.97306,5.757
211,1.775,1000260560,15.0077,14.0298,7.92242,7.71571,20,16.9163,10.382,13.0513,15.2815,11.0485,33.0502,63.7859,17.6654,13.7387,6.67935,5.35205
211,1.825,1000260560,15.1,14.2557,8.18423,8.14071,20,16.8757,9.93498,11.5399,2.21329,12.9744,48.0266,72.806,18.3879,14.4418,6.75474,5.37326
211,1.875,1000260560,15.5879,14.0819,7.884,7.48264,20,16.7786,11.5877,16.6002,2.87342,12.818,42.2703,72.3447,17.8107,14.3509,7.22404,6.07151
211,1.925,1000260560,16.1131,14.2813,7.95914,7.5601,20,17.3043,11.618,16.7928,19.9937,12.9624,34.3785,70.5332,18.0793,14.5766,7.22017,6.03882
211,1.975,1000260560,16.5833,14.525,8.08218,7.67369,19.9998,16.7082,9.90102,11.5879,19.9942,11.2477,110.131,85.6927,17.7117,14.3789,7.32839,6.24321
211,2.025,1000260560,16.6218,14.5491,8.09597,7.66858,20,16.2863,11.3592,15.7439,4.61147,9.43711,99.4457,57.6153,17.8244,15.1467,8.03249,7.37493
